layers/2m_dewpoint_temperature.asc
ncols        290
nrows        290
xllcorner    68.000000000000
yllcorner    8.000000000000
cellsize     0.100000000000
NODATA_value -9999
[rows 90 to 107 of 290, columns 80 to 119 of 290]
0.99168556928634643555 0.97613310813903808594 0.38820046186447143555 0.98994541168212890625 0.24939359724521636963 0.94867742061614990234 0.57288593053817749023 0.71322894096374511719 0.54720145463943481445 0.49887382984161376953 1.0067194700241088867 0.37426578998565673828 0.21440444886684417725 0.73466020822525024414 0.98458516597747802734 0.90949326753616333008 0.9711768031120300293 0.44135034084320068359 0.52312695980072021484 0.99370533227920532227 0.43237581849098205566 0.43262439966201782227 0.95464551448822021484 0.80015802383422851562 0.31166559457778930664 0.89100438356399536133 0.95818018913269042969 0.42399752140045166016 0.42236810922622680664 0.1924546658992767334 1.0247635841369628906 1.0834096670150756836 0.7411022186279296875 1.0558199882507324219 0.47994598746299743652 0.40400540828704833984 1.1380102634429931641 1.044510960578918457 1.0662472248077392578 0.99517744779586791992
0.026611637324094772339 0.39462885260581970215 0.98764985799789428711 0.10497986525297164917 0.96154391765594482422 0.84319722652435302734 0.29600438475608825684 0.18632924556732177734 0.51469820737838745117 0.30917969346046447754 0.89130538702011108398 0.88929140567779541016 1.0033925771713256836 0.40946662425994873047 0.26600259542465209961 0.15516605973243713379 0.30710357427597045898 0.29670354723930358887 0.54303753376007080078 0.16669251024723052979 0.96270918846130371094 0.98223328590393066406 0.44857692718505859375 0.43187862634658813477 0.35794231295585632324 0.16370941698551177979 0.16234217584133148193 0.90066832304000854492 0.42971512675285339355 0.47598406672477722168 0.57597970962524414062 1.0449072122573852539 0.89515852928161621094 0.89092665910720825195 0.78177011013031005859 0.64642989635467529297 1.0054998397827148438 1.0180613994598388672 1.1113197803497314453 1.1244562864303588867
0.38120496273040771484 0.95799565315246582031 -0.01797738298773765564 0.4962578117847442627 0.96775871515274047852 0.34541177749633789062 0.6138470768928527832 0.70383691787719726562 0.1553758084774017334 0.19899183511734008789 0.42452579736709594727 0.93820554018020629883 0.90072655677795410156 0.9708582758903503418 0.28306213021278381348 0.53469806909561157227 0.93174213171005249023 1.0390110015869140625 0.73542928695678710938 0.66474986076354980469 0.36160126328468322754 0.97655260562896728516 0.96452701091766357422 0.67365449666976928711 0.54676640033721923828 0.38251394033432006836 0.69128304719924926758 0.99185645580291748047 0.44719222187995910645 1.0386632680892944336 0.3919448554515838623 0.66952556371688842773 0.73242485523223876953 1.0077196359634399414 0.72009629011154174805 1.0834387540817260742 0.68233382701873779297 0.29707252979278564453 0.87406331300735473633 1.1283676624298095703
0.83126491308212280273 0.99100577831268310547 0.24099977314472198486 0.29333204030990600586 0.15396583080291748047 0.47383221983909606934 0.4970366060733795166 0.71415340900421142578 0.23001517355442047119 0.20522212982177734375 0.67863214015960693359 0.84966063499450683594 0.47030144929885864258 0.85686975717544555664 0.73406201601028442383 1.0094442367553710938 0.18943856656551361084 0.41453748941421508789 0.98963856697082519531 0.98873353004455566406 0.95922893285751342773 0.80178749561309814453 0.5296757817268371582 0.53644990921020507812 0.97193813323974609375 1.0104483366012573242 0.74703729152679443359 0.14071477949619293213 1.0019865036010742188 0.46989360451698303223 0.53591388463973999023 0.54503011703491210938 0.25488010048866271973 1.0540040731430053711 0.51079839468002319336 0.73941254615783691406 0.65428578853607177734 0.44720581173896789551 1.0853886604309082031 0.50034594535827636719
0.79456472396850585938 0.21782258152961730957 0.98974341154098510742 0.82741171121597290039 0.20453462004661560059 0.097832880914211273193 0.64780688285827636719 0.13651010394096374512 0.46970325708389282227 0.99285084009170532227 0.67801064252853393555 0.99726331233978271484 0.1546300351619720459 1.0156317949295043945 0.13891249895095825195 0.99075722694396972656 0.97534072399139404297 0.44633963704109191895 0.036990303546190261841 -0.017107315361499786377 0.97908896207809448242 0.90240848064422607422 0.7606379389762878418 0.24453054368495941162 0.32050222158432006836 0.98615831136703491211 0.28556355834007263184 0.29898747801780700684 0.66524708271026611328 0.57322967052459716797 1.0506830215454101562 1.0601663589477539062 0.72999525070190429688 0.9928042292594909668 0.63365274667739868164 0.84913820028305053711 1.1095640659332275391 0.40821978449821472168 1.0471192598342895508 0.65677165985107421875
-0.00040318406536243855953 0.91337752342224121094 0.91984087228775024414 1.0240955352783203125 0.21359653770923614502 0.19222939014434814453 0.22316728532314300537 0.35075649619102478027 0.96036309003829956055 0.5355351567268371582 0.684101104736328125 0.23888675868511199951 1.0157678127288818359 0.43282249569892883301 0.59805572032928466797 0.97675454616546630859 0.0031528286635875701904 0.32268321514129638672 0.96274805068969726562 0.93351531028747558594 1.0115417242050170898 0.57164293527603149414 0.45599192380905151367 0.29952350258827209473 0.60856837034225463867 0.38785865902900695801 0.41341882944107055664 0.84367501735687255859 0.99409377574920654297 0.99504148960113525391 0.23300409317016601562 0.58289748430252075195 0.66860306262969970703 0.37838891148567199707 0.50124710798263549805 0.75946295261383056641 1.0349402427673339844 0.63270109891891479492 1.1269130706787109375 1.1023744344711303711
0.021350447088479995728 0.25514614582061767578 0.98143118619918823242 1.0052337646484375 0.08436819911003112793 0.31234923005104064941 0.33086922764778137207 0.99988323450088500977 0.50185108184814453125 1.0032449960708618164 0.21988898515701293945 0.18163709342479705811 0.66246789693832397461 0.49804261326789855957 0.27325832843780517578 0.60328191518783569336 0.99018818140029907227 0.82268851995468139648 0.52453500032424926758 0.47796890139579772949 0.11189962178468704224 0.25846716761589050293 0.94967371225357055664 0.84680765867233276367 0.97680115699768066406 0.38634768128395080566 0.83591628074645996094 0.17492902278900146484 0.4493401944637298584 0.33329299092292785645 0.95535826683044433594 0.60156899690628051758 0.35801610350608825684 0.91007399559020996094 0.98195749521255493164 0.98668068647384643555 0.51318722963333129883 0.67331850528717041016 1.071786046028137207 0.67123264074325561523
0.16039811074733734131 0.0045161931775510311127 0.92108380794525146484 0.42899653315544128418 0.21489775180816650391 0.21788084506988525391 0.094249680638313293457 0.11917089670896530151 0.96572333574295043945 0.45145905017852783203 0.22131450474262237549 0.02117565646767616272 0.18242947757244110107 0.83238935470581054688 0.0084975296631455421448 0.68123650550842285156 0.19200603663921356201 0.17748484015464782715 0.96135747432708740234 0.72148686647415161133 1.0152589082717895508 0.96806943416595458984 0.10970308631658554077 0.99730795621871948242 0.9638589024543762207 0.97182160615921020508 0.46257957816123962402 0.023125540465116500854 0.99920541048049926758 0.83421498537063598633 0.95908713340759277344 0.26407796144485473633 1.0500887632369995117 1.0209259986877441406 0.32032158970832824707 0.58960944414138793945 0.18408803641796112061 0.94065064191818237305 1.0791739225387573242 0.7084299921989440918
1.0070554018020629883 0.15759758651256561279 0.90007793903350830078 0.76494359970092773438 1.0047054290771484375 0.95127403736114501953 1.0101745128631591797 0.13780742883682250977 0.89398741722106933594 0.88342231512069702148 0.44473737478256225586 0.89979827404022216797 0.77169442176818847656 0.67825341224670410156 0.98149329423904418945 0.98037469387054443359 0.96587872505187988281 0.79862767457962036133 0.12654511630535125732 0.4436226189136505127 0.24280594289302825928 0.45191738009452819824 0.24502772092819213867 0.93550401926040649414 0.10069167613983154297 0.69165593385696411133 0.2887020111083984375 0.99261778593063354492 0.36937749385833740234 0.99606692790985107422 0.53305506706237792969 0.69168120622634887695 0.26772329211235046387 0.55331522226333618164 1.0563035011291503906 1.0175390243530273438 0.44142994284629821777 0.62528222799301147461 1.0733319520950317383 0.87824857234954833984
0.99968707561492919922 -0.11745252460241317749 0.96676820516586303711 0.60303139686584472656 0.083241768181324005127 0.40090578794479370117 0.11307265609502792358 0.95040392875671386719 0.65051418542861938477 0.12251910567283630371 0.62754672765731811523 0.19296351075172424316 0.95602828264236450195 0.95661872625350952148 0.65871572494506835938 0.80986666679382324219 0.21612128615379333496 0.82667177915573120117 0.25058993697166442871 0.97433078289031982422 0.93534672260284423828 1.0033537149429321289 0.80489486455917358398 0.94644200801849365234 0.79058730602264404297 0.71067315340042114258 0.83012682199478149414 0.35889783501625061035 0.80040663480758666992 0.40726038813591003418 0.55378907918930053711 0.17924635112285614014 1.0292693376541137695 0.49431762099266052246 0.89302027225494384766 0.59373837709426879883 0.99550569057464599609 1.0782611370086669922 0.72003412246704101562 0.94309771060943603516
-0.034085284918546676636 0.63437712192535400391 0.94586718082427978516 0.97128558158874511719 0.80193120241165161133 0.64966547489166259766 0.49070918560028076172 0.36649343371391296387 0.98136317729949951172 0.92524188756942749023 0.21508808434009552002 0.36006116867065429688 0.075708307325839996338 0.96676433086395263672 0.60253620147705078125 0.14918823540210723877 0.36568939685821533203 0.22854305803775787354 0.98141562938690185547 1.0202676057815551758 0.82141256332397460938 0.74915033578872680664 0.4263591468334197998 0.70708996057510375977 0.9869778752326965332 0.92341434955596923828 1.0088849067687988281 0.54650419950485229492 0.62895280122756958008 0.9592444300651550293 1.0138256549835205078 0.17418324947357177734 0.75536507368087768555 1.036198735237121582 1.0564899444580078125 0.64417511224746704102 0.94036322832107543945 1.0864218473434448242 0.89283579587936401367 0.5571333765983581543
0.79385197162628173828 0.14821717143058776855 0.23255157470703125 0.97594666481018066406 0.88143360614776611328 0.98500269651412963867 0.95098268985748291016 0.01989386044442653656 0.91719961166381835938 0.92847359180450439453 0.95737999677658081055 0.16232080757617950439 0.48700752854347229004 0.82229620218276977539 0.1578966677188873291 1.0391352176666259766 0.19443951547145843506 0.35537290573120117188 1.0268901586532592773 0.21379850804805755615 0.19319656491279602051 0.7487055659294128418 1.0281331539154052734 0.69031006097793579102 0.33043420314788818359 0.59216141700744628906 0.1807165294885635376 0.34497675299644470215 0.99469196796417236328 0.93435233831405639648 0.83325362205505371094 0.7864933013916015625 0.57593113183975219727 0.038538169115781784058 0.73384839296340942383 0.60458314418792724609 1.1038620471954345703 0.50703847408294677734 1.102991938591003418 0.77312570810317993164
0.97092241048812866211 0.44144937396049499512 0.93573707342147827148 0.79422485828399658203 0.97122341394424438477 0.36818113923072814941 0.61374992132186889648 0.97482800483703613281 0.92163735628128051758 0.63786321878433227539 0.11687920242547988892 0.80392575263977050781 0.49719002842903137207 0.35340940952301025391 0.15710040926933288574 0.79882961511611938477 0.61098825931549072266 0.64057058095932006836 0.32686653733253479004 0.77915990352630615234 1.0386536121368408203 0.53206068277359008789 0.31427580118179321289 0.068685613572597503662 0.31123057007789611816 0.94917654991149902344 1.0031440258026123047 1.0358045101165771484 0.38951140642166137695 0.3557904362678527832 0.49253478646278381348 0.67431479692459106445 0.57493674755096435547 0.58749061822891235352 0.59258669614791870117 1.0066922903060913086 0.85721737146377563477 0.800662994384765625 1.1158138513565063477 0.79034644365310668945
0.54033410549163818359 -0.07291593402624130249 0.066092893481254577637 0.47264751791954040527 0.78354132175445556641 0.10499734431505203247 0.30621603131294250488 0.98985219001770019531 0.49530810117721557617 0.15648281574249267578 0.48312717676162719727 0.22391304373741149902 0.97008144855499267578 1.0290672779083251953 0.92792201042175292969 0.13875518739223480225 0.4973589777946472168 1.0259909629821777344 1.0379525423049926758 0.1692813485860824585 0.47205322980880737305 0.52636837959289550781 1.0091685056686401367 0.75802773237228393555 0.44977715611457824707 1.0396926403045654297 1.0202112197875976562 0.26106184720993041992 0.3291912376880645752 0.7631956934928894043 0.47620159387588500977 0.80433744192123413086 0.45314869284629821777 1.0329515933990478516 0.39842376112937927246 0.96386861801147460938 1.1101622581481933594 1.0980045795440673828 0.73360371589660644531 1.1510612964630126953
0.13318908214569091797 0.62826532125473022461 0.78739446401596069336 0.097706645727157592773 0.95081567764282226562 0.98319071531295776367 0.61558526754379272461 0.076778411865234375 0.20576593279838562012 0.38061845302581787109 0.98550182580947875977 0.035644415766000747681 0.11856884509325027466 1.0114485025405883789 0.5308837890625 0.25206595659255981445 0.15009908378124237061 0.91707533597946166992 0.026520356535911560059 0.82281863689422607422 0.92938053607940673828 0.94482618570327758789 0.10924669355154037476 0.033729489892721176147 0.27965953946113586426 1.0281040668487548828 1.0574668645858764648 0.20582419633865356445 0.65145027637481689453 0.42829155921936035156 0.42732244729995727539 0.88182789087295532227 0.39676129817962646484 0.65480625629425048828 0.66298258304595947266 0.18303735554218292236 1.0658898353576660156 0.43347504734992980957 0.2315746992826461792 0.48877096176147460938
0.96648466587066650391 0.93663823604583740234 0.94011849164962768555 0.97265279293060302734 0.37858310341835021973 0.96175366640090942383 0.58943080902099609375 0.39192932844161987305 0.35198196768760681152 0.45387890934944152832 0.97196918725967407227 0.075086824595928192139 0.52228021621704101562 0.91322213411331176758 0.59898793697357177734 1.0443439483642578125 0.11551583558320999146 0.97433859109878540039 0.81623095273971557617 -0.051078792661428451538 0.093482539057731628418 0.55409979820251464844 0.61049109697341918945 0.13785599172115325928 0.4992409050464630127 -0.092469155788421630859 0.344638824462890625 1.004596710205078125 1.0415434837341308594 1.0856217145919799805 0.56726151704788208008 0.31928646564483642578 0.46091324090957641602 0.24738156795501708984 0.56012815237045288086 0.53554099798202514648 1.0848138332366943359 0.62092608213424682617 0.46104919910430908203 0.88580530881881713867
0.15474267303943634033 0.96315973997116088867 -0.013287175446748733521 0.61670392751693725586 0.99606502056121826172 0.14094200730323791504 -0.06677497178316116333 0.35732665657997131348 0.34006708860397338867 0.94582056999206542969 0.91884648799896240234 0.99804788827896118164 0.79348492622375488281 0.46804857254028320312 0.23513458669185638428 1.0712034702301025391 0.8561045527458190918 0.91434079408645629883 0.35928237438201904297 0.93721115589141845703 0.71887665987014770508 0.21123492717742919922 0.86146867275238037109 0.46914392709732055664 1.0178962945938110352 1.0506830215454101562 0.66557526588439941406 0.58419680595397949219 0.9923070073127746582 0.43589881062507629395 0.45382842421531677246 0.54050695896148681641 0.44600945711135864258 0.85820978879928588867 1.0947418212890625 1.1098127365112304688 1.0380146503448486328 1.0616637468338012695 0.67255330085754394531 0.54960381984710693359
0.26857978105545043945 0.41880431771278381348 0.15618373453617095947 0.89569652080535888672 0.61471515893936157227 0.21920342743396759033 0.26519855856895446777 0.80727589130401611328 0.41728559136390686035 0.2433652728796005249 0.83044725656509399414 0.45114442706108093262 0.013345048762857913971 0.5055624842643737793 0.3480841219425201416 1.0675988197326660156 0.53733742237091064453 0.63112407922744750977 1.0375970602035522461 0.93870270252227783203 0.70286971330642700195 0.40617668628692626953 0.48519551753997802734 0.85248637199401855469 1.0018777847290039062 -0.032558783888816833496 0.82372367382049560547 0.42632806301116943359 0.89277166128158569336 1.1049476861953735352 1.1165071725845336914 0.39228668808937072754 0.36138373613357543945 1.0431437492370605469 0.019645269960165023804 0.54922902584075927734 0.71644705533981323242 0.46763685345649719238 0.63520252704620361328 1.0677523612976074219
