layers/2m_dewpoint_temperature.asc
ncols        290
nrows        290
xllcorner    68.000000000000
yllcorner    8.000000000000
cellsize     0.100000000000
NODATA_value -9999
[rows 198 to 215 of 290, columns 0 to 39 of 290]
0.038668289780616760254 0.98341214656829833984 0.89742690324783325195 0.13278123736381530762 0.10151707381010055542 0.61760115623474121094 -0.0063285771757364273071 0.2849731743335723877 0.89249199628829956055 0.33121880888938903809 0.066193886101245880127 0.80262649059295654297 0.17978431284427642822 0.34205579757690429688 0.08629477769136428833 0.66640454530715942383 0.23538707196712493896 0.98213034868240356445 0.13667517900466918945 -0.11928976327180862427 0.63446068763732910156 -0.009824384935200214386 0.19251292943954467773 1.1912883520126342773 -0.078872404992580413818 -0.42723539471626281738 -0.065465986728668212891 0.13332115113735198975 0.0058834422379732131958 0.26756015419960021973 0.1315266340970993042 0.4577573239803314209 0.73917174339294433594 -0.37281149625778198242 0.13625763356685638428 1.0018777847290039062 0.20443946123123168945 0.63905960321426391602 -0.15742902457714080811 0.33671498298645019531
-0.047967523336410522461 0.1180580630898475647 0.22890429198741912842 0.28423321247100830078 0.85753780603408813477 0.25664159655570983887 0.091845341026782989502 -0.031141040846705436707 0.067967034876346588135 0.0072040804661810398102 0.029577245935797691345 0.29925549030303955078 0.45779809355735778809 0.98636412620544433594 0.57340443134307861328 0.49887967109680175781 0.091928847134113311768 1.1433724164962768555 0.39167296886444091797 -0.067334301769733428955 0.75433576107025146484 0.70387959480285644531 0.73405039310455322266 0.64601433277130126953 -0.13199508190155029297 -0.19886015355587005615 0.62408196926116943359 0.89944285154342651367 -0.23540300130844116211 -0.039410565048456192017 0.90143156051635742188 0.043828487396240234375 0.90961951017379760742 0.82023948431015014648 0.9660962224006652832 0.034648109227418899536 0.034014981240034103394 -0.077817834913730621338 -0.2739403843879699707 -0.085846543312072753906
0.42979279160499572754 -0.30533659458160400391 0.40919861197471618652 0.56065446138381958008 0.082398891448974609375 0.35272383689880371094 0.39167684316635131836 1.1848249435424804688 0.23111052811145782471 0.27986541390419006348 0.89081209897994995117 -0.40551868081092834473 0.31541192531585693359 1.0052492618560791016 0.61574256420135498047 1.145609736442565918 0.75952124595642089844 0.06587149202823638916 0.44487139582633972168 0.25426054000854492188 0.062284409999847412109 0.92208015918731689453 0.046104647219181060791 -0.21845415234565734863 0.026838865131139755249 0.38824319839477539062 0.20506094396114349365 0.20220214128494262695 1.1151573657989501953 -0.16244356334209442139 -0.30697575211524963379 0.016821434721350669861 -0.10352949798107147217 -0.085910633206367492676 0.80454331636428833008 -0.009226213209331035614 -0.23409789800643920898 0.040105454623699188232 0.11648689210414886475 0.064877130091190338135
0.28684341907501220703 -0.024495122954249382019 0.87194639444351196289 0.072804845869541168213 -0.14726398885250091553 0.38334906101226806641 -0.0068451799452304840088 0.24916249513626098633 0.069209985435009002686 0.91840565204620361328 0.28396520018577575684 0.73826670646667480469 0.30165982246398925781 1.0317085981369018555 1.0183157920837402344 0.87515085935592651367 1.1614574193954467773 0.28920504450798034668 1.1614574193954467773 0.94181203842163085938 0.63572305440902709961 -0.045559301972389221191 0.74355900287628173828 0.068001993000507354736 0.41216227412223815918 0.78565043210983276367 0.10784059762954711914 -0.01351051870733499527 0.90439909696578979492 0.083366066217422485352 -0.15026260912418365479 0.030299713835120201111 -0.30064445734024047852 0.052037809044122695923 0.62712138891220092773 0.26905170083045959473 0.77084183692932128906 -0.18341451883316040039 0.079512909054756164551 -0.14711056649684906006
1.1423314809799194336 0.22725348174571990967 1.0134216547012329102 0.37059324979782104492 0.43956357240676879883 0.99886357784271240234 0.063051544129848480225 1.0324854850769042969 0.88503432273864746094 1.0290051698684692383 0.26404881477355957031 0.44735729694366455078 0.3033688664436340332 0.086708441376686096191 1.1610845327377319336 0.30447393655776977539 1.1550562381744384766 0.3415139615535736084 1.0107027292251586914 0.26905170083045959473 0.798000335693359375 -0.021884920075535774231 0.13558371365070343018 0.80541342496871948242 -0.071399144828319549561 0.34444460272789001465 0.88740175962448120117 0.16244898736476898193 -0.0085853151977062225342 0.96771210432052612305 -0.066023372113704681396 -0.29244095087051391602 0.79074656963348388672 -0.12846624851226806641 0.93777245283126831055 0.43236804008483886719 0.12942138314247131348 0.38954052329063415527 -0.048484124243259429932 -0.048557925969362258911
0.073577806353569030762 0.22492682933807373047 1.1878080368041992188 0.16078847646713256836 0.30762600898742675781 1.0798108577728271484 0.34887650609016418457 0.65279811620712280273 1.1293270587921142578 0.42355668544769287109 0.84170764684677124023 0.85085308551788330078 -0.005559499841183423996 -0.040801119059324264526 0.62966364622116088867 0.0049628796987235546112 0.57700902223587036133 0.39138552546501159668 0.075628675520420074463 0.58533680438995361328 0.10038287937641143799 0.36455327272415161133 0.40928405523300170898 0.97381806373596191406 -0.043929867446422576904 0.053523529320955276489 0.83701938390731811523 0.40750896930694580078 0.9735539555549621582 0.098891332745552062988 -0.048249129205942153931 0.1854222714900970459 1.1023550033569335938 -0.046433251351118087769 -0.33390706777572631836 -0.087650768458843231201 -0.22645373642444610596 -0.15343408286571502686 0.26340013742446899414 0.13170531392097473145
0.19248574972152709961 0.30799889564514160156 -0.007014144212007522583 0.15989705920219421387 0.096281133592128753662 0.33825314044952392578 0.084498316049575805664 0.085119791328907012939 1.182898402214050293 0.020831901580095291138 -0.059942606836557388306 0.77553588151931762695 0.19234009087085723877 0.21549786627292633057 0.75838315486907958984 0.34700626134872436523 0.81913053989410400391 0.95752763748168945312 0.08580147475004196167 0.48545575141906738281 0.32184615731239318848 0.99444335699081420898 0.818881988525390625 0.06520728766918182373 1.0313357114791870117 0.40709725022315979004 0.16872201859951019287 1.1892995834350585938 0.33102071285247802734 1.0080925226211547852 -0.022271400317549705505 -0.21930675208568572998 0.081579320132732391357 -0.27491530776023864746 -0.083232454955577850342 1.0266125202178955078 0.060503490269184112549 -0.24530196189880371094 0.95243149995803833008 1.0089626312255859375
0.97513872385025024414 0.041797038167715072632 0.061503678560256958008 0.42759820818901062012 0.83591043949127197266 1.1169751882553100586 0.54543799161911010742 0.85057729482650756836 0.069922745227813720703 0.14634886384010314941 0.069145895540714263916 1.0358103513717651367 0.42840418219566345215 0.095714032649993896484 0.1445077359676361084 0.010929057374596595764 0.3699989616870880127 0.60941904783248901367 0.61451512575149536133 0.16561463475227355957 0.85612589120864868164 -0.17237165570259094238 -0.011444108560681343079 0.49104905128479003906 -0.14291365444660186768 0.27118220925331115723 0.070047035813331604004 0.80977147817611694336 0.87537419795989990234 0.64104831218719482422 -0.067361488938331604004 -0.1453548818826675415 0.61966949701309204102 -0.040915701538324356079 0.22934709489345550537 0.079885795712471008301 -0.036489624530076980591 -0.051587626338005065918 0.62190681695938110352 0.43451991677284240723
0.075236372649669647217 0.599925994873046875 0.073030129075050354004 0.74558073282241821289 1.1945199966430664062 0.28957793116569519043 -0.34424105286598205566 0.39652049541473388672 0.1999123990535736084 0.78743523359298706055 1.1508922576904296875 0.57759940624237060547 0.72743362188339233398 0.037279676645994186401 0.2487449347972869873 0.30215698480606079102 0.99631553888320922852 0.52348434925079345703 0.15691396594047546387 0.62565511465072631836 1.1644405126571655273 1.0138256549835205078 0.96423959732055664062 0.034591790288686752319 0.1244942396879196167 0.91468459367752075195 0.051346417516469955444 -0.20701898634433746338 0.98351311683654785156 0.77149629592895507812 0.21532113850116729736 0.04306135326623916626 -0.036903291940689086914 0.042872969061136245728 0.4984232783317565918 -0.017355907708406448364 -0.24159640073776245117 -0.2969913482666015625 0.66736590862274169922 0.092185206711292266846
0.26725718379020690918 0.7212848663330078125 0.80640774965286254883 -0.27889275550842285156 -0.14694936573505401611 1.2186332941055297852 0.044077079743146896362 -0.17081408202648162842 -0.079354047775268554688 0.74495923519134521484 0.73252969980239868164 1.0121942758560180664 0.93894159793853759766 1.0048608779907226562 0.063851691782474517822 0.25615218281745910645 1.1218072175979614258 0.27292621135711669922 0.0020438809879124164581 0.10317757725715637207 0.22469572722911834717 0.32749187946319580078 0.35920858383178710938 0.13918827474117279053 0.34461551904678344727 0.35776752233505249023 0.25587639212608337402 0.99516582489013671875 1.187435150146484375 0.27379629015922546387 0.40660005807876586914 1.0989990234375 0.44194656610488891602 1.1252253055572509766 0.059210039675235748291 0.1656379401683807373 0.10821348428726196289 0.90876501798629760742 -0.22159262001514434814 1.1717739105224609375
-0.083890832960605621338 -0.43432024121284484863 -0.22315990924835205078 0.41223996877670288086 0.054595574736595153809 0.028085703030228614807 1.012209773063659668 -0.093354754149913787842 -0.10029393434524536133 -0.056143827736377716064 0.78440749645233154297 -0.20043133199214935303 0.12147813290357589722 0.26122692227363586426 -0.058779276907444000244 -0.029342642053961753845 0.1416139751672744751 -0.13840988278388977051 -0.02186744101345539093 0.94754517078399658203 0.036036722362041473389 0.1701125800609588623 0.32336878776550292969 0.03319929167628288269 0.039808310568332672119 0.82783120870590209961 0.11801339685916900635 0.3328132927417755127 0.21856446564197540283 0.29322519898414611816 0.23360420763492584229 0.23687084019184112549 0.91485548019409179688 0.046914510428905487061 0.69617331027984619141 0.20491528511047363281 0.77210223674774169922 0.62675434350967407227 0.66985183954238891602 0.51632177829742431641
0.92441070079803466797 1.2186954021453857422 0.022674970328807830811 -0.067017734050750732422 -0.32601431012153625488 0.85352349281311035156 0.82730489969253540039 0.60251092910766601562 1.0876259803771972656 0.12257736921310424805 0.78040671348571777344 0.30103835463523864746 0.2178478240966796875 0.9839947819709777832 1.0985018014907836914 -0.17002557218074798584 1.1429995298385620117 0.41736716032028198242 -0.092915840446949005127 -0.040340837091207504272 -0.084077276289463043213 0.03828957676887512207 0.800983428955078125 0.050085984170436859131 0.069973237812519073486 0.98474830389022827148 0.54581087827682495117 0.39333930611610412598 0.37072530388832092285 0.95001554489135742188 0.10106456279754638672 0.34827056527137756348 0.57046794891357421875 0.19577762484550476074 0.73507773876190185547 0.056250255554914474487 0.14265495538711547852 0.46282041072845458984 0.19586114585399627686 -0.039202757179737091064
0.24258260428905487061 0.12750062346458435059 0.45126095414161682129 -0.56632190942764282227 -0.083162538707256317139 0.91000795364379882812 0.62290120124816894531 -0.00079354917397722601891 -0.38182291388511657715 -0.35808250308036804199 0.22225837409496307373 -0.29811000823974609375 -0.18736866116523742676 -0.16490228474140167236 0.98512893915176391602 0.92279481887817382812 1.1149709224700927734 -0.052834462374448776245 -0.082028344273567199707 0.82380908727645874023 0.74185186624526977539 0.026341682299971580505 1.0248879194259643555 0.60377913713455200195 0.63559871912002563477 1.0017379522323608398 0.057166934013366699219 0.69207543134689331055 0.095368333160877227783 0.95802479982376098633 0.12825028598308563232 0.73973882198333740234 0.084387615323066711426 1.0650197267532348633 0.31804543733596801758 -0.031997509300708770752 0.043080773204565048218 -0.14055204391479492188 0.070388853549957275391 1.1305700540542602539
0.97506105899810791016 0.4767589867115020752 0.85526359081268310547 -0.12347307801246643066 0.58871996402740478516 0.58821696043014526367 -0.14116185903549194336 -0.15098120272159576416 0.25092399120330810547 0.14739371836185455322 -0.082362383604049682617 0.14052250981330871582 -0.2686519920825958252 0.62199813127517700195 0.78927052021026611328 0.10298530757427215576 -0.16606366634368896484 0.15899591147899627686 0.030606567859649658203 0.71934854984283447266 0.25562003254890441895 0.22700490057468414307 0.16491742432117462158 0.12969715893268585205 0.61397135257720947266 1.0080614089965820312 0.10471379011869430542 1.1606495380401611328 1.1428753137588500977 -0.22839778661727905273 0.36783543229103088379 0.7771517634391784668 0.39659041166305541992 -0.12063370645046234131 0.44170379638671875 0.89982545375823974609 0.13611002266407012939 0.76562142372131347656 1.0283681154251098633 0.10397967696189880371
-0.61889886856079101562 -0.12694169580936431885 0.21457536518573760986 -0.065209627151489257812 0.90433698892593383789 0.12327264249324798584 -0.22245103120803833008 -0.26568639278411865234 -0.27704387903213500977 1.085512995719909668 0.53362411260604858398 -0.54636859893798828125 -0.15234068036079406738 -0.0038737435825169086456 0.59496384859085083008 -0.3042004704475402832 0.60562413930892944336 -0.1960013657808303833 -0.14684838056564331055 0.004922095220535993576 0.19394232332706451416 0.14875902235507965088 0.91365718841552734375 0.039843268692493438721 0.21411313116550445557 0.44127070903778076172 1.1730790138244628906 0.95146822929382324219 0.38777515292167663574 0.35913476347923278809 0.30957004427909851074 0.53425139188766479492 0.76481348276138305664 0.85786604881286621094 0.88857477903366088867 1.0987503528594970703 0.48155015707015991211 0.35599437355995178223 0.0092685492709279060364 -0.010158427990972995758
0.30004397034645080566 0.024228662252426147461 -0.2030687183141708374 0.10125294327735900879 -0.32328370213508605957 -0.52793210744857788086 -0.28422582149505615234 0.14639741182327270508 0.6761462092399597168 0.76408517360687255859 -0.28166222572326660156 0.85682505369186401367 -0.24831223487854003906 -0.038509421050548553467 -0.561656951904296875 0.19275180995464324951 -0.24268010258674621582 0.73208689689636230469 -0.051653657108545303345 -0.16051504015922546387 1.1305078268051147461 1.1467283964157104492 0.0094375126063823699951 0.36796945333480834961 -0.09369268268346786499 1.1795424222946166992 0.27961486577987670898 0.38498821854591369629 1.1683558225631713867 0.10031878948211669922 0.21398884057998657227 0.30907288193702697754 1.0932347774505615234 0.76941239833831787109 0.39210411906242370605 0.36428913474082946777 0.39197206497192382812 0.066510446369647979736 0.74492621421813964844 0.94282191991806030273
-0.22558560967445373535 0.26733875274658203125 -0.35286208987236022949 1.0125671625137329102 0.13953591883182525635 -0.74027717113494873047 -0.31868281960487365723 -0.0013451098930090665817 -0.31053757667541503906 -0.75379431247711181641 -0.27205264568328857422 0.42725446820259094238 -0.028760006651282310486 -0.62890076637268066406 -0.3058376610279083252 0.14469805359840393066 0.91648685932159423828 0.72598868608474731445 0.23776033520698547363 0.25129687786102294922 -0.062032319605350494385 0.77276837825775146484 0.45875751972198486328 -0.0015004791785031557083 0.49443027377128601074 0.97647875547409057617 0.22054153680801391602 0.026918491348624229431 0.75186151266098022461 0.097087107598781585693 0.19559313356876373291 0.87564027309417724609 0.18756830692291259766 1.0419318675994873047 0.38376855850219726562 0.10392141342163085938 0.58218282461166381836 0.17009316384792327881 0.55843657255172729492 0.75213533639907836914
0.19008916616439819336 0.11188796907663345337 0.22071826457977294922 -0.52395856380462646484 -0.55900597572326660156 -0.14582099020481109619 0.047646686434745788574 0.98477160930633544922 -0.35692307353019714355 0.16640314459800720215 -0.42989999055862426758 0.95295202732086181641 0.10649277269840240479 -0.47402483224868774414 -0.84627002477645874023 0.76209646463394165039 0.19051449000835418701 0.34678292274475097656 -0.11592213809490203857 0.76942986249923706055 -0.056641008704900741577 0.31258228421211242676 1.0671483278274536133 1.0512229204177856445 0.23375180363655090332 0.42477244138717651367 0.029155807569622993469 1.1861921548843383789 0.5472558140754699707 0.46044519543647766113 0.99737203121185302734 0.3636404871940612793 0.41016966104507446289 0.85014224052429199219 0.22952382266521453857 -0.12436256557703018188 0.3773129582405090332 0.87263971567153930664 0.92974370718002319336 0.11970303952693939209
