layers/2m_dewpoint_temperature.asc
ncols        290
nrows        290
xllcorner    68.000000000000
yllcorner    8.000000000000
cellsize     0.100000000000
NODATA_value -9999
[rows 126 to 143 of 290, columns 80 to 119 of 290]
1.0528854131698608398 0.093752495944499969482 0.47119480371475219727 0.9930527806282043457 0.87208038568496704102 0.89682096242904663086 0.57345104217529296875 0.22529971599578857422 0.62292063236236572266 -0.012213186360895633698 0.41781383752822875977 0.20288382470607757568 0.90532553195953369141 0.24195529520511627197 1.0641807317733764648 1.1103875637054443359 1.0412638187408447266 0.81097948551177978516 1.0166689157485961914 1.1125822067260742188 0.054482933133840560913 0.42983165383338928223 1.1377266645431518555 0.30722784996032714844 0.28112584352493286133 1.1227549314498901367 0.2765910029411315918 0.54496413469314575195 0.1106974482536315918 0.84217762947082519531 1.1062703132629394531 0.72968840599060058594 0.093154326081275939941 0.47184348106384277344 1.0972666740417480469 0.19274987280368804932 0.50581109523773193359 0.52465927600860595703 0.44853422045707702637 0.83499377965927124023
0.42552015185356140137 1.1066877841949462891 0.15359294414520263672 0.81050759553909301758 0.7440153956413269043 1.1004439592361450195 0.35585260391235351562 0.27376911044120788574 0.94057297706604003906 1.0353131294250488281 1.0871676206588745117 0.19801300764083862305 1.026915431022644043 0.48623454570770263672 1.0988222360610961914 0.048143867403268814087 0.71004974842071533203 0.75582343339920043945 0.089505091309547424316 -0.062960654497146606445 0.83011323213577270508 0.1315790712833404541 0.42436265945434570312 1.0771851539611816406 1.1019587516784667969 0.2527262568473815918 0.13847745954990386963 0.46394684910774230957 1.0650197267532348633 1.1111178398132324219 0.4641138613224029541 0.42871299386024475098 0.39731869101524353027 0.59974730014801025391 0.17694687843322753906 0.34841039776802062988 0.95772570371627807617 0.38572621345520019531 1.1181482076644897461 0.81856149435043334961
0.53399890661239624023 0.1118782535195350647 1.044510960578918457 0.48225709795951843262 1.0822346210479736328 0.40493372082710266113 0.97428226470947265625 0.45142018795013427734 0.7129376530647277832 -0.054718315601348876953 0.59035521745681762695 0.30088880658149719238 1.1025511026382446289 0.74587982892990112305 0.28062865138053894043 0.55063700675964355469 1.0490944385528564453 1.0760043859481811523 1.1289075613021850586 0.51496428251266479492 0.56984651088714599609 0.8009116053581237793 0.42025506496429443359 0.27975857257843017578 1.0405335426330566406 0.51587897539138793945 1.1053380966186523438 0.41665050387382507324 0.57819563150405883789 0.25757381319999694824 1.1197252273559570312 0.51021188497543334961 0.57624185085296630859 0.56454062461853027344 0.52793562412261962891 0.83098328113555908203 1.1567342281341552734 1.1121820211410522461 1.1284337043762207031 0.16414445638656616211
0.094352610409259796143 0.32214331626892089844 0.22546285390853881836 0.96394050121307373047 0.2955188453197479248 0.47951096296310424805 1.1073035001754760742 0.82751077413558959961 0.94010102748870849609 0.56990283727645874023 1.0342488288879394531 0.1105731576681137085 0.65262722969055175781 0.41740211844444274902 0.12927378714084625244 0.30412048101425170898 0.37737318873405456543 0.46078896522521972656 0.33069443702697753906 1.0442469120025634766 0.39544066786766052246 1.1076375246047973633 0.79108446836471557617 0.79459774494171142578 1.106243133544921875 0.40322661399841308594 1.0816054344177246094 0.99205648899078369141 0.98938995599746704102 1.1634305715560913086 0.40485605597496032715 1.153387904167175293 0.11392913013696670532 0.48843303322792053223 0.3666235804557800293 1.1195077896118164062 0.22038811445236206055 0.83807587623596191406 0.21956270933151245117 0.40588149428367614746
0.45752620697021484375 0.75256067514419555664 1.0774959325790405273 0.31453797221183776855 1.0898166894912719727 0.51120042800903320312 0.20408794283866882324 1.0608481168746948242 0.20632526278495788574 0.22674854099750518799 0.60390341281890869141 0.11952242255210876465 1.0435011386871337891 0.9532763361930847168 1.0231167078018188477 1.0684378147125244141 0.091445259749889373779 1.097569584846496582 0.74870753288269042969 1.0677697658538818359 0.12828330695629119873 1.1376082897186279297 1.0951613187789916992 0.67039948701858520508 1.099061131477355957 0.10569261759519577026 0.10089559853076934814 0.95812386274337768555 0.91111493110656738281 0.095547012984752655029 1.1154409646987915039 1.1064256429672241211 1.0017515420913696289 1.1075754165649414062 0.19196914136409759521 0.42274099588394165039 0.42290994524955749512 0.23379065096378326416 0.56276166439056396484 0.46852245926856994629
1.1151922941207885742 0.32249289751052856445 0.30175885558128356934 1.0905294418334960938 0.45379734039306640625 1.0791739225387573242 0.97303926944732666016 0.24257677793502807617 1.1062799692153930664 -0.0028871491085737943649 1.1108789443969726562 0.78413170576095581055 1.126326441764831543 0.82616877555847167969 1.0906090736389160156 0.39094662666320800781 0.14394451677799224854 0.40113884210586547852 0.12517592310905456543 0.54369008541107177734 0.075115956366062164307 0.46649879217147827148 1.004703521728515625 0.26076665520668029785 0.4674542844295501709 0.91138881444931030273 1.1113818883895874023 0.52151697874069213867 0.20536974072456359863 -0.084389954805374145508 0.31404080986976623535 0.3636404871940612793 1.1088339090347290039 1.1096650362014770508 1.166598200798034668 0.2300831526517868042 0.51712197065353393555 0.43946066498756408691 0.4588934481143951416 0.18608258664608001709
0.47044903039932250977 0.81073093414306640625 0.45702514052391052246 0.019606428220868110657 1.0476804971694946289 -0.080451346933841705322 0.57426673173904418945 0.31060907244682312012 1.0853731632232666016 1.0713161230087280273 1.0739980936050415039 1.0536000728607177734 1.0295799970626831055 0.20172633230686187744 0.83499377965927124023 0.28843596577644348145 0.24904014170169830322 0.83371776342391967773 0.89371359348297119141 0.89784061908721923828 0.5724022984504699707 1.1238056421279907227 0.89386314153671264648 0.43824487924575805664 0.3498242795467376709 0.12231712788343429565 0.51503223180770874023 0.36940079927444458008 1.0550761222839355469 0.09567130357027053833 1.088620305061340332 1.0739690065383911133 1.1048408746719360352 0.10959238559007644653 1.1147844791412353516 0.54928338527679443359 0.39597475528717041016 1.1197097301483154297 0.51331734657287597656 0.51254630088806152344
0.47020044922828674316 0.52439713478088378906 1.0199666023254394531 1.0110173225402832031 1.0939184427261352539 1.107249140739440918 1.0437030792236328125 1.0314542055130004883 0.42213308811187744141 0.020996982231736183167 0.32210639119148254395 -0.11201848089694976807 0.70657140016555786133 0.32525846362113952637 0.7427724003791809082 0.74475723505020141602 -0.0161867532879114151 1.096078038215637207 0.38096025586128234863 0.49777653813362121582 1.1251786947250366211 0.5445601344108581543 0.3771381676197052002 0.34249085187911987305 -0.1019894033670425415 0.77346754074096679688 1.0874220132827758789 0.30949041247367858887 1.0649110078811645508 0.39259353280067443848 0.56255191564559936523 1.078816533088684082 0.57661473751068115234 0.16716833412647247314 0.10213466733694076538 0.23457914590835571289 0.50312709808349609375 0.4985281527042388916 1.1207506656646728516 1.1479091644287109375
0.94613516330718994141 1.0492963790893554688 0.31593629717826843262 -0.00068867497611790895462 1.1056798696517944336 1.1276335716247558594 0.43022394180297851562 1.0881541967391967773 1.0121787786483764648 0.11537989228963851929 0.5817788243293762207 1.0065388679504394531 -0.0088339056819677352905 0.66981101036071777344 -0.046316724270582199097 0.44213688373565673828 0.098267912864685058594 0.50885629653930664062 0.26859724521636962891 1.0406888723373413086 0.27575781941413879395 0.74836570024490356445 -0.088192611932754516602 1.0798108577728271484 1.0767035484313964844 0.9177958369255065918 0.36442896723747253418 0.082371704280376434326 0.53534871339797973633 1.1522439718246459961 1.1072374582290649414 1.1072025299072265625 0.43070170283317565918 1.0926288366317749023 0.53431940078735351562 0.53755104541778564453 1.0848370790481567383 0.45788159966468811035 0.33225202560424804688 0.23544920980930328369
1.0372864007949829102 1.0357326269149780273 0.83865076303482055664 0.43674752116203308105 0.44768550992012023926 0.95520871877670288086 1.1384782791137695312 0.34828805923461914062 0.75358611345291137695 0.63683974742889404297 0.34701210260391235352 0.49972060322761535645 0.0078216735273599624634 0.27184641361236572266 0.97784602642059326172 1.0017534494400024414 0.97479689121246337891 0.6858412623405456543 1.0016233921051025391 0.10797654837369918823 0.9963932037353515625 1.0367988348007202148 0.34458443522453308105 0.51753950119018554688 0.31615188717842102051 0.032702110707759857178 1.1072801351547241211 1.0370843410491943359 1.0957149267196655273 0.67126959562301635742 1.0793292522430419922 0.39637288451194763184 0.46268057823181152344 1.0958294868469238281 1.07811737060546875 0.52078866958618164062 0.88792413473129272461 0.59499686956405639648 0.52410578727722167969 0.42255064845085144043
0.16490381956100463867 1.0582301616668701172 0.29459246993064880371 -0.098345994949340820312 0.75743347406387329102 0.045731760561466217041 0.85856324434280395508 0.12972824275493621826 -0.016683934256434440613 1.0704829692840576172 0.32240161299705505371 1.0480456352233886719 0.80193120241165161133 0.90225893259048461914 1.0075526237487792969 0.65514028072357177734 0.94244903326034545898 0.97704201936721801758 1.0131459236145019531 -0.21365714073181152344 1.0174146890640258789 0.37824907898902893066 1.0408113002777099609 -0.020078752189874649048 0.61608242988586425781 1.0254316329956054688 0.89212298393249511719 0.33944562077522277832 0.8690312504768371582 0.35819673538208007812 1.1177054643630981445 0.35094293951988220215 0.53690820932388305664 0.51863682270050048828 1.0764782428741455078 0.43405187129974365234 1.0983542203903198242 1.0976473093032836914 1.1424849033355712891 0.31774052977561950684
1.0248568058013916016 1.1085522174835205078 0.4289169013500213623 0.76166141033172607422 0.4202162325382232666 1.0412094593048095703 1.1081191301345825195 0.74053120613098144531 1.0635904073715209961 1.0052337646484375 1.0609335899353027344 0.82907998561859130859 0.37178570032119750977 0.52428638935089111328 0.027605999261140823364 0.75109440088272094727 0.72074687480926513672 1.0199296474456787109 0.18879960477352142334 -0.18233470618724822998 1.0685000419616699219 0.0062563284300267696381 0.21584551036357879639 0.41575908660888671875 0.80834794044494628906 0.37476298213005065918 0.31623345613479614258 0.50846594572067260742 1.076625823974609375 0.44261077046394348145 1.0630776882171630859 0.045939568430185317993 0.34713444113731384277 1.1389755010604858398 0.51751816272735595703 1.0886669158935546875 0.29735219478607177734 0.32146549224853515625 0.76274514198303222656 1.139750361442565918
0.21137087047100067139 0.76066708564758300781 -0.15552574396133422852 0.06400705873966217041 0.10038287937641143799 0.14799965918064117432 -0.038649253547191619873 1.0952467918395996094 0.37775966525077819824 0.38345977663993835449 0.31273958086967468262 0.3388862907886505127 1.0613064765930175781 -0.07332766801118850708 1.0704110860824584961 1.0408443212509155273 0.57817232608795166016 0.20396363735198974609 0.080452889204025268555 0.19571742415428161621 1.0153483152389526367 0.30302706360816955566 0.98844802379608154297 0.34965142607688903809 1.007624506950378418 0.85577243566513061523 0.18815287947654724121 0.52243560552597045898 0.48087236285209655762 0.46906432509422302246 1.0564374923706054688 0.74659448862075805664 0.31452438235282897949 0.83939653635025024414 0.31930977106094360352 0.18350151181221008301 0.019311226904392242432 0.78499400615692138672 0.47691240906715393066 0.32670533657073974609
0.20295374095439910889 0.17710030078887939453 0.49738034605979919434 0.51130145788192749023 1.0858392715454101562 -0.10966075211763381958 0.5581607818603515625 0.083641842007637023926 0.12467873841524124146 -0.034710645675659179688 0.20766726136207580566 1.0277855396270751953 0.12399899959564208984 0.16677407920360565186 0.33116054534912109375 0.35190621018409729004 1.0459598302841186523 1.0421338081359863281 0.051864963024854660034 0.28146183490753173828 0.29532074928283691406 0.29000711441040039062 0.99487447738647460938 0.97756248712539672852 0.23062500357627868652 0.35227134823799133301 0.52112078666687011719 0.47786793112754821777 0.99839746952056884766 0.95613706111907958984 0.33589929342269897461 0.77911329269409179688 0.46409249305725097656 1.0849361419677734375 0.23175725340843200684 -0.044236719608306884766 1.0475251674652099609 1.073429107666015625 0.48880398273468017578 0.45792627334594726562
-0.097514770925045013428 1.0809606313705444336 0.10516630858182907104 0.24654646217823028564 0.78266733884811401367 0.34444850683212280273 1.0833455324172973633 0.41702923178672790527 1.1441007852554321289 -0.18104125559329986572 1.0259754657745361328 1.0257424116134643555 1.0337594747543334961 -0.062548920512199401855 0.7271073460578918457 0.1677684485912322998 0.70819306373596191406 0.29339417815208435059 0.91856682300567626953 0.71156847476959228516 1.0084654092788696289 0.61869454383850097656 0.71112370491027832031 0.29741823673248291016 0.72840076684951782227 0.74368911981582641602 -0.085792161524295806885 0.17015530169010162354 1.0403782129287719727 0.01226911693811416626 -0.067107073962688446045 1.0369756221771240234 1.0479135513305664062 0.38980853557586669922 1.0700206756591796875 0.29571112990379333496 1.0559034347534179688 1.0955653190612792969 0.38961821794509887695 0.33505254983901977539
0.84316420555114746094 0.25231066346168518066 0.5487143397331237793 0.50894176959991455078 0.093422338366508483887 0.80528908967971801758 0.27768442034721374512 0.5077998042106628418 0.49626168608665466309 0.11065666377544403076 0.37635743618011474609 0.24535399675369262695 1.080828547477722168 1.061438441276550293 1.0679873228073120117 1.0657947063446044922 0.20552898943424224854 0.9987004399299621582 0.68534797430038452148 0.11013811826705932617 0.36815783381462097168 0.95299667119979858398 1.0128623247146606445 0.059674207121133804321 0.99680495262145996094 0.34056428074836730957 1.0129711627960205078 1.0103609561920166016 0.39583298563957214355 0.9963932037353515625 1.0137091875076293945 -0.24497956037521362305 1.0620211362838745117 -0.025116598233580589294 1.046581268310546875 1.0504344701766967773 0.65564137697219848633 0.28363698720932006836 1.0526368618011474609 0.37634384632110595703
0.37633609771728515625 1.1736538410186767578 0.38698858022689819336 0.30610918998718261719 1.1180880069732666016 1.0302015542984008789 1.124083399772644043 0.93870270252227783203 0.82364988327026367188 0.3034757077693939209 0.81008809804916381836 1.0487215518951416016 1.1640831232070922852 1.1314226388931274414 -0.1043160557746887207 0.037238892167806625366 0.32342898845672607422 0.70336496829986572266 1.104266047477722168 0.36244025826454162598 1.0833377838134765625 1.0848914384841918945 0.32359793782234191895 0.45269227027893066406 0.89992254972457885742 0.78087866306304931641 0.99034935235977172852 0.39067861437797546387 0.40012893080711364746 0.5966942906379699707 0.99522793292999267578 0.98876458406448364258 -0.14421097934246063232 0.18315777182579040527 0.98034167289733886719 1.0432990789413452148 -0.0045651369728147983551 -0.25014948844909667969 1.0840311050415039062 0.28246784210205078125
1.1347960233688354492 0.22605714201927185059 0.48687350749969482422 1.1013761758804321289 0.29032370448112487793 -0.003011444583535194397 0.29614228010177612305 1.136446833610534668 0.79779642820358276367 0.36888808012008666992 0.4980697929859161377 0.92938053607940673828 0.12690052390098571777 1.118389129638671875 0.79952293634414672852 0.37791502475738525391 -0.0074666570872068405151 0.73291426897048950195 0.0059378216974437236786 0.27990812063217163086 1.070504307746887207 1.0820055007934570312 0.066135622560977935791 0.78734201192855834961 0.42727971076965332031 0.97715854644775390625 0.63053369522094726562 0.21799154579639434814 0.366374969482421875 0.28936818242073059082 0.20999196171760559082 0.17976877093315124512 0.15456983447074890137 0.25351476669311523438 0.20495800673961639404 0.20254784822463989258 1.0864276885986328125 0.21866157650947570801 1.1082589626312255859 -0.14259903132915496826
