layers/2m_dewpoint_temperature.asc
ncols        290
nrows        290
xllcorner    68.000000000000
yllcorner    8.000000000000
cellsize     0.100000000000
NODATA_value -9999
[rows 162 to 179 of 290, columns 240 to 279 of 290]
0.69875824451446533203 1.1717565059661865234 0.57734304666519165039 1.2266018390655517578 1.2076408863067626953 0.50505751371383666992 1.2095732688903808594 1.2237682342529296875 0.45089387893676757812 0.9385725855827331543 0.62438887357711791992 1.0022701025009155273 0.31499826908111572266 1.0215163230895996094 0.3885383903980255127 0.43805843591690063477 0.76748776435852050781 0.5742123723030090332 0.104950733482837677 0.815578460693359375 0.23769429326057434082 0.63264286518096923828 0.4920298159122467041 0.7393620610237121582 1.1571207046508789062 1.2147645950317382812 1.2137236595153808594 0.88114809989929199219 0.48710849881172180176 1.2075846195220947266 1.1587113142013549805 1.1284919977188110352 1.1104691028594970703 0.44306328892707824707 1.2092024087905883789 1.0782202482223510742 0.34213542938232421875 1.040828704833984375 0.53595656156539916992 1.2022864818572998047
1.1730635166168212891 1.1975030899047851562 1.0194888114929199219 0.53289967775344848633 1.2417988777160644531 0.60620093345642089844 0.92650622129440307617 1.1264469623565673828 1.2397634983062744141 1.2351956367492675781 1.162016749382019043 0.67510527372360229492 1.0040102005004882812 1.0617569684982299805 0.4617697298526763916 0.31642571091651916504 0.92486900091171264648 0.14160621166229248047 0.40059894323348999023 0.93024092912673950195 0.38829368352890014648 0.50734144449234008789 0.94576227664947509766 0.6747944951057434082 1.256962895393371582 0.55857443809509277344 0.50040423870086669922 0.92110323905944824219 0.58109325170516967773 0.57500278949737548828 1.1188590526580810547 0.54546517133712768555 0.32780069112777709961 1.0931241512298583984 0.43558806180953979492 1.1977827548980712891 0.63456553220748901367 0.60647475719451904297 1.0601974725723266602 1.1634811162948608398
1.1949064731597900391 1.0251598358154296875 1.2397634983062744141 1.1945024728775024414 1.2546789646148681641 0.55521845817565917969 0.69759881496429443359 1.1323295831680297852 0.83656489849090576172 1.0946272611618041992 0.58544164896011352539 0.83533942699432373047 0.98998034000396728516 1.1674236059188842773 0.98164284229278564453 0.8787263035774230957 0.91912615299224853516 0.65555202960968017578 0.94238495826721191406 0.98400837182998657227 0.88496243953704833984 0.94350552558898925781 0.31269684433937072754 0.84131920337677001953 1.2421697378158569336 1.2433836460113525391 1.1630110740661621094 1.2301771640777587891 1.2330651283264160156 0.60528814792633056641 0.4516105353832244873 0.54353863000869750977 0.45808553695678710938 1.1629955768585205078 0.50900197029113769531 0.52318525314331054688 0.43158730864524841309 0.54102742671966552734 0.49601310491561889648 0.605682373046875
0.93613713979721069336 1.2786777019500732422 1.1820263862609863281 1.2332204580307006836 1.245667576789855957 1.1392900943756103516 0.90119850635528564453 1.2343333959579467773 1.2097908258438110352 1.2281885147094726562 1.2087965011596679688 0.51521670818328857422 0.60315763950347900391 1.1832537651062011719 1.1334909200668334961 0.90544396638870239258 0.28704345226287841797 0.72436118125915527344 0.97182160615921020508 0.74173921346664428711 0.72483503818511962891 0.40358200669288635254 0.93751609325408935547 1.081038355827331543 1.2172504663467407227 0.70197248458862304688 1.1868233680725097656 0.9188601374626159668 1.1357690095901489258 0.57063108682632446289 0.56690222024917602539 1.2136148214340209961 0.92470198869705200195 0.36032724380493164062 0.7257245182991027832 0.31960883736610412598 1.0906498432159423828 0.95192265510559082031 0.65421974658966064453 0.69534599781036376953
1.168944239616394043 0.67621225118637084961 1.1267362833023071289 1.1277306079864501953 0.75728195905685424805 1.2144228219985961914 0.49559167027473449707 0.65604341030120849609 0.94785392284393310547 1.1874487400054931641 1.215943455696105957 1.0889815092086791992 0.52442818880081176758 0.56443578004837036133 0.49319508671760559082 1.0370377302169799805 0.6132819056510925293 0.67897003889083862305 0.85684448480606079102 0.66182309389114379883 0.35636726021766662598 0.19173802435398101807 0.28470516204833984375 0.90967583656311035156 0.41577461361885070801 0.79484832286834716797 0.44034820795059204102 0.43351194262504577637 0.68813681602478027344 0.55012238025665283203 0.5509535670280456543 1.2316687107086181641 0.56240820884704589844 0.37573984265327453613 1.1142077445983886719 0.71850377321243286133 0.68614810705184936523 1.1436288356781005859 1.14630889892578125 1.1149088144302368164
1.0298888683319091797 1.2156968116760253906 0.51233655214309692383 0.94992232322692871094 0.72782397270202636719 1.0444216728210449219 1.0385798215866088867 1.0850973129272460938 1.215929865837097168 1.1873108148574829102 0.4642556309700012207 1.0683485269546508789 0.73292005062103271484 1.0812597274780273438 0.87108021974563598633 0.95566511154174804688 0.5627422332763671875 0.36281314492225646973 0.28137442469596862793 0.29336309432983398438 0.94205868244171142578 0.13366295397281646729 0.72162276506423950195 0.27441388368606567383 1.0368280410766601562 0.66495186090469360352 0.64755052328109741211 0.59566110372543334961 1.1993033885955810547 0.48377001285552978516 1.1915990114212036133 1.0560898780822753906 0.92448252439498901367 1.2312026023864746094 1.1744443178176879883 1.2261221408843994141 0.54090315103530883789 1.2446206808090209961 1.2047781944274902344 1.192168116569519043
1.25797271728515625 1.1059381961822509766 0.50761336088180541992 1.2217873334884643555 0.63516175746917724609 1.095864415168762207 1.257920384407043457 1.0311279296875 0.92734521627426147461 0.52104115486145019531 1.2109891176223754883 1.2259764671325683594 0.92875325679779052734 0.58879959583282470703 0.82434511184692382812 0.43560555577278137207 0.34636148810386657715 0.95084285736083984375 0.16151677072048187256 0.44343811273574829102 0.95581078529357910156 0.60824596881866455078 0.92925816774368286133 0.91482830047607421875 0.95529031753540039062 0.98117482662200927734 0.93316769599914550781 1.1520265340805053711 1.1170217990875244141 1.1908532381057739258 1.1236541271209716797 0.51436024904251098633 1.2212882041931152344 0.74960476160049438477 0.4350287318229675293 0.46421289443969726562 1.2104918956756591797 0.55376964807510375977 1.2107094526290893555 1.1811407804489135742
0.74687027931213378906 1.1886606216430664062 1.1610068082809448242 0.45269423723220825195 1.1146272420883178711 1.1016286611557006836 0.64125221967697143555 1.0577718019485473633 1.035771489143371582 1.2447508573532104492 0.64514619112014770508 1.0268999338150024414 0.94888907670974731445 0.72770160436630249023 1.0311181545257568359 0.77362293004989624023 0.92384552955627441406 0.89656656980514526367 0.20889273285865783691 0.19140981137752532959 0.33113530278205871582 0.93948149681091308594 0.086057834327220916748 0.54525154829025268555 0.23776809871196746826 0.39599999785423278809 0.25949844717979431152 0.97174000740051269531 0.48569077253341674805 1.2657567262649536133 1.2520842552185058594 1.1950327157974243164 1.182168126106262207 0.95640510320663452148 0.81832844018936157227 1.0918092727661132812 1.2341856956481933594 0.64869248867034912109 1.1188396215438842773 1.1506534814834594727
1.1145863533020019531 1.2659995555877685547 1.1499445438385009766 0.64874297380447387695 1.1962134838104248047 0.46386137604713439941 1.1892995834350585938 0.72140526771545410156 1.05883026123046875 0.58535236120223999023 1.1485695838928222656 1.0355869531631469727 0.69298821687698364258 1.1504650115966796875 1.1403738260269165039 0.7579752802848815918 0.63492286205291748047 0.35854437947273254395 0.30893108248710632324 0.84400713443756103516 0.71378052234649658203 0.86850690841674804688 0.89327466487884521484 -0.02515738271176815033 0.56589043140411376953 0.51050323247909545898 0.94413089752197265625 0.38681769371032714844 0.51894557476043701172 1.2254695892333984375 1.2400897741317749023 1.151055455207824707 1.1448795795440673828 0.81695735454559326172 1.1095310449600219727 1.1058138608932495117 0.84447127580642700195 1.0771987438201904297 0.25450718402862548828 0.52582651376724243164
1.1063207387924194336 1.2584388256072998047 0.4461085200309753418 0.68848448991775512695 1.1430072784423828125 0.39761194586753845215 0.9705689549446105957 0.44775348901748657227 0.30043435096740722656 0.4101657867431640625 1.0826852321624755859 1.0127458572387695312 1.0590769052505493164 1.0684049129486083984 0.63599687814712524414 0.8017972111701965332 0.55683821439743041992 0.29036447405815124512 0.14591771364212036133 0.13900765776634216309 0.34079733490943908691 0.81006282567977905273 0.0058756740763783454895 0.36006310582160949707 -0.058200526982545852661 0.72758120298385620117 0.53715682029724121094 0.20037461817264556885 0.74976789951324462891 1.0330739021301269531 1.0388128757476806641 0.52828133106231689453 1.0426193475723266602 1.1111799478530883789 1.1847162246704101562 0.82532978057861328125 0.61674469709396362305 0.51936316490173339844 1.1789053678512573242 1.1205934286117553711
1.1543725728988647461 1.1243085861206054688 1.1044679880142211914 1.0833202600479125977 1.0805877447128295898 1.011992335319519043 0.81251764297485351562 0.17402400076389312744 0.95629048347473144531 0.53597408533096313477 1.0465618371963500977 0.52913779020309448242 0.35953873395919799805 0.86144924163818359375 0.90759193897247314453 0.93875902891159057617 0.97701674699783325195 0.20574262738227844238 0.4324321448802947998 0.77775770425796508789 0.85172897577285766602 0.89869707822799682617 0.11964088678359985352 0.19219830632209777832 0.62657177448272705078 0.21175152063369750977 0.73554384708404541016 0.1485745161771774292 0.25854486227035522461 0.52514290809631347656 0.75311416387557983398 1.2235119342803955078 0.56068748235702514648 0.46203190088272094727 1.0457675457000732422 1.206343531608581543 1.0958702564239501953 1.245774388313293457 0.90103924274444580078 1.283649444580078125
0.8737545013427734375 0.28773486614227294922 0.64068710803985595703 0.81748944520950317383 0.82266324758529663086 0.97886759042739868164 0.95641672611236572266 0.3409798741340637207 0.99987351894378662109 1.1000399589538574219 1.1409020423889160156 1.1725819110870361328 0.43933442234992980957 0.95904052257537841797 0.36664104461669921875 0.58590775728225708008 0.30681806802749633789 0.68660259246826171875 0.89227253198623657227 0.050905555486679077148 0.66990423202514648438 0.90267449617385864258 0.89384955167770385742 0.79514157772064208984 0.84824872016906738281 0.39030960202217102051 0.38198181986808776855 0.54649060964584350586 0.55989509820938110352 0.76264995336532592773 1.1021840572357177734 1.0101007223129272461 1.2365473508834838867 0.48480904102325439453 0.43324393033981323242 1.2062193155288696289 1.1920728683471679688 0.67839908599853515625 1.1695249080657958984 0.89978271722793579102
0.67581218481063842773 0.76345205307006835938 0.059114877134561538696 0.88674920797348022461 0.76637881994247436523 0.94798016548156738281 0.98674482107162475586 0.63338667154312133789 0.80197197198867797852 0.64220386743545532227 1.170111536979675293 1.2785533666610717773 0.92258894443511962891 1.1633373498916625977 0.37138563394546508789 0.43297398090362548828 0.89513909816741943359 0.96353262662887573242 0.78289455175399780273 0.52795118093490600586 0.36075061559677124023 0.33803564310073852539 0.077306665480136871338 0.36556121706962585449 0.28276690840721130371 0.68358260393142700195 -0.00029830983839929103851 0.42776912450790405273 0.17649437487125396729 0.52186655998229980469 1.0458005666732788086 1.1358525753021240234 1.181041717529296875 0.80690497159957885742 1.1191349029541015625 1.1814223527908325195 1.2146713733673095703 1.0982319116592407227 1.2092256546020507812 1.2672482728958129883
0.32366010546684265137 0.62405866384506225586 0.69165593385696411133 0.14570018649101257324 0.79471814632415771484 0.29183658957481384277 0.92247241735458374023 0.77157008647918701172 1.1403583288192749023 0.52020215988159179688 1.1249747276306152344 0.92022734880447387695 0.76424252986907958984 0.52832406759262084961 1.1407622098922729492 1.0640486478805541992 0.47626957297325134277 1.0327495336532592773 0.58839368820190429688 0.5809243321418762207 0.14293462038040161133 0.78575724363327026367 0.6383545994758605957 0.53262388706207275391 0.72594010829925537109 0.54637408256530761719 0.64442372322082519531 -0.0042738197371363639832 -0.094389908015727996826 0.27417305111885070801 0.7871303558349609375 0.96206438541412353516 0.80814594030380249023 0.68198615312576293945 0.95989698171615600586 1.0038082599639892578 1.1949706077575683594 0.74845701456069946289 1.219767451286315918 0.65285634994506835938
0.90094995498657226562 0.26486450433731079102 0.96290338039398193359 0.79312759637832641602 0.91014581918716430664 0.60467636585235595703 0.61891210079193115234 1.1384627819061279297 1.0844506025314331055 0.60060763359069824219 1.0106638669967651367 1.2003618478775024414 0.48971483111381530762 1.211455225944519043 1.1140464544296264648 0.49347865581512451172 1.066136479377746582 0.51906794309616088867 0.45808166265487670898 0.15935908257961273193 0.12147424370050430298 0.2605355381965637207 0.29082086682319641113 0.10589071363210678101 0.76884728670120239258 0.5587647557258605957 0.295627593994140625 0.79669523239135742188 0.53643238544464111328 0.52106446027755737305 0.72957766056060791016 0.56232076883316040039 1.0234624147415161133 1.2003463506698608398 1.0418173074722290039 1.2206375598907470703 1.1847628355026245117 0.87300288677215576172 0.5684967041015625 0.59287995100021362305
0.97799754142761230469 0.98197495937347412109 0.61191463470458984375 0.33608573675155639648 0.86368656158447265625 0.47782906889915466309 0.64227962493896484375 1.0646876096725463867 0.46564424037933349609 0.85243976116180419922 0.73521953821182250977 0.88985270261764526367 1.1753940582275390625 0.94623225927352905273 1.1232036352157592773 0.60296732187271118164 0.61290705204010009766 1.2145470380783081055 0.76891326904296875 0.17591173946857452393 0.40801197290420532227 0.64237672090530395508 0.78003579378128051758 0.89214050769805908203 0.81566774845123291016 0.64871579408645629883 0.86869525909423828125 0.74050402641296386719 0.67239016294479370117 0.033426519483327865601 0.50053626298904418945 -0.084475405514240264893 0.81655144691467285156 0.73006129264831542969 1.0927512645721435547 0.75119149684906005859 0.98031640052795410156 0.46717852354049682617 0.34855800867080688477 0.55919981002807617188
0.96552139520645141602 0.83088815212249755859 0.29689192771911621094 1.0010523796081542969 1.0667541027069091797 0.78373938798904418945 0.75423282384872436523 0.46945467591285705566 1.2635350227355957031 0.89212495088577270508 1.2406957149505615234 0.83250784873962402344 1.0886610746383666992 1.1650755405426025391 1.2081128358840942383 1.1893773078918457031 1.1938130855560302734 1.1448717117309570312 1.1558796167373657227 0.61347419023513793945 1.016529083251953125 0.3908106684684753418 0.50617229938507080078 0.80489486455917358398 0.81862366199493408203 0.80316054821014404297 0.76930558681488037109 0.38033878803253173828 0.51253855228424072266 0.85637450218200683594 0.0069982162676751613617 0.59757602214813232422 0.5740725398063659668 0.53830265998840332031 0.56393468379974365234 0.93452912569046020508 0.44218736886978149414 0.73493015766143798828 0.85131722688674926758 0.45733976364135742188
0.37387543916702270508 0.88544410467147827148 1.0666356086730957031 0.32720252871513366699 1.0589525699615478516 1.119884490966796875 0.59716814756393432617 1.1910998821258544922 1.2464171648025512695 1.2430573701858520508 1.195957183837890625 1.0800012350082397461 0.99520462751388549805 1.2570871114730834961 1.2192373275756835938 0.56942313909530639648 1.1810377836227416992 0.60288578271865844727 0.57810825109481811523 0.50289011001586914062 1.1308963298797607422 0.48099279403686523438 0.41490843892097473145 0.44423824548721313477 0.587566375732421875 0.4815890192985534668 0.062639817595481872559 0.78690117597579956055 0.94978249073028564453 0.24462376534938812256 0.77679437398910522461 0.67027324438095092773 0.08923902362585067749 0.45729121565818786621 0.86104917526245117188 1.0610927343368530273 0.90966999530792236328 0.67869424819946289062 1.2184468507766723633 1.216157078742980957
