layers/2m_temperature.asc
ncols        290
nrows        290
xllcorner    68.000000000000
yllcorner    8.000000000000
cellsize     0.100000000000
NODATA_value -9999
[rows 162 to 179 of 290, columns 120 to 159 of 290]
0.66273695230484008789 0.032096289098262786865 0.89434522390365600586 0.45301845669746398926 0.74069237709045410156 0.69000959396362304688 0.052571330219507217407 0.89657980203628540039 0.47358155250549316406 1.388348698616027832 1.3601250648498535156 0.22957165539264678955 0.4346097111701965332 1.1302660703659057617 0.81057047843933105469 0.054512389004230499268 1.2240787744522094727 0.3371047675609588623 0.52217060327529907227 0.7737216949462890625 0.64362376928329467773 0.68829357624053955078 0.070604391396045684814 0.74842530488967895508 1.3105341196060180664 0.78302001953125 0.66164118051528930664 1.3526582717895507812 1.0974715948104858398 0.55736601352691650391 0.72423446178436279297 1.3474768400192260742 0.63864588737487792969 0.70284175872802734375 0.10862723737955093384 0.1709915846586227417 1.2086441516876220703 0.17984375357627868652 0.73286551237106323242 1.3819619417190551758
0.67230135202407836914 0.48410084843635559082 0.74125593900680541992 0.079323507845401763916 0.62720304727554321289 0.60996830463409423828 0.89654844999313354492 0.56318330764770507812 0.6110210418701171875 1.1362928152084350586 0.37181684374809265137 1.128939509391784668 1.131142735481262207 1.2931741476058959961 0.69814562797546386719 1.244162440299987793 0.98035055398941040039 1.1652560234069824219 0.4444147944450378418 1.3716931343078613281 0.36054617166519165039 0.6374835968017578125 0.18777626752853393555 0.18614828586578369141 0.65888613462448120117 0.99397712945938110352 0.65193587541580200195 0.56827467679977416992 1.1822364330291748047 0.8195870518684387207 1.1942584514617919922 0.49071258306503295898 0.65438961982727050781 0.63603174686431884766 1.2427066564559936523 0.3609218597412109375 0.74804961681365966797 0.72979742288589477539 0.90935319662094116211 1.1627514362335205078
1.0726448297500610352 0.43341219425201416016 1.2011969089508056641 0.5408356785774230957 0.015315518714487552643 0.48648217320442199707 0.7089779973030090332 0.28350648283958435059 1.3860945701599121094 0.49049928784370422363 0.53637635707855224609 0.39590787887573242188 0.60864168405532836914 0.20389959216117858887 0.41682124137878417969 0.47659879922866821289 0.71283859014511108398 0.83574163913726806641 0.71934074163436889648 0.2031482011079788208 0.54702085256576538086 0.54977589845657348633 0.84313023090362548828 0.6359221339225769043 0.39515650272369384766 0.28713813424110412598 1.2368208169937133789 1.1941488981246948242 0.37129831314086914062 0.17934283614158630371 0.77674287557601928711 0.77328729629516601562 0.55528604984283447266 0.77115446329116821289 1.3628801107406616211 0.37857922911643981934 1.3731958866119384766 0.36766079068183898926 0.93664544820785522461 0.73825043439865112305
1.0403356552124023438 0.6515445709228515625 0.6771481633186340332 0.54659235477447509766 0.7603886723518371582 0.065798707306385040283 0.31018039584159851074 1.2023357152938842773 0.61830002069473266602 0.19749721884727478027 0.070228703320026397705 0.64393687248229980469 0.16632287204265594482 1.2492499351501464844 0.67242658138275146484 0.010556793771684169769 1.3741977214813232422 1.1360423564910888672 0.83210998773574829102 0.54188644886016845703 0.37848141789436340332 0.93116271495819091797 0.42295747995376586914 0.93479436635971069336 0.07030697166919708252 0.53845632076263427734 1.1399244070053100586 0.73086184263229370117 0.77574104070663452148 0.38144192099571228027 0.028339399024844169617 0.47733846306800842285 1.1867603063583374023 0.58285999298095703125 0.48072159290313720703 1.2032905817031860352 0.70235645771026611328 0.72801285982131958008 1.1106051206588745117 0.17550377547740936279
0.64687973260879516602 0.58393621444702148438 0.65001046657562255859 0.78511756658554077148 1.1149880886077880859 0.054324544966220855713 0.67015677690505981445 0.055451609194278717041 0.81169760227203369141 1.4023743867874145508 0.84986132383346557617 0.74488759040832519531 1.2697875499725341797 1.1885488033294677734 0.47960433363914489746 0.38181760907173156738 0.048063062131404876709 1.251723170280456543 1.1032165288925170898 -0.016993721947073936462 0.91247612237930297852 0.77234417200088500977 0.80626571178436279297 0.3816121518611907959 0.73774951696395874023 0.69874048233032226562 0.31143268942832946777 0.31681755185127258301 0.78284782171249389648 0.73386734724044799805 0.78261297941207885742 0.1647027134895324707 0.20085102319717407227 0.29708215594291687012 0.12165111303329467773 0.60395729541778564453 1.0458300113677978516 1.2278826236724853516 0.34312164783477783203 0.84807676076889038086
1.0654166936874389648 0.44303727149963378906 0.10312104225158691406 1.0157005786895751953 0.33389967679977416992 0.72858035564422607422 0.86651682853698730469 0.56524962186813354492 0.062793195247650146484 0.22101299464702606201 0.63180917501449584961 0.38332036137580871582 0.71693009138107299805 1.1954363584518432617 1.1696821451187133789 0.78768479824066162109 0.69596582651138305664 1.2368521690368652344 0.3370304107666015625 0.34789797663688659668 0.19671845436096191406 0.54535764455795288086 0.6746807098388671875 0.47157788276672363281 0.71768146753311157227 0.068804219365119934082 0.47846552729606628418 0.37230014801025390625 0.77261030673980712891 0.68541330099105834961 1.0968297719955444336 0.35328286886215209961 0.75820887088775634766 0.34913268685340881348 0.9216530919075012207 0.10095300525426864624 0.39556351304054260254 0.58266824483871459961 0.36776450276374816895 0.1983464360237121582
0.76116740703582763672 0.8297932744026184082 0.1767247617244720459 0.84547823667526245117 0.94927012920379638672 0.95405232906341552734 0.43425947427749633789 0.37262105941772460938 1.2875388860702514648 1.1599612236022949219 0.6607430577278137207 1.1766636371612548828 0.72134441137313842773 0.64979916810989379883 0.84093868732452392578 0.052070412784814834595 1.0129455327987670898 0.70052498579025268555 0.66294044256210327148 0.48084488511085510254 1.1621370315551757812 0.68958306312561035156 0.49738106131553649902 0.81629973649978637695 0.087385162711143493652 0.78926581144332885742 0.74075502157211303711 0.1599283367395401001 0.69714379310607910156 0.72460037469863891602 0.38201326131820678711 0.64080613851547241211 0.58317703008651733398 0.71148258447647094727 0.1477810591459274292 -0.032396964728832244873 0.51603436470031738281 1.1643285751342773438 0.70234084129333496094 0.0441339835524559021
0.21841838955879211426 1.3476803302764892578 0.51266491413116455078 0.74685996770858764648 0.65618586540222167969 0.54839837551116943359 0.79961293935775756836 0.64849209785461425781 0.6580212712287902832 1.1827882528305053711 0.18870376050472259521 0.66677558422088623047 0.49425032734870910645 0.52493155002593994141 1.4083384275436401367 0.65768861770629882812 0.35155704617500305176 0.48084488511085510254 0.58165466785430908203 0.49087497591972351074 0.1310472637414932251 1.2227364778518676758 0.52167558670043945312 0.59993821382522583008 0.16107106208801269531 0.70732849836349487305 0.20498360693454742432 0.19659322500228881836 0.97763073444366455078 0.72106653451919555664 0.56157100200653076172 0.46794623136520385742 0.64268457889556884766 0.64236754179000854492 0.51809281110763549805 0.68862819671630859375 0.12587369978427886963 0.7134647369384765625 0.60552656650543212891 0.82454925775527954102
0.24295948445796966553 0.67322492599487304688 0.87528288364410400391 0.98459273576736450195 0.19099311530590057373 1.1553120613098144531 0.67972123622894287109 1.1901767253875732422 0.028276784345507621765 1.1821268796920776367 1.37152099609375 0.19696891307830810547 1.1886388063430786133 0.75775492191314697266 1.0909048318862915039 0.63249790668487548828 0.77840214967727661133 1.1812345981597900391 0.87053984403610229492 1.2481697797775268555 1.1897501945495605469 0.72496038675308227539 0.76951086521148681641 0.59060078859329223633 0.75911676883697509766 0.6315587162971496582 -0.0030932342633605003357 1.2320778369903564453 0.69440436363220214844 0.69327729940414428711 0.89779293537139892578 0.77055966854095458984 0.38319513201713562012 1.3481500148773193359 0.17746047675609588623 0.72506999969482421875 0.38814952969551086426 0.48911002278327941895 0.76689666509628295898 1.1541223526000976562
0.38937637209892272949 0.19437430799007415771 0.17174297571182250977 0.75622087717056274414 0.98960191011428833008 1.2483576536178588867 1.3376307487487792969 0.64232844114303588867 0.49525803327560424805 1.2308763265609741211 0.3733469843864440918 0.49574720859527587891 0.66671299934387207031 0.94568932056427001953 1.1995180845260620117 0.68166619539260864258 1.1020503044128417969 0.22630394995212554932 0.88905817270278930664 1.4001985788345336914 0.7797953486442565918 0.98911660909652709961 0.87326359748840332031 1.2468705177307128906 0.53694772720336914062 0.014438912272453308105 1.1764445304870605469 0.62168121337890625 0.9330450892448425293 0.48886153101921081543 0.77766644954681396484 0.90060669183731079102 0.92747235298156738281 1.1294834613800048828 1.0280395746231079102 0.72042083740234375 0.23228366672992706299 0.63589864969253540039 0.20764473080635070801 0.32182675600051879883
0.53544497489929199219 0.76922905445098876953 1.250705718994140625 1.2497351169586181641 1.3829168081283569336 0.54221910238265991211 0.74414598941802978516 1.351906895637512207 1.2146708965301513672 0.95468628406524658203 0.063967227935791015625 0.66100329160690307617 0.67676657438278198242 0.62773919105529785156 0.79585599899291992188 0.66263127326965332031 0.44199240207672119141 0.090719401836395263672 0.67889547348022460938 0.56637668609619140625 0.51541411876678466797 0.88741451501846313477 0.18072427809238433838 0.7803745269775390625 0.442195892333984375 1.3865485191345214844 1.4344332218170166016 0.73550516366958618164 1.3010950088500976562 0.85801684856414794922 0.40305185317993164062 0.74079805612564086914 0.09610427170991897583 1.2616319656372070312 1.0139473676681518555 0.53694772720336914062 0.86316305398941040039 0.98698770999908447266 0.9370524287223815918 1.2863022089004516602
0.18811282515525817871 0.025333888828754425049 1.4154765605926513672 0.24418047070503234863 0.77575665712356567383 0.74624943733215332031 0.43981653451919555664 0.9008610844612121582 0.77087271213531494141 0.76622354984283447266 0.16923837363719940186 0.38501879572868347168 0.64689934253692626953 0.80332285165786743164 1.1955107450485229492 0.7640946507453918457 1.3405423164367675781 0.43756240606307983398 0.45269757509231567383 0.82541024684906005859 0.88469076156616210938 0.11656366288661956787 0.74452167749404907227 1.3762797117233276367 0.67384326457977294922 0.24217680096626281738 1.1956986188888549805 0.15956829488277435303 0.55623304843902587891 0.11092832684516906738 0.93767857551574707031 0.32125148177146911621 0.61747038364410400391 0.99328440427780151367 0.93354600667953491211 1.2793519496917724609 0.42902916669845581055 0.4720846712589263916 0.62617379426956176758 1.1967786550521850586
1.2535859346389770508 0.77477830648422241211 0.093724913895130157471 0.93490785360336303711 0.35876947641372680664 1.3006410598754882812 0.77115839719772338867 0.74652534723281860352 0.96242707967758178711 1.2359598875045776367 0.80607789754867553711 0.25911411643028259277 0.23416210711002349854 1.421158909797668457 0.81348210573196411133 0.83868455886840820312 0.11042740941047668457 0.44537359476089477539 0.93999528884887695312 0.015941666439175605774 0.50276595354080200195 0.82202899456024169922 1.01482391357421875 0.13054634630680084229 0.67221528291702270508 0.91611558198928833008 0.75958245992660522461 0.24192634224891662598 0.85724985599517822266 0.55886292457580566406 0.81332558393478393555 0.85775077342987060547 0.50790619850158691406 0.98852568864822387695 0.16244076192378997803 0.71020877361297607422 0.033974733203649520874 0.81063312292098999023 0.22927814722061157227 0.15730634331703186035
0.3980426788330078125 0.79106992483139038086 0.71997082233428955078 0.42345839738845825195 1.2760843038558959961 0.23967221379280090332 0.12240640819072723389 0.95518726110458374023 0.71492636203765869141 0.70581984519958496094 0.38201326131820678711 0.71292269229888916016 0.69655287265777587891 0.90659815073013305664 0.79353928565979003906 0.77541619539260864258 0.90446925163269042969 0.79670131206512451172 0.81684762239456176758 0.89057660102844238281 0.98535972833633422852 0.49362024664878845215 0.91876888275146484375 0.075441390275955200195 0.23093743622303009033 0.87104076147079467773 0.92240053415298461914 0.49587830901145935059 0.10792282223701477051 0.86595332622528076172 1.1606342792510986328 0.80700147151947021484 0.85524618625640869141 0.63612955808639526367 0.66632944345474243164 1.1497275829315185547 0.8655306696891784668 0.64721238613128662109 0.82710081338882446289 1.1411610841751098633
0.78926581144332885742 1.2613815069198608398 0.90950191020965576172 0.26474943757057189941 0.79402452707290649414 0.54947066307067871094 0.84782630205154418945 0.24120235443115234375 0.11238803714513778687 0.23193536698818206787 0.01193431951105594635 0.41531848907470703125 1.3188462257385253906 0.70603507757186889648 0.68490648269653320312 0.16695684194564819336 0.88004165887832641602 0.47336044907569885254 0.78756350278854370117 0.78944194316864013672 1.1516803503036499023 1.4459543228149414062 0.81964963674545288086 0.7256119847297668457 0.63926029205322265625 1.1633776426315307617 0.87994378805160522461 0.73770254850387573242 0.60690408945083618164 0.078321665525436401367 0.010682023130357265472 0.63926029205322265625 0.6373818516731262207 0.83783924579620361328 0.45792981982231140137 0.43548044562339782715 0.99015367031097412109 1.1430082321166992188 1.1354944705963134766 0.85881519317626953125
0.84832721948623657227 0.56012105941772460938 0.84895336627960205078 1.0870462656021118164 0.44595277309417724609 0.013687534257769584656 0.71718055009841918945 1.2844394445419311523 0.074940472841262817383 0.22364281117916107178 1.4355602264404296875 0.35821965336799621582 1.3286142349243164062 0.4212042689323425293 0.16795869171619415283 0.95069855451583862305 0.95602470636367797852 0.69614195823669433594 0.92362934350967407227 0.89206367731094360352 0.82378220558166503906 1.3993219137191772461 0.79817277193069458008 0.76614922285079956055 0.69751948118209838867 1.2631191015243530273 0.86971020698547363281 1.0504556894302368164 -0.0035941526293754577637 0.8657811284065246582 0.84622961282730102539 0.51391720771789550781 0.64696192741394042969 0.23854513466358184814 0.71644479036331176758 0.64545917510986328125 0.43635705113410949707 0.71459180116653442383 1.118056178092956543 1.1525412797927856445
0.71809232234954833984 0.6945648193359375 1.134167790412902832 0.90846878290176391602 0.76627445220947265625 1.2717130184173583984 0.164577484130859375 0.43731194734573364258 0.084003962576389312744 0.55347800254821777344 0.78978240489959716797 0.64935696125030517578 0.22301666438579559326 0.88343846797943115234 -0.0044707600027322769165 0.43455687165260314941 1.2231551408767700195 1.3789094686508178711 1.2559967041015625 0.22940337657928466797 0.80089652538299560547 0.87251222133636474609 0.96294361352920532227 0.14641919732093811035 0.59250271320343017578 0.64426946640014648438 0.23391164839267730713 0.84610438346862792969 1.2204158306121826172 0.23453779518604278564 0.79868936538696289062 0.98301559686660766602 0.0051719201728701591492 0.73967099189758300781 0.86031794548034667969 0.63412588834762573242 0.91081678867340087891 0.73131579160690307617 0.90208989381790161133 0.77786993980407714844
1.2856134176254272461 0.7338771820068359375 1.2190538644790649414 0.82307392358779907227 0.72423446178436279297 0.17007976770401000977 1.2685705423355102539 0.95893627405166625977 0.93617188930511474609 0.90411704778671264648 1.246667027473449707 0.23269066214561462402 0.95765268802642822266 0.40454873442649841309 0.87830406427383422852 1.2955535650253295898 0.30747622251510620117 1.1352753639221191406 0.66324180364608764648 0.11076005548238754272 1.2236130237579345703 0.23832598328590393066 0.48948767781257629395 0.9561812281608581543 0.29370096325874328613 0.44806405901908874512 0.81639367341995239258 -0.010356551967561244965 0.8883380889892578125 0.80581176280975341797 0.98263990879058837891 0.093020491302013397217 0.78696471452713012695 0.23466302454471588135 1.1655652523040771484 1.2889477014541625977 0.65172064304351806641 0.4340559542179107666 0.27799639105796813965 0.74029713869094848633
