layers/2m_temperature.asc
ncols        290
nrows        290
xllcorner    68.000000000000
yllcorner    8.000000000000
cellsize     0.100000000000
NODATA_value -9999
[rows 180 to 197 of 290, columns 200 to 239 of 290]
0.68676537275314331055 0.72162616252899169922 0.23874081671237945557 0.29276955127716064453 0.79353928565979003906 0.66746824979782104492 0.30820411443710327148 0.69171196222305297852 0.51741188764572143555 0.7122809290885925293 0.15068873763084411621 0.31008255481719970703 0.67324060201644897461 0.16133326292037963867 0.21257174015045166016 0.78827965259552001953 0.79260003566741943359 0.42988228797912597656 0.72702670097351074219 0.26800933480262756348 0.75863546133041381836 0.72852945327758789062 0.78114151954650878906 0.28250464797019958496 0.63187175989151000977 0.71104818582534790039 0.71148258447647094727 0.70896232128143310547 0.59371978044509887695 0.16656550765037536621 0.61217546463012695312 0.68463647365570068359 0.36288446187973022461 0.21365967392921447754 0.63919377326965332031 0.59824758768081665039 0.57410567998886108398 0.34335449337959289551 0.54730653762817382812 0.29462844133377075195
0.12878921627998352051 0.4393997490406036377 0.17930370569229125977 0.80606222152709960938 0.69861131906509399414 0.52204537391662597656 0.40122818946838378906 0.78413140773773193359 0.78721517324447631836 0.18248532712459564209 0.76875948905944824219 0.69069445133209228516 0.14968690276145935059 0.77564710378646850586 0.72129744291305541992 0.78754389286041259766 0.69809865951538085938 0.30382108688354492188 0.30181741714477539062 0.78361481428146362305 0.63737404346466064453 0.6872037053108215332 0.54966437816619873047 0.7250073552131652832 0.77162408828735351562 0.57315862178802490234 0.66948372125625610352 0.71347057819366455078 0.61696159839630126953 0.7112477421760559082 0.32315534353256225586 0.35862663388252258301 0.26822847127914428711 0.76936995983123779297 0.11506091058254241943 0.50479501485824584961 0.62477672100067138672 0.6077454686164855957 0.61538451910018920898 0.55730926990509033203
0.18230921030044555664 0.44205304980278015137 0.83747923374176025391 0.65182632207870483398 0.65534842014312744141 0.23723806440830230713 0.3004124760627746582 0.6964550018310546875 0.73340559005737304688 0.59231877326965332031 0.73353081941604614258 0.40112057328224182129 0.18756885826587677002 0.32678702473640441895 0.7888431549072265625 0.55117690563201904297 0.26985254883766174316 0.66227906942367553711 0.78223729133605957031 0.72582137584686279297 0.25648820400238037109 0.76949518918991088867 0.73634064197540283203 0.72001385688781738281 0.50279134511947631836 0.70132333040237426758 0.70245039463043212891 0.43430641293525695801 0.45842877030372619629 0.15017607808113098145 0.64871907234191894531 0.38684439659118652344 0.60531526803970336914 0.39047604799270629883 0.69283902645111083984 0.51823174953460693359 0.79654479026794433594 0.40470528602600097656 0.70223122835159301758 0.3493557274341583252
0.82182550430297851562 0.75255787372589111328 0.66897106170654296875 0.4502105712890625 0.69194674491882324219 0.66359788179397583008 0.53256469964981079102 0.76298326253890991211 0.78558719158172607422 0.78721517324447631836 0.25639820098876953125 0.68693757057189941406 0.30244356393814086914 0.40345883369445800781 0.13240522146224975586 0.69859957695007324219 0.25936847925186157227 0.68770462274551391602 0.73691201210021972656 0.25097808241844177246 0.31726956367492675781 0.77813601493835449219 0.70132333040237426758 0.60891950130462646484 0.26850631833076477051 0.61715728044509887695 0.27852469682693481445 0.23686236143112182617 0.72287845611572265625 0.2487239539623260498 0.45041409134864807129 0.72076523303985595703 0.59319537878036499023 0.79300707578659057617 0.236917153000831604 0.69123059511184692383 0.74033236503601074219 0.70948672294616699219 0.71854239702224731445 0.54266130924224853516
0.65346997976303100586 0.73972183465957641602 0.81819385290145874023 0.28199982643127441406 0.170412406325340271 0.68718802928924560547 0.74466842412948608398 0.37518042325973510742 0.26199829578399658203 0.71750926971435546875 0.77898132801055908203 0.27373465895652770996 0.31226038932800292969 0.7517477869987487793 0.53186810016632080078 0.18318583071231842041 0.53143763542175292969 0.1828610152006149292 0.29004582762718200684 0.7165387272834777832 0.5203469395637512207 0.12791259586811065674 0.3237756192684173584 0.61766993999481201172 0.68267977237701416016 0.53011488914489746094 0.46597385406494140625 0.60306501388549804688 0.69565665721893310547 0.7941341400146484375 0.57904446125030517578 0.45881620049476623535 0.23961742222309112549 0.23620100319385528564 0.18326801061630249023 0.22233572602272033691 0.31639295816421508789 0.42111036181449890137 0.19925826787948608398 0.68801766633987426758
0.47596091032028198242 0.66334742307662963867 0.52950245141983032227 0.079949654638767242432 0.14281883835792541504 0.54671561717987060547 0.54828685522079467773 0.72643184661865234375 0.62264782190322875977 0.65851044654846191406 0.69120711088180541992 0.63859891891479492188 0.30980470776557922363 0.65049576759338378906 0.78590029478073120117 0.76533132791519165039 0.11814468353986740112 0.1858978271484375 0.71693009138107299805 0.6822140812873840332 0.71667963266372680664 0.12415570765733718872 0.15768985450267791748 0.69664674997329711914 0.37255060672760009766 0.32452702522277832031 0.26233875751495361328 0.72239321470260620117 0.31130746006965637207 0.6438586115837097168 0.60314333438873291016 0.52923828363418579102 0.35937801003456115723 0.67403894662857055664 0.23907737433910369873 0.63036507368087768555 0.11862994730472564697 0.11611361801624298096 0.091830812394618988037 0.6995270848274230957
0.13454976677894592285 0.088950529694557189941 0.22543124854564666748 0.38892829418182373047 0.61449617147445678711 0.72904604673385620117 0.69830214977264404297 0.75928896665573120117 0.12528668344020843506 0.56679540872573852539 0.68732893466949462891 0.73133146762847900391 0.12566237151622772217 0.72813808917999267578 0.69208765029907226562 0.70977634191513061523 0.63254094123840332031 0.63500249385833740234 0.6909605860710144043 0.1954113692045211792 0.32180523872375488281 0.1760555654764175415 0.62951982021331787109 0.21353444457054138184 0.11524875462055206299 0.7301731109619140625 0.60891950130462646484 0.65939879417419433594 0.71487945318222045898 0.68156832456588745117 0.31100809574127197266 0.65534842014312744141 0.091470777988433837891 0.7240994572639465332 0.31394314765930175781 0.63218873739242553711 0.63931900262832641602 0.73267769813537597656 0.66225171089172363281 0.6357186436653137207
0.57135063409805297852 0.68183445930480957031 0.60965526103973388672 0.75172823667526245117 0.67103338241577148438 0.58182299137115478516 0.3246052861213684082 0.22171349823474884033 0.59891682863235473633 0.065176472067832946777 0.65126276016235351562 0.6199162602424621582 0.060460794717073440552 0.60636794567108154297 0.13798576593399047852 0.14090126752853393555 -0.053560767322778701782 0.39360287785530090332 0.41259473562240600586 0.33383706212043762207 0.19867125153541564941 0.02001162990927696228 0.56414991617202758789 0.55081295967102050781 0.62280434370040893555 0.59799325466156005859 0.21557334065437316895 0.34412348270416259766 0.67773318290710449219 0.68862819671630859375 0.55237054824829101562 0.28621262311935424805 0.49274170398712158203 0.47746369242668151855 0.74582678079605102539 0.13488242030143737793 0.27011278271675109863 0.43488562107086181641 -0.00085084134479984641075 0.62856489419937133789
0.38185086846351623535 0.43885773420333862305 0.42152908444404602051 0.18192374706268310547 0.18953536450862884521 0.71376800537109375 0.20079624652862548828 0.72360634803771972656 0.59091383218765258789 0.70310002565383911133 0.62871754169464111328 0.62761002779006958008 0.29312568902969360352 0.30118733644485473633 0.5628115534782409668 0.4658603668212890625 -0.15377184748649597168 0.23496043682098388672 0.1389601975679397583 0.25647646188735961914 0.19827990233898162842 0.017344629392027854919 -0.060824085026979446411 0.24608631432056427002 0.23261433839797973633 0.64600312709808349609 0.24040597677230834961 0.13383948802947998047 0.34964728355407714844 0.56285065412521362305 0.30229678750038146973 0.2234236598014831543 0.2441628575325012207 0.47600397467613220215 0.49702689051628112793 -0.00060038216179236769676 0.40314576029777526855 0.56261587142944335938 0.66381704807281494141 0.61768561601638793945
0.27150401473045349121 0.37613335251808166504 0.004087901674211025238 0.41196468472480773926 0.17987115681171417236 0.52276152372360229492 0.50560510158538818359 0.54459846019744873047 0.56164532899856567383 0.07429866492748260498 0.46678394079208374023 -0.098117075860500335693 0.36746120452880859375 -0.2108608931303024292 0.3665415346622467041 0.35636273026466369629 0.12586195766925811768 -0.089145548641681671143 0.26521122455596923828 0.13941808044910430908 -0.033880151808261871338 0.31362810730934143066 -0.22476920485496520996 0.10581152886152267456 0.5597355961799621582 0.25721412897109985352 -0.15000712871551513672 -0.035214629024267196655 0.15857820212841033936 -0.23414187133312225342 0.51291537284851074219 0.56499522924423217773 -0.021431546658277511597 -0.25906255841255187988 0.30418893694877624512 -0.31577593088150024414 0.1016613394021987915 0.06638180464506149292 0.47033733129501342773 -0.095622263848781585693
0.19356423616409301758 0.15911042690277099609 -0.032373484224081039429 0.073320314288139343262 -0.21847251057624816895 0.41202729940414428711 -0.20465615391731262207 -0.23366051912307739258 0.35570526123046875 0.014039742760360240936 -0.3467076420783996582 0.19013607501983642578 0.18579998612403869629 0.23808336257934570312 0.12280949205160140991 -0.27442276477813720703 -0.49084299802780151367 -0.24525599181652069092 0.058300584554672241211 -0.22250138223171234131 0.29049193859100341797 -0.28062552213668823242 -0.49701839685440063477 0.033990386873483657837 -0.053267262876033782959 0.074016898870468139648 0.072827219963073730469 0.062448814511299133301 0.21818749606609344482 -0.031719941645860671997 -0.39681512117385864258 -0.40644216537475585938 0.31727543473243713379 0.29814660549163818359 0.084207460284233093262 -0.0095542995259165763855 0.27859514951705932617 0.23163403570652008057 -0.12013205140829086304 -0.23600074648857116699
-0.063829593360424041748 0.034757416695356369019 0.22242964804172515869 0.16242901980876922607 -0.14796432852745056152 -0.062659479677677154541 -0.34657260775566101074 -0.25170141458511352539 -0.47368654608726501465 -0.36142992973327636719 -0.040466446429491043091 0.03541487082839012146 -0.15613555908203125 -0.59745651483535766602 -0.88283127546310424805 -0.74552679061889648438 -0.34545534849166870117 -0.19013930857181549072 -0.11088462173938751221 0.038686495274305343628 -0.14981146156787872314 0.21248956024646759033 -0.19344224035739898682 -0.68432670831680297852 0.054246276617050170898 -0.4993527531623840332 0.16629548370838165283 -0.090033896267414093018 0.0021468424238264560699 -0.014919606037437915802 -0.38984531164169311523 -0.11947458982467651367 -0.40308836102485656738 0.27937781810760498047 -0.39692470431327819824 -0.026370288804173469543 0.071277506649494171143 -0.79004788398742675781 -0.24463376402854919434 -0.41364091634750366211
-0.10299515724182128906 -0.011827999725937843323 0.24390652775764465332 -0.069885626435279846191 -0.40434065461158752441 0.28905180096626281738 -0.30271095037460327148 0.12442182004451751709 -0.45367524027824401855 -0.75461572408676147461 -0.02096976153552532196 -0.23825879395008087158 -0.5130360722541809082 -0.29758632183074951172 -0.60364359617233276367 -0.43957322835922241211 -0.26803213357925415039 -0.60283744335174560547 -0.42663151025772094727 -0.011467964388430118561 -0.18370172381401062012 0.19001084566116333008 -0.19709347188472747803 -0.63694292306900024414 -1.0501379966735839844 -0.38975924253463745117 -0.11039153486490249634 -0.54071575403213500977 -0.72792226076126098633 0.032706782221794128418 -0.025556296110153198242 0.080951489508152008057 0.11792553216218948364 0.22653092443943023682 -0.16559039056301116943 -0.59968715906143188477 -0.66744810342788696289 -0.4065125882625579834 -0.65711665153503417969 -0.42517182230949401855
-0.90386986732482910156 -0.86268889904022216797 0.026429647579789161682 -0.14260683953762054443 0.14007553458213806152 -0.0074762706644833087921 -0.43962410092353820801 -0.45557522773742675781 -0.64584600925445556641 -0.98462343215942382812 -0.56228655576705932617 -1.0658543109893798828 -0.84110635519027709961 -1.0811753273010253906 -0.85145342350006103516 -0.11562769860029220581 -0.19477280974388122559 -0.77458202838897705078 -0.42885825037956237793 -0.35311782360076904297 -0.44901043176651000977 -0.25625663995742797852 -0.53623878955841064453 -1.0550023317337036133 -1.0476959943771362305 -0.6567351222038269043 -0.75647461414337158203 -0.087341457605361938477 -0.88239884376525878906 -0.50866472721099853516 -0.17540918290615081787 -0.26397782564163208008 -0.06517581641674041748 -0.42777031660079956055 0.032738089561462402344 0.13611514866352081299 0.10291363298892974854 -0.6810042262077331543 -0.86355179548263549805 -1.0651127099990844727
-0.17702150344848632812 -1.1131285429000854492 -0.30569493770599365234 -0.84925413131713867188 -0.044434659183025360107 -0.27653208374977111816 -0.8286069035530090332 -0.54687154293060302734 -1.4545043706893920898 -0.4369042515754699707 -0.90879881381988525391 -0.4665680229663848877 -1.4502465724945068359 -0.74683195352554321289 -0.40097901225090026855 -0.13976569473743438721 -0.2410764545202255249 -0.40011805295944213867 -0.16114865243434906006 -0.44984987378120422363 -0.57782673835754394531 -0.2773304283618927002 -0.29426774382591247559 -1.0384211540222167969 -1.1823804378509521484 -0.24126429855823516846 -0.14569844305515289307 -0.28719225525856018066 -0.87764602899551391602 -0.35156029462814331055 -0.82622361183166503906 -0.016633685678243637085 -0.013487292453646659851 -0.55600941181182861328 -0.46243545413017272949 -0.4396006166934967041 0.12655071914196014404 0.026695759966969490051 -0.43535456061363220215 -1.1944533586502075195
-1.1406908035278320312 -0.59348827600479125977 -0.9305985569953918457 -1.1521472930908203125 -0.76582378149032592773 -0.35618987679481506348 -0.69693773984909057617 -1.0156431198120117188 -1.2788757085800170898 -0.49969124794006347656 -0.57479774951934814453 -1.2044756412506103516 -1.499211430549621582 -0.36798101663589477539 -0.26493269205093383789 -0.71259337663650512695 -0.78272193670272827148 -0.23874405026435852051 -0.45147785544395446777 -0.35258561372756958008 -0.87521183490753173828 -0.75695598125457763672 -0.66811728477478027344 -0.95646238327026367188 -0.65882289409637451172 -0.12934033572673797607 -0.89960813522338867188 -0.55208420753479003906 -1.2814370393753051758 -0.33725279569625854492 -1.0605946779251098633 -0.059086523950099945068 -0.27710735797882080078 -1.1058847904205322266 -0.43306910991668701172 -0.44668781757354736328 -0.12705489993095397949 -0.016837183386087417603 -0.15649950504302978516 -0.31154942512512207031
-0.68492156267166137695 -1.819235682487487793 -1.2407062053680419922 -0.73670399188995361328 -0.93111902475357055664 -0.69342148303985595703 -0.73535579442977905273 -0.39830222725868225098 -0.5712286829948425293 -0.65348893404006958008 -1.4162272214889526367 -1.6668684482574462891 -0.84098893404006958008 -0.99101012945175170898 -0.8119004368782043457 -0.71569675207138061523 -0.82774984836578369141 -0.58773946762084960938 -0.68440496921539306641 -0.37369266152381896973 -0.21233625710010528564 -0.94317632913589477539 -0.58780205249786376953 -0.30992144346237182617 -0.74875539541244506836 -0.73127996921539306641 -0.44346317648887634277 -0.50925564765930175781 -0.2914657294750213623 -0.37799939513206481934 -1.0663982629776000977 -0.090393930673599243164 -0.49049469828605651855 -0.23108939826488494873 -0.65438115596771240234 -0.20998820662498474121 -0.36599299311637878418 -0.35397094488143920898 -0.27017667889595031738 -0.36771491169929504395
-1.1773203611373901367 -2.0197751522064208984 -1.7093740701675415039 -1.3414964675903320312 -1.4241832494735717773 -0.49034601449966430664 -0.43609026074409484863 -1.3376495838165283203 -1.2504251003265380859 -1.2494057416915893555 -1.3359668254852294922 -1.0819150209426879883 -0.61958301067352294922 -0.69312405586242675781 -1.6369483470916748047 -1.3128463029861450195 -0.53818374872207641602 -0.17221581935882568359 -0.55915772914886474609 -0.19763743877410888672 -0.15529416501522064209 -1.1167347431182861328 -1.0970188379287719727 -1.0512142181396484375 -0.64799839258193969727 -1.2289463281631469727 -0.49659183621406555176 -0.45413899421691894531 -0.48771616816520690918 -0.51964974403381347656 -0.57249665260314941406 -0.82633316516876220703 -0.30103403329849243164 -0.88124638795852661133 -0.32147386670112609863 -0.81080472469329833984 -0.76118248701095581055 -1.3021194934844970703 -0.42510136961936950684 -1.2303395271301269531
