layers/2m_temperature.asc
ncols        290
nrows        290
xllcorner    68.000000000000
yllcorner    8.000000000000
cellsize     0.100000000000
NODATA_value -9999
[rows 90 to 107 of 290, columns 120 to 159 of 290]
0.70702129602432250977 1.1167570352554321289 1.1172931194305419922 0.76733499765396118164 1.226254582405090332 0.76320242881774902344 0.66106200218200683594 0.86013013124465942383 1.0678861141204833984 1.1118260622024536133 1.0697411298751831055 1.1396427154541015625 1.1239889860153198242 0.79674828052520751953 1.0277225971221923828 0.7428486943244934082 0.66257256269454956055 1.0270612239837646484 0.65868264436721801758 0.6004860997200012207 1.0211597681045532227 0.49204120039939880371 0.60081678628921508789 -9999 -9999 -9999 -9999 -9999 -9999 -9999 -9999 -9999 -9999 -9999 -9999 -9999 -9999 -9999 -9999 -9999
0.70163637399673461914 0.6127116084098815918 0.68587309122085571289 1.0997610092163085938 1.2336745262145996094 0.60807812213897705078 0.71026551723480224609 0.66719824075698852539 0.77048134803771972656 0.72732412815093994141 0.70544415712356567383 0.77640628814697265625 0.87381732463836669922 1.091030120849609375 0.70882534980773925781 0.65012007951736450195 0.9342543482780456543 0.55365020036697387695 0.67195695638656616211 0.72882688045501708984 0.93683719635009765625 1.0179350376129150391 0.8796933293342590332 0.93027436733245849609 -9999 -9999 -9999 -9999 -9999 -9999 -9999 -9999 -9999 -9999 -9999 -9999 -9999 -9999 -9999 -9999
0.74276256561279296875 1.1320701837539672852 0.83272051811218261719 1.189123988151550293 1.1439005136489868164 1.207266688346862793 0.69805169105529785156 0.64404642581939697266 1.1808432340621948242 0.57335430383682250977 0.79374277591705322266 0.62413686513900756836 1.0739989280700683594 0.6256396174430847168 0.74197208881378173828 0.56161797046661376953 1.2192887067794799805 1.0011465549468994141 0.63968294858932495117 0.57814824581146240234 0.61966186761856079102 1.1191207170486450195 0.9366219639778137207 0.65276163816452026367 0.73753035068511962891 -9999 -9999 -9999 -9999 -9999 -9999 -9999 -9999 -9999 -9999 -9999 -9999 -9999 -9999 -9999
0.63305360078811645508 1.2266303300857543945 1.2198679447174072266 1.2344259023666381836 0.79331231117248535156 0.71314185857772827148 0.79006022214889526367 1.0374866724014282227 0.62438535690307617188 0.81166625022888183594 1.007306218147277832 0.53929579257965087891 0.6094830632209777832 0.68006557226181030273 0.46916720271110534668 0.98524236679077148438 0.61881268024444580078 0.98988366127014160156 0.53311258554458618164 0.70772570371627807617 0.49717560410499572754 0.82844704389572143555 1.0069305896759033203 0.70578461885452270508 0.4191614687442779541 0.50590252876281738281 0.7712014317512512207 -9999 -9999 -9999 -9999 -9999 -9999 -9999 -9999 -9999 -9999 -9999 -9999 -9999
0.69659197330474853516 0.7327442169189453125 0.75015115737915039062 0.663112640380859375 0.80462211370468139648 0.66394227743148803711 0.78984498977661132812 0.87241244316101074219 1.0606893301010131836 0.67281794548034667969 0.63178956508636474609 0.65629154443740844727 1.1600081920623779297 0.60342115163803100586 1.0339019298553466797 0.68804895877838134766 0.64169836044311523438 0.99447804689407348633 0.54702085256576538086 0.6105944514274597168 0.62892884016036987305 0.64802247285842895508 0.55282837152481079102 0.50258398056030273438 0.67878592014312744141 0.81148231029510498047 0.76209098100662231445 0.69656848907470703125 -9999 -9999 -9999 -9999 -9999 -9999 -9999 -9999 -9999 -9999 -9999 -9999
0.683979034423828125 1.1337647438049316406 0.66382485628128051758 0.73402392864227294922 0.84934473037719726562 0.57764732837677001953 0.64329701662063598633 0.67624610662460327148 1.2230299711227416992 0.67148739099502563477 0.6861235499382019043 1.0807260274887084961 0.7247295379638671875 0.56007999181747436523 0.6155567169189453125 0.45785349607467651367 0.54755699634552001953 0.43898296356201171875 0.45167812705039978027 0.96446204185485839844 0.99050980806350708008 0.53737819194793701172 0.61295819282531738281 0.7317110896110534668 0.84860903024673461914 0.73216110467910766602 0.47442293167114257812 0.61368995904922485352 0.80826944112777709961 0.72979742288589477539 -9999 -9999 -9999 -9999 -9999 -9999 -9999 -9999 -9999 -9999
0.69154369831085205078 0.56479567289352416992 1.1987041234970092773 1.1068677902221679688 0.68344289064407348633 0.71624130010604858398 0.82624769210815429688 0.60632491111755371094 0.62603294849395751953 0.66558593511581420898 1.1717171669006347656 0.6596844792366027832 0.62524634599685668945 0.94905292987823486328 1.1383434534072875977 0.69255727529525756836 0.96006333827972412109 0.36872914433479309082 0.50477546453475952148 0.49166941642761230469 0.60225498676300048828 0.87328708171844482422 0.61283296346664428711 0.72348898649215698242 0.88224881887435913086 0.6444377899169921875 0.56239283084869384766 0.56299549341201782227 0.84238272905349731445 0.4219086766242980957 0.66395795345306396484 0.63225334882736206055 0.79111295938491821289 -9999 -9999 -9999 -9999 -9999 -9999 -9999
0.94983559846878051758 0.90293711423873901367 0.56083524227142333984 1.0760926008224487305 0.57632458209991455078 0.63054901361465454102 0.88079303503036499023 0.63565802574157714844 1.2683787345886230469 1.1728950738906860352 0.71828019618988037109 0.61497747898101806641 1.05489349365234375 0.71912157535552978516 0.7986971735954284668 0.57553017139434814453 0.88085955381393432617 0.67542624473571777344 0.71280139684677124023 0.37157028913497924805 0.57708382606506347656 0.41431665420532226562 0.74257081747055053711 0.51366674900054931641 0.79278397560119628906 0.54549074172973632812 0.647991180419921875 0.75110989809036254883 0.73429000377655029297 0.68956738710403442383 1.0493677854537963867 0.90230900049209594727 0.41592505574226379395 -9999 -9999 -9999 -9999 -9999 -9999 -9999
1.1339094638824462891 1.1908615827560424805 0.77608537673950195312 0.66555464267730712891 1.0522637367248535156 0.63578325510025024414 1.115222930908203125 1.1272449493408203125 0.86953210830688476562 0.9734414219856262207 0.71176433563232421875 1.0061360597610473633 0.86664205789566040039 1.1663517951965332031 1.1313188076019287109 0.58170163631439208984 0.57830286026000976562 0.6372057795524597168 0.48253548145294189453 0.31536567211151123047 0.92136740684509277344 0.39494910836219787598 0.56325179338455200195 0.47234883904457092285 0.46994599699974060059 0.34149366617202758789 0.67288053035736083984 0.95780920982360839844 0.70083802938461303711 0.6828460693359375 0.734180450439453125 0.86354655027389526367 0.54150295257568359375 0.80626571178436279297 -9999 -9999 -9999 -9999 -9999 -9999
0.52330940961837768555 1.2197426557540893555 0.65916788578033447266 0.81495940685272216797 1.1529248952865600586 0.70002406835556030273 0.58788484334945678711 1.3729454278945922852 0.79998862743377685547 1.0758068561553955078 1.1066133975982666016 0.69323426485061645508 0.82492494583129882812 0.83364015817642211914 0.61764252185821533203 0.86725258827209472656 0.88433665037155151367 0.61694985628128051758 1.0279378890991210938 0.3167431950569152832 0.47902512550354003906 0.6178519129753112793 0.28916528820991516113 0.41144809126853942871 0.35982218384742736816 0.25020128488540649414 0.44587060809135437012 0.31722456216812133789 0.4909102022647857666 0.61859935522079467773 0.63961058855056762695 0.69435745477676391602 0.93997967243194580078 0.43656447529792785645 0.88254624605178833008 -9999 -9999 -9999 -9999 -9999
1.0531246662139892578 0.99540942907333374023 1.0633192062377929688 0.63938164710998535156 1.1181031465530395508 0.61388564109802246094 1.1042692661285400391 0.61879700422286987305 0.9650509953498840332 0.74567025899887084961 0.71114212274551391602 1.1091023683547973633 0.56551182270050048828 1.1135362386703491211 0.6160615086555480957 0.68764197826385498047 1.3382568359375 1.1540284156799316406 0.55750495195388793945 0.49420922994613647461 0.52077353000640869141 0.36017048358917236328 0.48318901658058166504 0.59751188755035400391 0.24859090149402618408 0.56334376335144042969 0.21875886619091033936 0.72414642572402954102 0.7539628148078918457 0.6212546229362487793 1.0138025283813476562 0.38347101211547851562 0.82081586122512817383 0.71110689640045166016 0.38372147083282470703 0.75174391269683837891 -9999 -9999 -9999 -9999
0.75991511344909667969 0.70352655649185180664 0.65165412425994873047 1.1233627796173095703 1.0775444507598876953 1.1963990926742553711 0.8974857330322265625 1.143305659294128418 0.71015983819961547852 1.1920552253723144531 0.82312089204788208008 0.59752362966537475586 0.63626652956008911133 0.82312089204788208008 0.70722478628158569336 0.86830723285675048828 1.3313692808151245117 1.0304580926895141602 1.0448439121246337891 0.70089673995971679688 0.53621590137481689453 0.55604130029678344727 0.53462707996368408203 0.38744315505027770996 0.40030267834663391113 0.53569149971008300781 0.31043475866317749023 0.58482849597930908203 0.23190797865390777588 0.58105987310409545898 0.51826304197311401367 0.76395380496978759766 0.86867314577102661133 0.75755530595779418945 0.6173216700553894043 0.59631240367889404297 0.81520789861679077148 -9999 -9999 -9999
0.64253586530685424805 0.7136427760124206543 0.63780450820922851562 1.2629781961441040039 1.3099080324172973633 0.85350275039672851562 0.78204554319381713867 1.2857699394226074219 0.98978388309478759766 0.65846741199493408203 0.75002592802047729492 1.152682185173034668 1.0045511722564697266 1.1497941017150878906 1.1058971881866455078 0.65253466367721557617 0.9143956303596496582 1.1646729707717895508 0.78192031383514404297 0.98025661706924438477 0.55913293361663818359 0.38647261261940002441 0.46819669008255004883 0.44975271821022033691 0.36347341537475585938 0.32757556438446044922 0.26541471481323242188 0.58105987310409545898 0.26617783308029174805 0.27747198939323425293 0.61694204807281494141 0.52035480737686157227 0.37507280707359313965 0.71433156728744506836 0.67019790410995483398 0.74991631507873535156 0.81567358970642089844 0.65970015525817871094 0.79736661911010742188 -9999
0.95141077041625976562 0.55173653364181518555 0.71116167306900024414 0.74443364143371582031 0.69299554824829101562 1.1057367324829101562 0.96411180496215820312 0.77698743343353271484 1.3261095285415649414 0.83684718608856201172 1.1161659955978393555 0.70869624614715576172 0.59007245302200317383 0.58412402868270874023 0.523548126220703125 0.99652081727981567383 0.92115801572799682617 0.9103882908821105957 0.88208639621734619141 0.61107975244522094727 0.58512979745864868164 0.54456323385238647461 0.36380606889724731445 0.39227622747421264648 0.75413888692855834961 0.27476388216018676758 0.74404227733612060547 0.25170403718948364258 0.36866652965545654297 0.2152446061372756958 0.38020330667495727539 0.21144075691699981689 0.61790472269058227539 0.8021488189697265625 0.87003111839294433594 0.91250741481781005859 0.4769744873046875 0.91393190622329711914 0.76360940933227539062 0.85640454292297363281
0.71574038267135620117 0.84370940923690795898 0.79109728336334228516 0.74310302734375 1.1879225969314575195 0.69899094104766845703 0.62100613117218017578 0.51208186149597167969 0.55578696727752685547 0.69971096515655517578 0.58979463577270507812 0.66004449129104614258 0.97512221336364746094 0.591136932373046875 0.61931747198104858398 0.9346828460693359375 0.65238595008850097656 0.56230276823043823242 1.0524593591690063477 0.50565207004547119141 0.62997376918792724609 0.45236688852310180664 0.97687935829162597656 0.52022957801818847656 0.51129913330078125 0.40592625737190246582 0.37974935770034790039 0.18372587859630584717 0.2342971116304397583 0.28504836559295654297 0.13029196858406066895 0.57760035991668701172 1.0587443113327026367 0.69607931375503540039 0.49558675289154052734 0.96598047018051147461 0.733272552490234375 0.41919669508934020996 0.87726312875747680664 0.64552766084671020508
0.75548511743545532227 0.71930551528930664062 0.73396128416061401367 0.84227710962295532227 0.72543787956237792969 0.56755852699279785156 0.6672452092170715332 0.60221976041793823242 1.0758421421051025391 0.84422594308853149414 1.2616945505142211914 0.56145751476287841797 1.1250691413879394531 0.56277436017990112305 1.0514888763427734375 1.1361362934112548828 0.64927870035171508789 0.57139760255813598633 0.79776579141616821289 0.62107855081558227539 0.71459764242172241211 0.54192560911178588867 0.64878952503204345703 0.53976535797119140625 0.3859482109546661377 0.76285409927368164062 0.4774284660816192627 0.72676056623458862305 0.24857328832149505615 0.25081765651702880859 0.4533843696117401123 0.78318041563034057617 1.0121119022369384766 0.52958261966705322266 0.95007628202438354492 0.81213587522506713867 0.71721184253692626953 0.7948639988899230957 0.46269831061363220215 0.91476154327392578125
0.85973876714706420898 0.97531986236572265625 0.78153288364410400391 1.2822792530059814453 0.71062159538269042969 0.67585474252700805664 1.0170741081237792969 0.67801886796951293945 0.57341694831848144531 0.79663872718811035156 0.62379056215286254883 1.0674126148223876953 1.0110591650009155273 0.81108123064041137695 0.62442058324813842773 0.45772826671600341797 0.67184346914291381836 1.1173361539840698242 0.6769230961799621582 0.52467519044876098633 0.60660278797149658203 0.61887526512145996094 0.58458191156387329102 0.51430857181549072266 0.32611194252967834473 0.44693112373352050781 0.44472786784172058105 0.69859957695007324219 0.42868283390998840332 0.27546831965446472168 0.4274775087833404541 0.61878132820129394531 0.59357887506484985352 0.70200228691101074219 0.73626631498336791992 0.64182752370834350586 0.62137597799301147461 0.71090340614318847656 0.86817610263824462891 0.57202374935150146484
1.090834498405456543 1.3368793725967407227 0.74434751272201538086 0.70415270328521728516 0.57310384511947631836 0.67354190349578857422 0.66470539569854736328 0.55779063701629638672 1.0106717348098754883 1.1564078330993652344 0.59364151954650878906 0.62555938959121704102 0.48682066798210144043 0.5963808894157409668 0.48486396670341491699 0.70083802938461303711 0.74119919538497924805 0.44436782598495483398 0.61219114065170288086 0.87118166685104370117 1.030051112174987793 0.94981020689010620117 0.62542241811752319336 0.66300308704376220703 0.90572154521942138672 0.48675414919853210449 0.43256494402885437012 0.28714400529861450195 0.90183156728744506836 0.36971533298492431641 0.36481571197509765625 0.42249962687492370605 0.87131077051162719727 1.0004655122756958008 0.88273799419403076172 1.0055295228958129883 0.97587358951568603516 0.9442844390869140625 0.92811417579650878906 0.74164140224456787109
