layers/2m_temperature.asc
ncols        290
nrows        290
xllcorner    68.000000000000
yllcorner    8.000000000000
cellsize     0.100000000000
NODATA_value -9999
[rows 108 to 125 of 290, columns 80 to 119 of 290]
0.46457678079605102539 0.52048003673553466797 0.96234488487243652344 1.0887407064437866211 0.73364824056625366211 1.2919218540191650391 0.54688781499862670898 0.5337035059928894043 0.51132261753082275391 0.74595791101455688477 0.58140033483505249023 1.070422053337097168 0.66720610857009887695 0.64482909440994262695 0.77676439285278320312 0.819614410400390625 0.81365430355072021484 0.52049177885055541992 0.6138935089111328125 1.144968867301940918 0.96360111236572265625 0.95921808481216430664 0.56317943334579467773 0.99097156524658203125 0.6717064976692199707 0.63254094123840332031 0.66314393281936645508 0.65877264738082885742 0.60071891546249389648 0.56542962789535522461 0.690631866455078125 0.72510129213333129883 1.1462876796722412109 0.78361481428146362305 0.71707093715667724609 1.3076851367950439453 0.74981850385665893555 1.1118181943893432617 0.64999485015869140625 1.3392586708068847656
0.55272275209426879883 0.58600252866744995117 0.56596970558166503906 0.68265235424041748047 1.3624105453491210938 1.1626262664794921875 0.78848314285278320312 0.79331618547439575195 0.68523132801055908203 0.6833998560905456543 1.0854339599609375 0.67610520124435424805 0.74445515871047973633 1.0636557340621948242 0.77526164054870605469 0.61781084537506103516 0.819915771484375 0.83431714773178100586 0.61308729648590087891 0.63524901866912841797 1.0573942661285400391 0.74144965410232543945 0.83393561840057373047 0.68912911415100097656 0.60873168706893920898 0.73119843006134033203 0.74377614259719848633 0.77638870477676391602 0.82983434200286865234 1.4881566762924194336 0.67072033882141113281 1.1188819408416748047 0.59034639596939086914 0.77824562788009643555 0.66042411327362060547 0.7492745518684387207 0.67320924997329711914 1.1914290189743041992 0.71552121639251708984 0.65608805418014526367
0.58409667015075683594 0.64423429965972900391 0.62358701229095458984 0.62341487407684326172 1.1910533905029296875 0.73971402645111083984 0.63296753168106079102 0.56153964996337890625 1.0865727663040161133 1.4879062175750732422 0.63341754674911499023 0.69622021913528442383 0.68374419212341308594 0.65151321887969970703 0.65789997577667236328 0.73207503557205200195 0.63543295860290527344 0.60697847604751586914 0.58174467086791992188 0.59918683767318725586 1.3340773582458496094 0.66214209794998168945 0.67029768228530883789 1.0379641056060791016 0.87300723791122436523 0.6229922175407409668 0.75361448526382446289 0.69194674491882324219 0.66721391677856445312 0.69133234024047851562 0.70811313390731811523 0.72998523712158203125 0.76150399446487426758 0.66347265243530273438 1.5074421167373657227 0.76292061805725097656 0.62478846311569213867 0.69811433553695678711 0.77406996488571166992 0.73320990800857543945
0.69175106287002563477 1.2671616077423095703 0.61048686504364013672 0.87879914045333862305 0.62707781791687011719 0.6484959721565246582 1.3407144546508789062 0.63352912664413452148 0.69495224952697753906 0.69855260848999023438 0.99904108047485351562 1.3844509124755859375 1.2082098722457885742 0.8810532689094543457 0.88243079185485839844 0.69812995195388793945 0.86564999818801879883 0.59665095806121826172 0.69404828548431396484 0.59868592023849487305 0.72280800342559814453 0.74119919538497924805 0.94101673364639282227 0.5968074798583984375 0.85647696256637573242 0.58603769540786743164 0.66979676485061645508 0.70055627822875976562 0.63426285982131958008 0.7160847783088684082 0.63589084148406982422 0.46351230144500732422 0.49955886602401733398 0.86550325155258178711 0.7158343195915222168 1.1763505935668945312 1.0465031862258911133 0.7869256138801574707 0.68113398551940917969 0.54564332962036132812
0.84389138221740722656 1.4583520889282226562 1.3384603261947631836 0.61950337886810302734 0.95629471540451049805 1.3404639959335327148 0.97549790143966674805 0.6540139317512512207 0.69758206605911254883 1.261401057243347168 1.1371537446975708008 1.3920586109161376953 0.70536196231842041016 0.63653463125228881836 1.0924584865570068359 1.3645551204681396484 0.59783667325973510742 0.63130432367324829102 1.3127882480621337891 0.60760462284088134766 0.61136150360107421875 0.53987884521484375 0.6121050715446472168 1.3129135370254516602 0.55713903903961181641 0.59953123331069946289 0.59583300352096557617 1.1662578582763671875 0.6680005192756652832 0.8075434565544128418 0.68774765729904174805 0.60241150856018066406 0.6615746617317199707 0.75970578193664550781 0.71420633792877197266 0.71738404035568237305 0.73189502954483032227 0.73915833234786987305 1.2377288341522216797 0.71544295549392700195
0.57779997587203979492 0.96034514904022216797 1.3646333217620849609 0.88365179300308227539 1.1015807390213012695 0.59254968166351318359 0.68067610263824462891 1.3528931140899658203 1.2082098722457885742 0.83207869529724121094 0.57005918025970458984 0.61705946922302246094 1.2244896888732910156 0.6629874110221862793 1.1347665786743164062 1.1531831026077270508 1.3290681838989257812 0.85475504398345947266 0.75016289949417114258 1.115113377571105957 0.48552533984184265137 0.48001521825790405273 0.60037648677825927734 0.6229922175407409668 0.53725296258926391602 0.83975881338119506836 1.1372046470642089844 1.0735487937927246094 1.3299447298049926758 1.4386910200119018555 0.57230550050735473633 0.57665723562240600586 0.68261325359344482422 0.71696138381958007812 1.11975860595703125 1.2956318855285644531 0.96969431638717651367 1.2461191415786743164 1.0676670074462890625 0.71043378114700317383
0.85776054859161376953 1.224740147590637207 1.251613616943359375 0.78104370832443237305 0.57432091236114501953 0.85015285015106201172 0.61664855480194091797 0.76400858163833618164 0.96305710077285766602 0.78315109014511108398 0.65351688861846923828 0.71320837736129760742 0.5844097137451171875 0.62256956100463867188 1.0577698945999145508 0.9258639216423034668 0.58152556419372558594 0.63281100988388061523 0.76326107978820800781 0.78973543643951416016 0.84749174118041992188 0.56815922260284423828 0.58725869655609130859 1.0114349126815795898 0.76018124818801879883 0.50844627618789672852 0.96986258029937744141 0.56330466270446777344 0.46670567989349365234 0.49308216571807861328 0.62830269336700439453 0.60143703222274780273 0.62789177894592285156 0.62550461292266845703 0.54951763153076171875 0.53349214792251586914 0.55089908838272094727 0.82880705595016479492 0.75327795743942260742 0.73778080940246582031
0.51232838630676269531 0.63949120044708251953 0.56576228141784667969 0.94427269697189331055 1.1222513914108276367 0.56981658935546875 0.59417372941970825195 0.67072033882141113281 0.77939420938491821289 0.65719747543334960938 0.58829188346862792969 0.63083863258361816406 1.209837794303894043 0.62428754568099975586 0.86367762088775634766 1.1530579328536987305 0.51796370744705200195 0.57905226945877075195 0.60319024324417114258 0.61674636602401733398 0.57527971267700195312 0.46376278996467590332 1.4808933734893798828 1.0337258577346801758 0.55812323093414306641 0.6099370121955871582 0.39689016342163085938 0.72023302316665649414 1.1535784006118774414 0.54922020435333251953 0.85736334323883056641 0.91007524728775024414 0.74167859554290771484 1.0889325141906738281 0.67279833555221557617 0.56567227840423583984 0.70469278097152709961 0.70054066181182861328 0.66820007562637329102 0.94678902626037597656
0.66219687461853027344 1.1013302803039550781 0.66326916217803955078 0.7553501129150390625 1.3971147537231445312 0.6386928558349609375 1.1981914043426513672 0.55002635717391967773 0.52268326282501220703 1.1450588703155517578 0.59836500883102416992 0.59611088037490844727 0.46501508355140686035 0.54279828071594238281 0.96385157108306884766 0.86442899703979492188 1.1254917383193969727 0.60156226158142089844 1.1773681640625 1.3420920372009277344 0.59154391288757324219 0.59279620647430419922 0.62759047746658325195 1.3234328031539916992 0.68135702610015869141 0.66849750280380249023 0.63358974456787109375 0.81291854381561279297 1.0054239034652709961 0.5824177861213684082 1.0487416982650756836 1.151856541633605957 0.76381289958953857422 1.1835396289825439453 0.62673342227935791016 0.80879575014114379883 1.201521754264831543 0.72150093317031860352 0.78892141580581665039 0.66920191049575805664
0.56317549943923950195 0.51036381721496582031 1.2461230754852294922 0.57513880729675292969 1.1876721382141113281 0.54785442352294921875 1.0697723627090454102 0.6219590306282043457 1.0452469587326049805 0.65639722347259521484 1.1342891454696655273 0.86793547868728637695 0.73495918512344360352 0.67242658138275146484 1.2173515558242797852 0.56964439153671264648 0.81703549623489379883 0.63611000776290893555 0.91220414638519287109 0.60090875625610351562 0.69125801324844360352 0.85876238346099853516 0.72600919008255004883 0.63313579559326171875 0.59323060512542724609 0.67693096399307250977 0.78084415197372436523 1.253167271614074707 0.64342027902603149414 0.61405783891677856445 0.69492489099502563477 0.77025246620178222656 0.64529871940612792969 1.121617436408996582 1.5591619014739990234 0.75986814498901367188 1.3685624599456787109 1.3054779767990112305 0.57560843229293823242 0.74084502458572387695
0.56696760654449462891 1.088955998420715332 1.000414729118347168 0.82942736148834228516 1.0103821754455566406 0.64157706499099731445 1.1106207370758056641 0.56304246187210083008 1.0975655317306518555 0.54873102903366088867 1.1083352565765380859 1.1142210960388183594 1.2042024135589599609 1.1411767005920410156 1.3668092489242553711 1.0592726469039916992 0.69701856374740600586 0.59919857978820800781 0.55532127618789672852 0.66615337133407592773 0.62676668167114257812 0.5758158564567565918 0.87240260839462280273 0.86677706241607666016 0.59935903549194335938 0.62700736522674560547 0.71243745088577270508 0.57719337940216064453 0.76150786876678466797 0.71212434768676757812 0.69488966464996337891 1.3696424961090087891 0.7344582676887512207 1.3147488832473754883 0.64564311504364013672 0.56905347108840942383 0.65763777494430541992 0.55982953310012817383 0.84749174118041992188 1.4204857349395751953
1.0969394445419311523 0.57285732030868530273 0.4730923771858215332 1.3245598077774047852 0.5591564178466796875 0.57416832447052001953 1.0068757534027099609 0.57486099004745483398 1.3550375699996948242 0.66164118051528930664 0.63986688852310180664 0.57218027114868164062 0.53086626529693603516 1.3265635967254638672 0.85866844654083251953 0.56327331066131591797 0.64730238914489746094 0.56316769123077392578 0.67605435848236083984 0.66574639081954956055 1.2749571800231933594 0.76826637983322143555 0.6173725128173828125 1.4047380685806274414 0.77465701103210449219 0.99461501836776733398 0.77221894264221191406 0.62087893486022949219 0.7240994572639465332 0.7202956080436706543 0.67595261335372924805 0.63894331455230712891 1.4051138162612915039 0.76451343297958374023 1.0610297918319702148 0.77284508943557739258 0.66364878416061401367 0.67537337541580200195 0.67103731632232666016 0.6823666691780090332
0.56585228443145751953 0.51177656650543212891 1.1812345981597900391 0.57573759555816650391 0.71765601634979248047 0.562709808349609375 1.2068009376525878906 0.57619154453277587891 0.57310384511947631836 1.3549124002456665039 0.66364485025405883789 0.92302668094635009766 1.0785462856292724609 0.51872289180755615234 1.1242394447326660156 0.62238168716430664062 0.61402654647827148438 0.84422594308853149414 0.94026535749435424805 0.77901852130889892578 0.64001166820526123047 0.61126369237899780273 0.63130038976669311523 0.6095104217529296875 0.627124786376953125 0.77140104770660400391 1.1358935832977294922 0.83018457889556884766 0.70979195833206176758 0.84999632835388183594 0.77383124828338623047 0.68493783473968505859 0.64265322685241699219 1.4724560976028442383 1.0677921772003173828 0.63451331853866577148 0.68872207403182983398 0.74590504169464111328 1.1555234193801879883 0.76229840517044067383
1.2925324440002441406 0.5475139617919921875 0.64730238914489746094 1.1718423366546630859 0.58162337541580200195 0.6019223332405090332 0.55866724252700805664 1.3405109643936157227 0.60287719964981079102 1.3260939121246337891 1.0295932292938232422 0.57306081056594848633 0.58271521329879760742 0.60003995895385742188 0.5247300267219543457 0.59336364269256591797 0.63973772525787353516 0.43583658337593078613 0.61001133918762207031 1.1740220785140991211 0.48492658138275146484 0.68498086929321289062 1.2616319656372070312 1.2904504537582397461 0.65707027912139892578 1.1801583766937255859 1.4001202583312988281 1.2385740280151367188 0.59047555923461914062 0.65200239419937133789 1.2795242071151733398 0.87832951545715332031 1.4070079326629638672 0.78241729736328125 0.81468158960342407227 1.0984187126159667969 0.67585474252700805664 0.75082033872604370117 0.83093595504760742188 0.77209371328353881836
0.58784961700439453125 0.52989965677261352539 0.60705673694610595703 0.43681493401527404785 0.94901967048645019531 0.50067812204360961914 1.3253581523895263672 1.3352513313293457031 0.59753537178039550781 0.42181086540222167969 1.0775444507598876953 0.53332781791687011719 0.53107368946075439453 1.1222357749938964844 1.0510075092315673828 0.59448289871215820312 0.72781723737716674805 1.1201146841049194336 1.1046057939529418945 0.616237640380859375 1.1098654270172119141 1.4150069952011108398 0.62629121541976928711 0.60344070196151733398 0.61448442935943603516 1.1097402572631835938 1.0726761817932128906 0.78003793954849243164 0.75277704000473022461 1.5971064567565917969 0.69636499881744384766 0.76877123117446899414 0.53666204214096069336 1.0924624204635620117 0.63052165508270263672 1.3017210960388183594 0.74797135591506958008 0.95166122913360595703 0.71241790056228637695 0.72622835636138916016
0.55766540765762329102 0.53155893087387084961 0.67146390676498413086 0.48519268631935119629 1.1189798116683959961 1.0359681844711303711 0.94601416587829589844 1.3441426753997802734 0.86035907268524169922 0.49191203713417053223 0.5359732508659362793 0.72762155532836914062 0.85910677909851074219 0.53249812126159667969 0.70008665323257446289 1.1328959465026855469 0.70140159130096435547 0.79717683792114257812 0.67705619335174560547 0.54275524616241455078 0.59536343812942504883 0.49571198225021362305 0.65959054231643676758 0.66741347312927246094 0.5893484950065612793 0.71345496177673339844 0.67031723260879516602 1.4370473623275756836 0.87995749711990356445 1.201521754264831543 1.2017722129821777344 0.63690048456192016602 0.87632584571838378906 1.1041792631149291992 0.68693757057189941406 0.63217699527740478516 0.77252417802810668945 0.53086233139038085938 0.65980970859527587891 1.0909557342529296875
1.234269261360168457 0.51734143495559692383 0.39473778009414672852 0.57436788082122802734 0.54780745506286621094 0.39714062213897705078 1.1442761421203613281 0.60369116067886352539 0.73683768510818481445 1.0821701288223266602 1.3721784353256225586 0.88352656364440917969 0.61435133218765258789 0.54774487018585205078 1.1156650781631469727 0.73338210582733154297 0.59655702114105224609 0.48436304926872253418 0.59226787090301513672 1.488407135009765625 1.1028330326080322266 1.215817570686340332 1.1452937126159667969 0.69563710689544677734 0.75705051422119140625 0.61114233732223510742 1.3277689218521118164 0.62453019618988037109 0.84163331985473632812 0.69081968069076538086 0.70504891872406005859 0.63351148366928100586 1.1618161201477050781 0.62607991695404052734 0.67784279584884643555 1.2786828279495239258 0.67973685264587402344 1.228931427001953125 0.68375986814498901367 0.72322285175323486328
0.49242079257965087891 1.0124758481979370117 1.3126630783081054688 0.52391993999481201172 0.57881742715835571289 0.61895352602005004883 0.68845599889755249023 1.2380144596099853516 1.1177353858947753906 0.65093404054641723633 0.75005328655242919922 0.69016224145889282227 1.1223022937774658203 1.0726722478866577148 0.6837794184684753418 0.64595615863800048828 0.8730170130729675293 0.66215384006500244141 0.787784576416015625 0.84163725376129150391 1.2226699590682983398 1.404832005500793457 0.72331678867340087891 0.63174653053283691406 1.4291266202926635742 1.4399433135986328125 0.63590651750564575195 1.4404442310333251953 1.3228849172592163086 0.72422468662261962891 1.4231468439102172852 0.68249189853668212891 0.63788276910781860352 0.61925095319747924805 0.64892649650573730469 1.3327311277389526367 1.3148232698440551758 0.67729490995407104492 0.49784088134765625 0.68036299943923950195
