layers/evaporation.asc
ncols        290
nrows        290
xllcorner    68.000000000000
yllcorner    8.000000000000
cellsize     0.100000000000
NODATA_value -9999
[rows 18 to 35 of 290, columns 80 to 119 of 290]
-9999 -9999 -9999 -2.3269848823547363281 -1.2252733707427978516 -2.1085517406463623047 -1.0786788463592529297 -0.89446753263473510742 -2.25400543212890625 -1.6849488019943237305 -1.2431125640869140625 -1.3892029523849487305 -1.5225770473480224609 -1.0018668174743652344 -0.9837868809700012207 -1.2012332677841186523 0.35436284542083740234 0.46146416664123535156 0.53749066591262817383 -0.85167640447616577148 -0.84530812501907348633 -0.36243399977684020996 -0.60716587305068969727 -0.85040515661239624023 -0.76677292585372924805 -1.6101626157760620117 -1.2060415744781494141 -1.4466844797134399414 -0.94186311960220336914 -1.0128904581069946289 -0.13597032427787780762 -0.16558392345905303955 -9999 -9999 -9999 -9999 -9999 -9999 -9999 -9999
-9999 -9999 -9999 -9999 -1.6198823451995849609 -0.56616997718811035156 -0.8272997736930847168 -1.7605353593826293945 -1.8595421314239501953 -1.5644528865814208984 -1.016026616096496582 -0.01446428988128900528 -1.2997008562088012695 0.19343784451484680176 -1.2309193611145019531 -1.0486333370208740234 -1.2993770837783813477 -0.028386605903506278992 -0.51181387901306152344 -2.06008148193359375 -0.6629479527473449707 -0.85194349288940429688 -0.49321210384368896484 0.30047348141670227051 -1.4493160247802734375 -0.23189198970794677734 -0.80145132541656494141 -0.60078394412994384766 -1.1837131977081298828 -0.81021088361740112305 -1.0943616628646850586 -0.62487787008285522461 -9999 -9999 -9999 -9999 -9999 -9999 -9999 -9999
-9999 -9999 -9999 -1.0775258541107177734 -0.71727985143661499023 -1.2635756731033325195 -2.2389283180236816406 -1.0189684629440307617 -1.8475613594055175781 -2.2654070854187011719 -0.71507173776626586914 -1.0701935291290283203 -1.1942651271820068359 -1.2080475091934204102 -1.1018359661102294922 -1.3787778615951538086 0.23700343072414398193 -0.73534882068634033203 -0.73101526498794555664 -0.19050869345664978027 0.44272288680076599121 -0.078595198690891265869 -0.48869624733924865723 -0.86385482549667358398 -0.60076910257339477539 -0.20300287008285522461 -1.455853581428527832 0.015050951391458511353 -1.3237159252166748047 -0.79057854413986206055 -0.48200616240501403809 -1.1796424388885498047 -1.582097172737121582 -9999 -9999 -9999 -9999 -9999 -9999 -9999
-9999 -9999 -9999 -1.8427351713180541992 -1.8280375003814697266 -1.5634262561798095703 -0.7115529179573059082 -1.8189892768859863281 -2.4505994319915771484 -1.1390472650527954102 -2.0257380008697509766 -1.3533049821853637695 -2.2392981052398681641 -1.5366023778915405273 -1.2731724977493286133 -1.5025615692138671875 -1.4291627407073974609 -2.1230640411376953125 -1.1721007823944091797 -1.2917968034744262695 -0.40252524614334106445 -2.3224134445190429688 -2.0835480690002441406 -1.1835750341415405273 -1.5264083147048950195 -0.28143334388732910156 -1.5765888690948486328 -1.1118702888488769531 -0.79274725914001464844 -1.6052533388137817383 -1.26297760009765625 -0.8363475799560546875 -1.090373992919921875 -9999 -9999 -9999 -9999 -9999 -9999 -9999
-9999 -9999 -9999 -0.60986655950546264648 -1.8588855266571044922 -1.6846190690994262695 -1.2825835943222045898 -1.1504706144332885742 -1.6808356046676635742 -1.2647460699081420898 -0.82505518198013305664 -1.5949461460113525391 -1.6708849668502807617 -1.5522876977920532227 -1.4712675809860229492 -1.4316731691360473633 -1.9283242225646972656 -1.2753381729125976562 -1.6444879770278930664 -1.3792661428451538086 -1.6476286649703979492 -1.0536439418792724609 -2.0274152755737304688 -0.32795101404190063477 -0.77818781137466430664 -0.77614414691925048828 -1.9210656881332397461 -1.2649729251861572266 0.10201550275087356567 0.070190407335758209229 -1.8221579790115356445 -2.1971414089202880859 -1.3216273784637451172 -9999 -9999 -9999 -9999 -9999 -9999 -9999
-9999 -9999 -1.1490305662155151367 -1.8672975301742553711 -0.77116668224334716797 -0.76104849576950073242 -1.1652898788452148438 -1.0155509710311889648 -1.3881368637084960938 -0.90857297182083129883 -1.0502488613128662109 -1.2799605131149291992 -1.2561285495758056641 -1.5252417325973510742 -1.5995383262634277344 -1.8582743406295776367 -1.2334359884262084961 -1.4171620607376098633 -1.4814565181732177734 -1.3649178743362426758 -1.362336277961730957 -1.0333040952682495117 -1.693743586540222168 -0.76838034391403198242 -0.92387932538986206055 -1.7163046598434448242 -0.93851041793823242188 -1.0759675502777099609 -0.41464596986770629883 -1.1006287336349487305 -1.1580771207809448242 -1.8210461139678955078 -1.5785287618637084961 -1.9831669330596923828 -9999 -9999 -9999 -9999 -1.4638196229934692383 -9999
-9999 -9999 -1.3902012109756469727 -1.9145634174346923828 -1.7791883945465087891 -0.90271586179733276367 -1.2219215631484985352 -0.085960976779460906982 -1.2710390090942382812 -1.5265532732009887695 -1.5632758140563964844 -1.6065746545791625977 -1.3925504684448242188 -1.2452934980392456055 -1.5823290348052978516 -1.3326306343078613281 -0.97221302986145019531 -0.74178075790405273438 -0.38172167539596557617 -0.18004925549030303955 -1.2565388679504394531 -0.8038043975830078125 -0.86181032657623291016 -1.4555661678314208984 -2.3048553466796875 -1.7796000242233276367 -1.5420007705688476562 -1.0046188831329345703 -1.9302890300750732422 -0.62859171628952026367 -0.67376220226287841797 -0.95447385311126708984 -0.38882079720497131348 -1.1121855974197387695 -0.69400322437286376953 -1.3987747430801391602 -1.079120635986328125 -1.6303803920745849609 0.43641942739486694336 -9999
-9999 -1.5226626396179199219 -1.3616783618927001953 -0.68075489997863769531 -1.0888679027557373047 -1.6023327112197875977 -1.5006188154220581055 -0.81414514780044555664 -0.17164321243762969971 -1.0122796297073364258 -1.6443395614624023438 -0.057410541921854019165 -1.513512730598449707 -1.3351753950119018555 -1.3938561677932739258 -0.44664147496223449707 -0.9154376983642578125 -0.66127222776412963867 -0.99296784400939941406 -0.20477776229381561279 -0.68236494064331054688 -0.39836546778678894043 -1.0435872077941894531 -1.515140533447265625 0.1846952289342880249 -0.92427867650985717773 -0.87016505002975463867 -0.87003701925277709961 -0.10789848864078521729 -0.92872375249862670898 -1.0911722183227539062 -0.89325773715972900391 -0.95064765214920043945 -0.89158499240875244141 -1.3356484174728393555 -1.3288668394088745117 -0.12586316466331481934 -1.3685833215713500977 -0.11656607687473297119 -9999
-1.8507902622222900391 -1.9277858734130859375 -1.3796298503875732422 0.10828336328268051147 -0.17543675005435943604 -2.1284811496734619141 -2.2966821193695068359 -1.8712530136108398438 -1.376996159553527832 -1.8064963817596435547 -1.4922661781311035156 -0.50219339132308959961 0.98796659708023071289 -0.29541161656379699707 -0.34536460041999816895 -0.80140423774719238281 -0.4087447822093963623 -0.087714672088623046875 -0.58341401815414428711 -0.51080036163330078125 -0.7276833653450012207 -0.4921201169490814209 -0.84584647417068481445 0.58910661935806274414 -1.8785483837127685547 -1.4667491912841796875 -0.30679261684417724609 0.36677688360214233398 -1.1318514347076416016 -0.50719547271728515625 -0.2739187777042388916 -1.4834942817687988281 0.23506492376327514648 -0.75651353597640991211 -0.79477524757385253906 -1.48272705078125 -1.2553900480270385742 -1.4548810720443725586 -1.08274078369140625 -9999
-1.3643099069595336914 -1.2150398492813110352 -1.1729846000671386719 -1.2877124547958374023 -1.4879262447357177734 -2.1777367591857910156 -0.99038368463516235352 -0.58615118265151977539 -1.0496612787246704102 -1.3034952878952026367 -0.68674218654632568359 -0.97982805967330932617 0.55424892902374267578 -0.96768105030059814453 0.47112917900085449219 0.21413289010524749756 -0.58118468523025512695 -0.38754570484161376953 0.25694394111633300781 -0.36764758825302124023 0.38301798701286315918 -0.4687455594539642334 -0.10120799392461776733 0.12573511898517608643 0.44811707735061645508 -1.1107634305953979492 0.4288094639778137207 -0.32804214954376220703 0.94965279102325439453 -1.2378828525543212891 -1.5025780200958251953 -1.3607589006423950195 0.76019942760467529297 0.48921298980712890625 0.12841419875621795654 -0.90366035699844360352 -0.52871078252792358398 -1.3138707876205444336 0.20252001285552978516 -9999
-1.3353343009948730469 -1.8989369869232177734 -1.1305559873580932617 -1.7514311075210571289 -1.8800587654113769531 -1.2279732227325439453 -1.3272635936737060547 -0.53215539455413818359 -1.5840827226638793945 -1.6599202156066894531 -0.90520590543746948242 -1.1342189311981201172 -0.02803010307252407074 0.1406968533992767334 -0.92659616470336914062 -0.61868715286254882812 -0.65432447195053100586 -1.3646533489227294922 0.67730814218521118164 -0.028702840209007263184 0.28929847478866577148 0.92148637771606445312 -0.29957818984985351562 0.71552449464797973633 -1.0826915502548217773 0.51371556520462036133 -1.3197003602981567383 0.14596089720726013184 -1.4661056995391845703 -0.35747131705284118652 0.74375188350677490234 -1.5950521230697631836 -1.4146559238433837891 -0.79911053180694580078 -1.1406530141830444336 -1.2884652614593505859 -0.78890246152877807617 -1.6406096220016479492 -0.79822027683258056641 -9999
-2.0210514068603515625 -1.3698978424072265625 -0.70158308744430541992 -1.0879263877868652344 -1.9109996557235717773 -0.003409692784771323204 -1.4825133085250854492 -1.486972808837890625 -1.1501632928848266602 -1.3746922016143798828 -1.5736838579177856445 -0.45501145720481872559 -0.37536904215812683105 -0.23380379378795623779 -0.82755583524703979492 -0.21431773900985717773 0.35749760270118713379 -0.59263056516647338867 -0.47048485279083251953 -0.66197341680526733398 1.1363880634307861328 -1.2475397586822509766 0.32398366928100585938 -0.19092030823230743408 -0.528018951416015625 -0.41352811455726623535 -1.1382197141647338867 0.90898710489273071289 0.10554493963718414307 -0.075741045176982879639 -1.0715692043304443359 0.43157586455345153809 -0.77243328094482421875 0.089213572442531585693 -0.79179048538208007812 -0.93635445833206176758 -1.0853270292282104492 -0.81809973716735839844 -0.80913883447647094727 -9999
-1.920813441276550293 -0.66513866186141967773 -0.80099052190780639648 -1.7940996885299682617 -1.7521034479141235352 -1.1859416961669921875 -0.26155897974967956543 -0.32096251845359802246 -2.1048934459686279297 -1.0157374143600463867 -1.1868416070938110352 0.38751220703125 0.322628021240234375 -1.4130836725234985352 -0.89469689130783081055 -0.58405667543411254883 -0.63415038585662841797 -1.1669486761093139648 -0.67220264673233032227 -1.0795322656631469727 0.79481256008148193359 0.4363676905632019043 0.10228934884071350098 -0.76405864953994750977 -0.1909160614013671875 -1.0554246902465820312 -0.48949488997459411621 0.70176702737808227539 -0.72519713640213012695 -1.0303380489349365234 -0.12395898252725601196 -1.1333248615264892578 -0.88751673698425292969 -1.519298553466796875 -0.66715818643569946289 -0.53314441442489624023 -0.33241429924964904785 -0.38473775982856750488 -1.5292836427688598633 -9999
-0.61320269107818603516 -1.1068973541259765625 -1.1553781032562255859 -2.2382123470306396484 -1.5144464969635009766 0.0055995625443756580353 -1.2677795886993408203 -0.54990392923355102539 -1.4504110813140869141 0.58880013227462768555 -1.6024378538131713867 -0.54547703266143798828 0.41193550825119018555 -0.33702045679092407227 -1.1122894287109375 -1.1628588438034057617 -1.0497053861618041992 -1.2170441150665283203 -1.3589912652969360352 0.065936520695686340332 -1.3192119598388671875 -0.74898415803909301758 -0.82850450277328491211 -0.89737677574157714844 -0.11045294255018234253 -1.6429258584976196289 -1.0302634239196777344 -1.6878347396850585938 -1.2786073684692382812 -1.4652205705642700195 -0.77117133140563964844 -1.4634287357330322266 0.98348760604858398438 -0.69142544269561767578 -1.5987201929092407227 0.24070751667022705078 -0.62988972663879394531 -0.58943134546279907227 -1.1236598491668701172 -9999
-1.3767961263656616211 -1.5812052488327026367 -1.8796942234039306641 -1.6458292007446289062 -2.3290014266967773438 -1.3531557321548461914 -1.3253145217895507812 -1.5142154693603515625 -1.2799549102783203125 -1.2170237302780151367 -0.81332063674926757812 -1.4220733642578125 -2.0765125751495361328 -1.3493134975433349609 -1.1938856840133666992 -0.74960726499557495117 -1.2076715230941772461 -0.83729374408721923828 -1.3879295587539672852 -1.3413279056549072266 -1.2449272871017456055 0.46116656064987182617 -0.90410542488098144531 -0.7536894679069519043 0.83939164876937866211 -1.8040471076965332031 -0.87678897380828857422 -1.718905329704284668 -1.0776991844177246094 -0.76323878765106201172 0.71975290775299072266 -1.481083989143371582 -1.3708245754241943359 -1.5203430652618408203 -0.92504930496215820312 -1.2764090299606323242 -1.1332978010177612305 0.16879200935363769531 -0.83134591579437255859 -9999
-1.6748195886611938477 -1.2099229097366333008 -1.73574066162109375 -2.3952510356903076172 -1.9304670095443725586 -1.4630463123321533203 -1.2722059488296508789 -1.2937734127044677734 -0.86467969417572021484 -1.2193696498870849609 -1.4497916698455810547 -0.94023489952087402344 -0.27173694968223571777 -1.1814657449722290039 -1.2342363595962524414 -0.45747986435890197754 -1.9330630302429199219 -0.38756224513053894043 -1.8577368259429931641 -0.62273162603378295898 -1.4892742633819580078 -1.2711526155471801758 -0.9300543665885925293 -1.0490373373031616211 -1.0477215051651000977 -1.3309787511825561523 -0.79669553041458129883 -1.2353186607360839844 -0.89004534482955932617 -0.72597289085388183594 -0.36811432242393493652 0.23262831568717956543 -0.71871393918991088867 -0.68908083438873291016 0.27897131443023681641 -1.6579592227935791016 -1.3937619924545288086 -1.4772636890411376953 -1.3457632064819335938 -9999
-1.9238528013229370117 -1.1347585916519165039 -1.6221625804901123047 -1.0520627498626708984 -1.1565854549407958984 -1.680950164794921875 -1.086917877197265625 -1.0299420356750488281 -0.59279799461364746094 -0.27344655990600585938 -1.5540964603424072266 -0.65801578760147094727 -0.78102755546569824219 -1.2996424436569213867 -0.49516630172729492188 -1.2613366842269897461 -0.47553271055221557617 -0.19232130050659179688 -1.1863723993301391602 0.35626065731048583984 -0.37791457772254943848 -1.1057113409042358398 -1.7788425683975219727 -1.798407435417175293 -1.1024307012557983398 -1.3910011053085327148 -1.6077654361724853516 -1.0172237157821655273 -1.3353343009948730469 0.79046070575714111328 -0.9209035038948059082 -0.8071282505989074707 -1.2132848501205444336 -0.90258997678756713867 -1.5449833869934082031 -1.5843425989151000977 -1.0841019153594970703 -0.18035489320755004883 -9999 -9999
-0.25573071837425231934 -1.3440392017364501953 -0.69278746843338012695 -0.90730804204940795898 -0.5118808746337890625 -1.2522447109222412109 -1.2354669570922851562 -0.99168211221694946289 -0.97540074586868286133 -1.427701115608215332 -1.2109435796737670898 -1.8661102056503295898 -2.2480351924896240234 -1.483371734619140625 -0.15412195026874542236 -1.1653144359588623047 -1.5093597173690795898 -1.7409597635269165039 -0.37373274564743041992 -0.45780289173126220703 -0.48250469565391540527 -1.5925552845001220703 -1.3887226581573486328 -1.6360962390899658203 -0.9279339909553527832 -1.7723826169967651367 0.71839982271194458008 -0.84820973873138427734 0.73289483785629272461 -1.5178017616271972656 0.54665976762771606445 -1.4110094308853149414 0.90293163061141967773 -1.2414774894714355469 -0.80348944664001464844 0.58697015047073364258 -0.57461589574813842773 -0.35808429121971130371 -9999 -9999
