layers/evaporation.asc
ncols        290
nrows        290
xllcorner    68.000000000000
yllcorner    8.000000000000
cellsize     0.100000000000
NODATA_value -9999
[rows 252 to 269 of 290, columns 200 to 239 of 290]
0.24065622687339782715 1.3983979225158691406 0.14580574631690979004 1.4006145000457763672 -0.5909226536750793457 1.3849807977676391602 1.2514854669570922852 1.3310168981552124023 0.59144151210784912109 1.2151017189025878906 -0.3547820746898651123 -0.55794620513916015625 1.3129602670669555664 -0.047892175614833831787 -0.088202163577079772949 0.20274129509925842285 0.83594655990600585938 0.65633124113082885742 0.621868133544921875 -1.0637726783752441406 1.0666403770446777344 0.39369827508926391602 0.81296455860137939453 0.045762449502944946289 -0.76191705465316772461 1.1003909111022949219 0.86433553695678710938 1.2141517400741577148 0.88887751102447509766 1.2684938907623291016 1.366116642951965332 1.0328627824783325195 0.92886573076248168945 1.1514960527420043945 1.1940459012985229492 -0.90858483314514160156 1.3924683332443237305 0.9120235443115234375 1.2523425817489624023 0.47110673785209655762
1.4302268028259277344 -0.7677071690559387207 1.0950996875762939453 0.88226372003555297852 0.68367689847946166992 0.61205005645751953125 0.053870059549808502197 -1.0643275976181030273 -0.4254449307918548584 0.037954967468976974487 0.023799505084753036499 -0.38465425372123718262 -0.91091758012771606445 1.2406543493270874023 -1.0180159807205200195 0.61473977565765380859 1.1091513633728027344 0.99565750360488891602 0.40693172812461853027 0.8200009465217590332 0.8810818791389465332 -0.54898190498352050781 1.1622174978256225586 -0.095687054097652435303 -0.91088581085205078125 0.077707938849925994873 1.3641234636306762695 1.241291046142578125 -0.12513235211372375488 1.4375743865966796875 1.1905390024185180664 1.1192326545715332031 1.448355555534362793 0.62069904804229736328 1.3407573699951171875 -0.09703083336353302002 1.2841994762420654297 1.2739465236663818359 1.1067986488342285156 -0.79665356874465942383
-0.97207438945770263672 1.4184736013412475586 -0.98204970359802246094 -0.95762729644775390625 1.3894696235656738281 0.38519728183746337891 0.51871633529663085938 -0.86673313379287719727 1.2801198959350585938 1.4241696596145629883 -0.36073583364486694336 1.4024351835250854492 0.28532862663269042969 0.65558892488479614258 1.3700132369995117188 1.3566809892654418945 0.82076656818389892578 1.4009773731231689453 -0.95359808206558227539 0.64644235372543334961 -0.53351998329162597656 1.0654441118240356445 0.39775332808494567871 1.0768942832946777344 -0.75141692161560058594 1.2560288906097412109 -0.92754697799682617188 -0.40385544300079345703 1.3089818954467773438 1.3436399698257446289 -0.3317419886589050293 1.3440968990325927734 0.59164243936538696289 1.3363386392593383789 0.04983787238597869873 0.67140865325927734375 1.3504296541213989258 0.87545794248580932617 1.2806658744812011719 -0.53188157081604003906
-0.66797119379043579102 1.0564086437225341797 -0.4774538576602935791 0.37309435009956359863 1.1235674619674682617 -0.6609814763069152832 1.0893392562866210938 1.3084604740142822266 0.062498223036527633667 0.031799439340829849243 1.2915492057800292969 1.0918877124786376953 -0.25149464607238769531 1.0022233724594116211 0.5981578826904296875 1.3739101886749267578 1.362084507942199707 -0.42117705941200256348 1.2501633167266845703 1.3921542167663574219 1.3025597333908081055 1.3339155912399291992 0.73482531309127807617 -0.39925438165664672852 1.2181504964828491211 -0.2934544682502746582 -0.20531696081161499023 0.28576567769050598145 1.247216343879699707 0.88919031620025634766 1.2271834611892700195 0.4219481348991394043 -0.14761330187320709229 -0.40505087375640869141 0.040275420993566513062 1.063135981559753418 -0.53346908092498779297 -0.49593272805213928223 0.95252645015716552734 0.87945830821990966797
0.53414183855056762695 -0.44126972556114196777 1.0444217920303344727 -0.94071984291076660156 -0.85595279932022094727 0.73812031745910644531 0.074743568897247314453 0.78262990713119506836 0.1138331294059753418 0.38304129242897033691 1.3828829526901245117 -0.069257840514183044434 1.1511234045028686523 1.2362864017486572266 1.38242340087890625 -0.09125639498233795166 1.3226286172866821289 -0.75633764266967773438 1.3907103538513183594 1.2191703319549560547 1.3961579799652099609 1.095446467399597168 0.70964276790618896484 1.3414818048477172852 1.3058975934982299805 1.2686926126480102539 1.2826433181762695312 -0.89913898706436157227 1.3130297660827636719 1.4061926603317260742 0.99600851535797119141 1.1060957908630371094 -0.59152036905288696289 0.23137609660625457764 1.2331528663635253906 1.1027638912200927734 1.2706540822982788086 0.94353836774826049805 -0.63597017526626586914 -0.27487343549728393555
1.264989018440246582 1.340254664421081543 -0.95450437068939208984 0.52067011594772338867 0.5983562469482421875 1.2129894495010375977 1.3266524076461791992 -0.43413752317428588867 1.2261092662811279297 0.32154113054275512695 1.2130491733551025391 1.1977262496948242188 1.3232611417770385742 -0.23050794005393981934 1.4114155769348144531 -0.95949375629425048828 0.039189375936985015869 1.3273463249206542969 0.035226289182901382446 1.1620538234710693359 1.1102415323257446289 0.26460474729537963867 0.07788979262113571167 0.78446245193481445312 -0.067568577826023101807 -0.50863718986511230469 1.2384732961654663086 -0.58190321922302246094 -0.89051204919815063477 1.2900710105895996094 -1.0874469280242919922 0.75867420434951782227 1.1492290496826171875 1.3857824802398681641 1.3541367053985595703 1.2258722782135009766 0.51844167709350585938 -0.39677369594573974609 -0.79625678062438964844 0.38066402077674865723
0.93381315469741821289 1.0538223981857299805 -0.85879039764404296875 -0.69839233160018920898 1.1320960521697998047 -0.70459580421447753906 -0.81366401910781860352 0.76898652315139770508 -0.93974184989929199219 -1.1068474054336547852 -0.96028685569763183594 1.2794682979583740234 1.1514947414398193359 0.40857139229774475098 0.37769967317581176758 0.10921426117420196533 -1.0403786897659301758 -0.95635092258453369141 -0.88490891456604003906 0.49648845195770263672 -0.57501518726348876953 -0.82944852113723754883 0.77048289775848388672 0.84349042177200317383 -0.071255706250667572021 -0.44486868381500244141 0.65781319141387939453 0.12591823935508728027 0.31798839569091796875 -0.50562870502471923828 -0.46854889392852783203 -0.43229693174362182617 1.3085054159164428711 0.50826495885848999023 1.4360550642013549805 0.78551459312438964844 0.99105894565582275391 1.3369634151458740234 0.051181230694055557251 0.7499853968620300293
0.26231989264488220215 0.83159899711608886719 -0.45556890964508056641 -0.79316228628158569336 1.1827018260955810547 1.2427865266799926758 0.042149931192398071289 1.2590199708938598633 0.036407712846994400024 0.069120891392230987549 1.3035898208618164062 1.0271371603012084961 1.1952549219131469727 0.98595428466796875 0.54861563444137573242 -0.70040547847747802734 -0.5208562016487121582 -0.68049848079681396484 1.2117995023727416992 1.2251677513122558594 0.66669613122940063477 0.65715867280960083008 1.2689940929412841797 1.1847187280654907227 1.1881045103073120117 1.0938733816146850586 -0.36325424909591674805 1.1059461832046508789 1.2903084754943847656 0.98032909631729125977 1.0188891887664794922 -0.66173684597015380859 0.78837937116622924805 -0.34270459413528442383 -0.578704833984375 -0.17955540120601654053 1.4245371818542480469 0.91073656082153320312 0.072273477911949157715 -0.42156493663787841797
0.38133081793785095215 0.14432547986507415771 0.071602858603000640869 0.54234272241592407227 -0.58476758003234863281 0.055602136999368667603 -0.98967027664184570312 1.1898115873336791992 1.3289567232131958008 -0.6849867701530456543 0.26266539096832275391 0.34474274516105651855 1.2415030002593994141 1.3094900846481323242 1.0523221492767333984 0.33102726936340332031 -0.72398859262466430664 1.3405908346176147461 1.041669011116027832 1.0527765750885009766 -1.0930199623107910156 0.036644250154495239258 1.3241814374923706055 -0.85959076881408691406 0.84638017416000366211 1.3373161554336547852 0.42020294070243835449 1.0293507575988769531 0.38249868154525756836 0.17001369595527648926 0.33194121718406677246 1.0635607242584228516 1.3406462669372558594 1.2659423351287841797 0.59539568424224853516 1.3923122882843017578 1.3590056896209716797 -0.39557573199272155762 1.3892825841903686523 -0.79505455493927001953
-0.30955266952514648438 -0.98885977268218994141 1.217680811882019043 1.2194539308547973633 0.61956465244293212891 0.80510705709457397461 -0.86379885673522949219 -0.81946980953216552734 1.293879389762878418 0.77163088321685791016 0.34989869594573974609 0.82467746734619140625 1.2132166624069213867 0.21694549918174743652 1.2161021232604980469 -0.81151694059371948242 -0.99443960189819335938 1.149388432502746582 0.24412207305431365967 -0.37600106000900268555 0.65704250335693359375 -0.25338652729988098145 0.73278927803039550781 0.25830295681953430176 -1.1177129745483398438 -0.4704857170581817627 1.2236666679382324219 0.63444244861602783203 0.94668543338775634766 1.3375360965728759766 -0.071672827005386352539 0.96843558549880981445 1.4213141202926635742 0.087172046303749084473 -0.67261087894439697266 0.077480725944042205811 1.1272312402725219727 -0.045151628553867340088 1.2982918024063110352 -0.52121782302856445312
-0.71299505233764648438 -0.67511951923370361328 -0.82677751779556274414 1.3405470848083496094 1.1906632184982299805 0.28474828600883483887 0.52422291040420532227 0.24503558874130249023 1.2268697023391723633 -0.81113415956497192383 1.2718362808227539062 0.56699955463409423828 0.094360202550888061523 1.2106095552444458008 -1.0514268875122070312 -0.84802067279815673828 0.43882933259010314941 0.62114667892456054688 1.2314280271530151367 -0.36877688765525817871 1.3419282436370849609 1.2470823526382446289 -0.53495872020721435547 0.30420085787773132324 -0.70945799350738525391 -0.69276756048202514648 0.1178593859076499939 1.1052038669586181641 0.97041392326354980469 1.2629681825637817383 0.9244359135627746582 0.59691882133483886719 -0.011251513846218585968 -0.4543183743953704834 -0.57721102237701416016 0.91314691305160522461 -0.51844376325607299805 0.97528421878814697266 0.9915053248405456543 -0.15875267982482910156
-0.70595395565032958984 1.3354017734527587891 0.94843274354934692383 0.098841726779937744141 1.3851325511932373047 0.98350924253463745117 -0.73255527019500732422 -0.81689757108688354492 0.52175658941268920898 -0.33251011371612548828 0.75666278600692749023 1.348147273063659668 0.20393204689025878906 -0.28901743888854980469 1.203356623649597168 0.3264223933219909668 -1.0190367698669433594 -0.75840079784393310547 0.690212249755859375 0.84640687704086303711 0.57678753137588500977 0.98047238588333129883 -0.85137379169464111328 -0.58896207809448242188 -0.53995567560195922852 -0.74748057126998901367 0.59799551963806152344 -0.65438675880432128906 0.28438627719879150391 1.3190042972564697266 -0.61831325292587280273 1.3980637788772583008 1.4220310449600219727 1.2778918743133544922 0.70770424604415893555 -0.86580902338027954102 1.2994953393936157227 -0.21621175110340118408 1.3015969991683959961 -0.43708580732345581055
0.17947992682456970215 1.3056660890579223633 -0.57427167892456054688 0.2172524183988571167 1.3367171287536621094 1.1540763378143310547 -0.72136503458023071289 -0.79088252782821655273 1.0220710039138793945 0.1767724454402923584 1.2897340059280395508 0.13935646414756774902 1.2438476085662841797 -0.15050561726093292236 0.7619832158088684082 -0.92245078086853027344 -0.024146705865859985352 -0.19641919434070587158 0.29163590073585510254 0.4147205650806427002 1.2119063138961791992 1.1937919855117797852 0.64454454183578491211 1.0533620119094848633 0.37573611736297607422 0.99905890226364135742 1.0954595804214477539 0.13942089676856994629 1.2740876674652099609 1.2305102348327636719 -0.33552491664886474609 -0.26712995767593383789 1.0201345682144165039 1.2021073102951049805 1.1165467500686645508 -0.36235386133193969727 0.5441875457763671875 1.425586700439453125 -0.58676034212112426758 1.420621037483215332
-0.42762973904609680176 0.10998322814702987671 1.1778786182403564453 1.3265587091445922852 0.98320400714874267578 -0.83523190021514892578 -0.39945870637893676758 1.3812326192855834961 0.34338539838790893555 0.74564719200134277344 1.2781885862350463867 0.43508243560791015625 0.75175905227661132812 1.3846344947814941406 1.1926245689392089844 0.1524839550256729126 -0.27482974529266357422 -0.6433245539665222168 -1.1300032138824462891 0.87664276361465454102 1.293581843376159668 1.2968996763229370117 1.2365835905075073242 1.1132793426513671875 0.88797545433044433594 1.1977131366729736328 0.83852732181549072266 0.050845071673393249512 -0.64262974262237548828 1.3726774454116821289 -0.47004145383834838867 -0.3872108161449432373 -1.0349149703979492188 -0.94902539253234863281 -0.12264190614223480225 -1.0001326799392700195 -0.56243157386779785156 1.0872412919998168945 0.94821274280548095703 0.53599512577056884766
-0.26552039384841918945 1.3998357057571411133 0.06198614463210105896 0.23029640316963195801 1.3887193202972412109 1.3433669805526733398 -0.69914096593856811523 -0.6881783604621887207 0.14897826313972473145 1.3406699895858764648 1.3790432214736938477 1.2724930047988891602 -0.76319259405136108398 0.19114027917385101318 0.74508589506149291992 0.3948008418083190918 0.84346413612365722656 -0.13156552612781524658 0.017754618078470230103 1.358584284782409668 1.0216135978698730469 1.2844004631042480469 0.98258423805236816406 -0.42108169198036193848 1.1358339786529541016 -0.90333986282348632812 1.3854395151138305664 0.19394695758819580078 0.78164732456207275391 -0.19725726544857025146 1.3078097105026245117 -0.79454082250595092773 1.2842452526092529297 0.94688510894775390625 0.50512725114822387695 1.3613435029983520508 1.3813793659210205078 -1.1407628059387207031 1.2488356828689575195 1.2229964733123779297
0.1486895829439163208 1.2305268049240112305 0.31525251269340515137 1.178854823112487793 -0.10606255382299423218 -0.73932206630706787109 -0.85803121328353881836 1.2233254909515380859 0.50493901968002319336 1.2650542259216308594 0.8179238438606262207 0.82834726572036743164 1.3821631669998168945 1.3094676733016967773 1.1936457157135009766 1.210459589958190918 0.30450734496116638184 0.48889547586441040039 0.67817163467407226562 -0.20993795990943908691 1.1469000577926635742 -0.59821933507919311523 1.1032060384750366211 -0.57057225704193115234 0.45541799068450927734 -0.76379030942916870117 -0.71310609579086303711 -0.72225099802017211914 -1.0393913984298706055 0.7207965850830078125 -0.71511834859848022461 0.86648130416870117188 1.28119659423828125 -0.95703548192977905273 0.85109400749206542969 1.1345537900924682617 -0.041998624801635742188 0.78900289535522460938 0.53698199987411499023 0.16000063717365264893
1.2817921638488769531 0.87774235010147094727 0.21587938070297241211 0.9605776667594909668 1.3649691343307495117 1.3786438703536987305 -0.9136263728141784668 0.91780942678451538086 0.74963653087615966797 0.71401834487915039062 -0.42335721850395202637 -0.5153700709342956543 -0.35050952434539794922 -0.93599325418472290039 -0.013036154210567474365 1.2822334766387939453 1.3058118820190429688 1.1761274337768554688 1.2495088577270507812 0.12905259430408477783 1.0312452316284179688 1.1450150012969970703 -0.93440407514572143555 -0.41668069362640380859 1.3456552028656005859 0.97889119386672973633 0.73183423280715942383 -0.036873187869787216187 0.97468650341033935547 1.2043066024780273438 -0.44030916690826416016 0.45166474580764770508 1.2188392877578735352 1.3201436996459960938 0.70671319961547851562 0.56452864408493041992 0.16218078136444091797 0.50859391689300537109 -0.77567875385284423828 1.2814624309539794922
0.83105260133743286133 -0.11140714585781097412 -0.81446224451065063477 0.8363768458366394043 1.2423508167266845703 0.78053331375122070312 1.0144394636154174805 0.87020361423492431641 1.2646214962005615234 1.2500056028366088867 1.3528475761413574219 -0.99161428213119506836 0.028732063248753547668 -0.91064584255218505859 1.1152327060699462891 1.3294806480407714844 -0.30064049363136291504 0.30415636301040649414 0.45484021306037902832 -0.6849371790885925293 -1.0331891775131225586 0.41678032279014587402 1.0620296001434326172 -0.47092953324317932129 -0.2773507237434387207 -0.41732418537139892578 0.74910414218902587891 0.44303911924362182617 0.51556926965713500977 -0.85053360462188720703 -0.78106993436813354492 -0.13622255623340606689 1.2145179510116577148 0.91087943315505981445 -0.87171524763107299805 1.3536826372146606445 -0.89709067344665527344 -0.60675632953643798828 -0.48042246699333190918 0.042955774813890457153
