layers/evaporation.asc
ncols        290
nrows        290
xllcorner    68.000000000000
yllcorner    8.000000000000
cellsize     0.100000000000
NODATA_value -9999
[rows 198 to 215 of 290, columns 200 to 239 of 290]
0.8808377385139465332 1.2030992507934570312 1.4473195075988769531 1.36730194091796875 1.5023690462112426758 1.5111613273620605469 1.553408503532409668 1.488652348518371582 1.3166973590850830078 1.4371677637100219727 1.3845658302307128906 1.4210149049758911133 1.326475977897644043 0.93920606374740600586 0.18707163631916046143 1.4852929115295410156 1.3263467550277709961 1.1568164825439453125 -0.7441342473030090332 1.1755429506301879883 0.64911806583404541016 -0.60194629430770874023 1.045582890510559082 -0.55299967527389526367 -0.30336070060729980469 -0.60070127248764038086 -0.5801423192024230957 1.3707935810089111328 0.48474797606468200684 -0.20290282368659973145 0.72500169277191162109 0.46358114480972290039 0.94272190332412719727 0.65282553434371948242 0.25650602579116821289 1.3126219511032104492 -0.12040580809116363525 -0.088801562786102294922 -0.64779585599899291992 -0.22182764112949371338
0.95038610696792602539 1.3969671726226806641 1.279515385627746582 1.4442924261093139648 1.351328730583190918 1.3945915699005126953 1.4085686206817626953 1.4766371250152587891 0.7625452876091003418 1.4416234493255615234 0.98209929466247558594 0.98913526535034179688 -0.08956416696310043335 0.71518707275390625 1.4235023260116577148 -0.1008052825927734375 1.4777181148529052734 1.1961362361907958984 1.2675057649612426758 -0.58583873510360717773 0.13135440647602081299 -0.37523633241653442383 -0.034145779907703399658 0.47145432233810424805 1.2230032682418823242 1.4504288434982299805 1.242930293083190918 1.322728276252746582 1.4193574190139770508 1.4534262418746948242 1.3468773365020751953 1.0994336605072021484 -0.52488207817077636719 1.3948255777359008789 0.15258017182350158691 -0.44749522209167480469 -0.48372384905815124512 1.2714607715606689453 0.57177740335464477539 1.1000016927719116211
0.85806804895401000977 1.3796608448028564453 0.95447468757629394531 1.3387424945831298828 1.4606817960739135742 1.4413207769393920898 1.3895509243011474609 1.4638894796371459961 1.1217082738876342773 1.2318836450576782227 -0.063461363315582275391 0.62929582595825195312 -0.20538690686225891113 -0.04117412865161895752 0.39532902836799621582 1.4629607200622558594 1.4446039199829101562 1.1935058832168579102 -0.87619423866271972656 1.0112881660461425781 1.0143347978591918945 0.47019660472869873047 1.4058949947357177734 1.187381744384765625 1.3429964780807495117 1.4235655069351196289 1.394209742546081543 0.40628993511199951172 1.3292932510375976562 1.2710940837860107422 1.2916696071624755859 -0.4108168184757232666 -0.38433164358139038086 -0.44685342907905578613 1.413418889045715332 0.88061261177062988281 0.029108913615345954895 -0.6883411407470703125 1.4598789215087890625 0.42908459901809692383
0.7910410761833190918 0.43791115283966064453 -0.53725415468215942383 1.4138628244400024414 1.4749182462692260742 1.4801958799362182617 1.3921278715133666992 0.56324589252471923828 0.026473073288798332214 -0.2207975536584854126 -0.39032354950904846191 1.2837777137756347656 0.86864703893661499023 0.76725149154663085938 -0.089190706610679626465 -0.60621714591979980469 1.1677507162094116211 0.43164244294166564941 1.4817380905151367188 1.4311139583587646484 1.4133520126342773438 1.2242242097854614258 1.1642670631408691406 0.67950993776321411133 1.301015019416809082 1.2503472566604614258 0.68510252237319946289 1.4016721248626708984 1.445219874382019043 1.4873187541961669922 -0.39800852537155151367 0.026517584919929504395 1.3886883258819580078 1.2657147645950317383 -0.62317842245101928711 0.80288493633270263672 0.59809935092926025391 1.1488741636276245117 0.81652539968490600586 0.94591945409774780273
0.50169527530670166016 1.1557329893112182617 -0.10653732717037200928 -0.66727769374847412109 0.059349033981561660767 -0.36190155148506164551 0.48583701252937316895 0.59348517656326293945 -0.30296689271926879883 0.056228242814540863037 -0.26248776912689208984 0.54576361179351806641 0.96918672323226928711 1.0781502723693847656 -0.0098360944539308547974 1.0070202350616455078 -0.26198375225067138672 1.4583846330642700195 1.4832000732421875 1.4658186435699462891 1.0908288955688476562 1.333714604377746582 1.3052133321762084961 1.3392355442047119141 0.45084449648857116699 0.76972752809524536133 1.2769215106964111328 -0.39146599173545837402 1.4870076179504394531 1.5093477964401245117 1.4072998762130737305 1.5007408857345581055 1.4813226461410522461 -0.69355601072311401367 -0.17797042429447174072 0.97935324907302856445 0.93304669857025146484 0.94916105270385742188 1.3478014469146728516 1.0843694210052490234
0.090707413852214813232 0.9495366215705871582 1.1805119514465332031 -0.32684588432312011719 0.40002927184104919434 0.83284318447113037109 1.2337217330932617188 0.030111450701951980591 0.045431379228830337524 -0.24782954156398773193 0.62216871976852416992 0.58414185047149658203 0.69578069448471069336 -0.38285434246063232422 1.0489555597305297852 0.41643229126930236816 -0.11477889120578765869 1.4360834360122680664 1.4664952754974365234 0.21711464226245880127 0.27119138836860656738 -0.28242528438568115234 -0.56498348712921142578 0.86494421958923339844 -0.12756767868995666504 1.2207269668579101562 0.092889674007892608643 0.9642054438591003418 0.65489119291305541992 1.4808177947998046875 1.4964064359664916992 1.4753201007843017578 1.4843633174896240234 0.85691714286804199219 0.48268145322799682617 -0.14049679040908813477 1.1407704353332519531 -0.16902771592140197754 -0.39983597397804260254 0.032163575291633605957
1.3035253286361694336 0.33888646960258483887 -0.38837105035781860352 0.89336621761322021484 0.93905854225158691406 0.65604549646377563477 -0.22787040472030639648 0.77901273965835571289 0.2215537726879119873 -0.68945050239562988281 0.66383647918701171875 0.3637942969799041748 -0.42791375517845153809 0.92938500642776489258 -0.10199094563722610474 -0.56375330686569213867 0.58105456829071044922 -0.64048945903778076172 -0.76871013641357421875 0.93364614248275756836 -0.88606190681457519531 1.1627215147018432617 0.63415205478668212891 1.1872155666351318359 1.1019860506057739258 0.7025254368782043457 0.69514393806457519531 0.98878771066665649414 -0.18581181764602661133 1.3577407598495483398 1.4101934432983398438 0.41399610042572021484 1.1953219175338745117 1.4404814243316650391 0.29198732972145080566 -0.64054161310195922852 1.0105493068695068359 1.3047144412994384766 -0.36559164524078369141 0.53575438261032104492
-0.94320982694625854492 1.2088533639907836914 0.99458032846450805664 0.36081171035766601562 0.57025218009948730469 1.3653883934020996094 -0.044453456997871398926 1.1522133350372314453 0.43156611919403076172 -0.67267400026321411133 -0.6595427393913269043 1.0352061986923217773 -0.40593683719635009766 -0.11933926492929458618 -0.0064249294809997081757 -1.1330357789993286133 -1.1125514507293701172 0.56047016382217407227 1.0152308940887451172 1.1836856603622436523 1.0436787605285644531 0.53192478418350219727 1.3405530452728271484 0.052467357367277145386 0.87356942892074584961 -0.42910408973693847656 0.89330732822418212891 0.3749103546142578125 0.8540630340576171875 0.099417388439178466797 1.4630827903747558594 1.3788015842437744141 -0.34944808483123779297 -0.27157500386238098145 0.92540413141250610352 0.69317281246185302734 -0.12839557230472564697 -0.2205775529146194458 1.348029017448425293 -0.47015294432640075684
0.83026963472366333008 0.34087967872619628906 0.94377154111862182617 -0.20655307173728942871 -0.02639721892774105072 -0.7460435032844543457 1.2666299343109130859 -0.36549586057662963867 0.91150343418121337891 0.86994421482086181641 1.1273889541625976562 0.54933035373687744141 0.95853698253631591797 1.1892082691192626953 1.1315008401870727539 0.35948190093040466309 0.018044993281364440918 -1.106196284294128418 -0.82056349515914916992 -0.73518520593643188477 0.44178861379623413086 0.91094559431076049805 1.3009874820709228516 0.42006897926330566406 -0.24604871869087219238 0.34039726853370666504 -0.57572054862976074219 -1.0487096309661865234 -0.53020840883255004883 1.3519120216369628906 0.31217241287231445312 1.2014905214309692383 -0.49318286776542663574 -0.19741325080394744873 1.2365071773529052734 1.2940336465835571289 -0.70160639286041259766 0.87307983636856079102 0.37191674113273620605 0.44392973184585571289
-0.72867357730865478516 -0.40813180804252624512 0.18075291812419891357 0.0012231661239638924599 -0.12121927738189697266 0.93370544910430908203 -1.3214370012283325195 -0.77051639556884765625 -1.0577349662780761719 -0.44749692082405090332 -0.81622272729873657227 -0.46757346391677856445 0.11577928066253662109 0.27075856924057006836 0.90648442506790161133 0.9349682927131652832 1.1133708953857421875 0.62888419628143310547 -1.3096270561218261719 1.0274919271469116211 1.1362668275833129883 -1.2843767404556274414 1.0473285913467407227 0.95244801044464111328 -0.33974999189376831055 1.1111533641815185547 1.3263258934020996094 1.3149063587188720703 -0.75466364622116088867 -0.50156557559967041016 -0.57644629478454589844 1.2654752731323242188 1.2137147188186645508 0.99598729610443115234 1.0623949766159057617 0.97979748249053955078 0.12596148252487182617 -0.53124696016311645508 -0.84226703643798828125 1.0631313323974609375
0.99608349800109863281 -0.20350816845893859863 -0.71152579784393310547 0.72249180078506469727 -0.28612089157104492188 -0.13694827258586883545 -0.37788957357406616211 1.3805013895034790039 1.3523075580596923828 1.3717490434646606445 0.1157390102744102478 -0.49768599867820739746 1.2164353132247924805 -0.95770019292831420898 -0.01574660278856754303 1.2669130563735961914 1.0678049325942993164 -0.26758563518524169922 -0.1873264312744140625 -0.55009591579437255859 -0.47087484598159790039 1.229006648063659668 0.24760572612285614014 1.0095658302307128906 1.0661529302597045898 1.0549969673156738281 0.81597006320953369141 0.60949224233627319336 1.0740426778793334961 1.1317200660705566406 -0.36152005195617675781 -0.44261944293975830078 0.30228227376937866211 -0.97983735799789428711 -0.34580123424530029297 0.83618140220642089844 -0.6790784001350402832 1.2425355911254882812 -0.42173281311988830566 -0.79740214347839355469
1.1317653656005859375 1.2492909431457519531 -0.35894608497619628906 -0.71003448963165283203 0.087187305092811584473 -0.054093059152364730835 -0.70780175924301147461 -0.58889216184616088867 0.90959799289703369141 0.94841706752777099609 -0.64447969198226928711 0.062265925109386444092 0.035733703523874282837 -0.01132061053067445755 0.87005698680877685547 -0.44536933302879333496 1.3292763233184814453 -0.84506434202194213867 -0.58899682760238647461 1.0877021551132202148 -0.78303217887878417969 0.65054744482040405273 -0.79558444023132324219 -0.80457675457000732422 1.268921971321105957 -0.24886345863342285156 0.8958384394645690918 -0.34484022855758666992 0.88049983978271484375 -0.010609721764922142029 -0.073325634002685546875 0.18585164844989776611 1.257935643196105957 -0.4305114448070526123 0.81432020664215087891 -0.82614290714263916016 0.80938935279846191406 0.78279441595077514648 1.2805089950561523438 -0.62074142694473266602
0.84235262870788574219 -0.32916465401649475098 1.3388684988021850586 1.1961959600448608398 -0.54504847526550292969 1.3737236261367797852 -0.11683143675327301025 1.1252702474594116211 0.74854797124862670898 -0.40658751130104064941 -0.85487860441207885742 1.405854344367980957 -0.4935563206672668457 -0.8486328125 1.3532880544662475586 0.9515259861946105957 -0.93597251176834106445 1.2227531671524047852 -0.42393499612808227539 -0.72515857219696044922 0.89487403631210327148 1.3111951351165771484 0.70953172445297241211 1.1020530462265014648 0.97480094432830810547 0.82430362701416015625 0.92188274860382080078 0.93736630678176879883 -0.97207778692245483398 1.0171257257461547852 0.40335947275161743164 1.2843419313430786133 1.2467098236083984375 -0.91535335779190063477 0.97012740373611450195 -0.021525701507925987244 -0.70899844169616699219 -1.0374494791030883789 -1.2904965877532958984 -0.78330564498901367188
-0.68423306941986083984 -1.1839365959167480469 0.14548698067665100098 0.76000696420669555664 0.07862739264965057373 0.052742049098014831543 1.3706252574920654297 0.81532317399978637695 -0.13170288503170013428 0.3858025968074798584 0.73292452096939086914 0.58736145496368408203 -0.5804373621940612793 0.10489933192729949951 -0.15373492240905761719 -0.97897469997406005859 -1.2191411256790161133 1.2839303016662597656 -0.49572712182998657227 0.73155230283737182617 -0.85230976343154907227 1.2131890058517456055 -0.67786175012588500977 1.2821278572082519531 1.0945740938186645508 -0.66529381275177001953 -0.1002605631947517395 -0.3067341148853302002 -1.0349255800247192383 -0.61318612098693847656 -0.12718531489372253418 -0.37433215975761413574 -0.22619342803955078125 0.20606428384780883789 -0.012567739002406597137 1.2054446935653686523 -1.2565355300903320312 -0.079347208142280578613 -0.49348551034927368164 -0.75315874814987182617
1.3861626386642456055 -0.27613455057144165039 -0.15180446207523345947 1.3366048336029052734 -0.47482776641845703125 0.75720322132110595703 1.272539973258972168 1.2590063810348510742 -1.2689194679260253906 1.2745379209518432617 0.7855777740478515625 0.65571063756942749023 -1.1258480548858642578 -0.94059729576110839844 -0.70582932233810424805 1.2881143093109130859 -0.94538444280624389648 -1.1737997531890869141 0.12366052716970443726 -0.51828271150588989258 -1.0153542757034301758 0.24582278728485107422 1.1266530752182006836 -0.99214416742324829102 1.0379462242126464844 -0.73127633333206176758 -0.39952313899993896484 -0.26037544012069702148 1.2429921627044677734 -0.66377115249633789062 -1.0592458248138427734 -0.93552911281585693359 -0.8256041407585144043 -0.98293483257293701172 -1.0508588552474975586 0.56220096349716186523 -0.92745500802993774414 -0.98389327526092529297 -1.0681893825531005859 -1.2867361307144165039
-0.86593830585479736328 1.3556787967681884766 1.3824908733367919922 -0.68309783935546875 -0.79984724521636962891 0.2576077580451965332 1.251179814338684082 0.59823840856552124023 -1.0512514114379882812 -0.40914154052734375 0.73481595516204833984 -1.0433251857757568359 -0.77457189559936523438 0.9477748870849609375 -0.21396802365779876709 -1.2354623079299926758 0.17369616031646728516 1.3283412456512451172 1.10852813720703125 0.62332510948181152344 0.28987798094749450684 -0.30699992179870605469 1.1899484395980834961 1.2143174409866333008 -1.0016676187515258789 1.2338434457778930664 1.3170784711837768555 -1.1152322292327880859 -1.3403296470642089844 1.2401256561279296875 1.2580674886703491211 -0.91364288330078125 1.1418683528900146484 1.1417063474655151367 0.63529831171035766602 0.6267502903938293457 -0.31776413321495056152 0.84938567876815795898 -0.80977934598922729492 -0.79367053508758544922
0.0051256367005407810211 0.084701098501682281494 -0.51359641551971435547 0.5352465510368347168 0.55529260635375976562 -0.018894521519541740417 -0.56898134946823120117 -0.81369793415069580078 -0.76183271408081054688 0.84225088357925415039 -0.10199476033449172974 -0.96275734901428222656 0.93314164876937866211 1.3364725112915039062 -1.0519809722900390625 0.81264704465866088867 -1.0541826486587524414 -1.2938150167465209961 0.21987850964069366455 1.362816929817199707 -0.75248688459396362305 0.19297027587890625 -0.69254541397094726562 1.1645065546035766602 -0.32216301560401916504 -0.056444462388753890991 0.081709176301956176758 1.1841790676116943359 -0.85987222194671630859 -1.1394033432006835938 0.71613359451293945312 -1.3439255952835083008 1.1639970541000366211 -1.3431931734085083008 1.312182307243347168 -0.72245573997497558594 -0.80992728471755981445 -0.053912051022052764893 -0.2831090390682220459 -0.32451778650283813477
0.63555645942687988281 1.3620352745056152344 -0.83315896987915039062 1.3179208040237426758 -0.87820953130722045898 1.2477072477340698242 -0.36699903011322021484 -0.38633164763450622559 -0.42385911941528320312 1.1088626384735107422 1.1609359979629516602 1.296957850456237793 -0.31979888677597045898 -1.0330196619033813477 -1.0452268123626708984 -0.27660930156707763672 1.2926729917526245117 -0.32936301827430725098 0.87295222282409667969 -0.53976875543594360352 -0.5821024775505065918 0.90601980686187744141 -0.65489673614501953125 1.3419849872589111328 1.1785907745361328125 -0.62406653165817260742 1.0803529024124145508 1.2712424993515014648 -1.0359301567077636719 1.2969056367874145508 -1.3264408111572265625 1.1322655677795410156 -1.0173860788345336914 -0.82689577341079711914 -1.0889679193496704102 -0.3314520418643951416 -0.14469344913959503174 0.57818263769149780273 -0.89876127243041992188 -0.24964089691638946533
