layers/evaporation.asc
ncols        290
nrows        290
xllcorner    68.000000000000
yllcorner    8.000000000000
cellsize     0.100000000000
NODATA_value -9999
[rows 144 to 161 of 290, columns 200 to 239 of 290]
-1.1473773717880249023 -1.2428565025329589844 -1.2132971286773681641 -1.4265663623809814453 -1.5326820611953735352 -0.13641077280044555664 -0.80164760351181030273 -0.062572859227657318115 -0.88201445341110229492 -1.0286669731140136719 -0.25672349333763122559 0.035286482423543930054 -1.9161521196365356445 -1.3536763191223144531 -1.0981289148330688477 -0.92284715175628662109 -1.5860390663146972656 -1.7801799774169921875 -1.8074285984039306641 -2.0258469581604003906 -1.7563645839691162109 -0.14099784195423126221 -0.81331515312194824219 -1.3173251152038574219 -0.16851691901683807373 0.27050253748893737793 -1.7975952625274658203 -1.1496299505233764648 -1.6401386260986328125 -9999 -1.1583636999130249023 -1.6320747137069702148 -9999 -9999 -9999 -9999 -9999 -9999 -0.089058026671409606934 -1.9548983573913574219
-1.2491977214813232422 0.20201259851455688477 -1.4606270790100097656 -0.35972905158996582031 -1.5520672798156738281 0.48900908231735229492 -1.535479426383972168 -1.3155765533447265625 -0.97598534822463989258 -1.1223491430282592773 -1.464717864990234375 -1.1943681240081787109 -1.1231571435928344727 -1.0371069908142089844 -1.0052038431167602539 -1.8044710159301757812 0.70015704631805419922 0.42474338412284851074 -1.3926293849945068359 -1.3615884780883789062 -1.5008591413497924805 -1.4733765125274658203 0.21362760663032531738 -0.24912838637828826904 -0.2578455805778503418 -1.1475269794464111328 0.37327367067337036133 -0.21300108730792999268 -0.54774492979049682617 -9999 -9999 -9999 -9999 -9999 -9999 -2.586093902587890625 -9999 -9999 -1.0841845273971557617 -1.8537576198577880859
-1.7361892461776733398 -1.5988456010818481445 -1.1190626621246337891 0.054356276988983154297 -0.75474840402603149414 -1.4741684198379516602 -0.011787329800426959991 -1.2540793418884277344 -1.5190433263778686523 -1.4669318199157714844 -0.62840431928634643555 -1.1264275312423706055 -1.9694209098815917969 -1.1567596197128295898 -1.0412251949310302734 -1.517941594123840332 -1.3236769437789916992 -1.0424435138702392578 -1.6173295974731445312 -1.1946233510971069336 -1.427603602409362793 -1.3509709835052490234 -1.5784533023834228516 -1.3471689224243164062 -1.2837659120559692383 -1.6125584840774536133 -1.9391294717788696289 -0.41969975829124450684 -9999 -9999 -0.46769133210182189941 -1.7932747602462768555 -1.8181173801422119141 -9999 -9999 -9999 -9999 -2.3520402908325195312 0.071738928556442260742 -1.7415486574172973633
0.12069869786500930786 -1.4076564311981201172 -0.75933378934860229492 -0.98530066013336181641 0.18664434552192687988 -1.2186828851699829102 -1.028545379638671875 -1.2194582223892211914 -0.40503856539726257324 -0.96257549524307250977 -1.6267403364181518555 -1.9034951925277709961 -1.7857908010482788086 -1.5666962862014770508 -1.2789337635040283203 -1.4261857271194458008 -0.57132935523986816406 0.35767057538032531738 -1.9190915822982788086 -1.6718289852142333984 -0.40176686644554138184 -1.015033721923828125 -0.32006382942199707031 -1.6842756271362304688 0.12717130780220031738 0.1204829290509223938 0.25646916031837463379 -9999 -9999 0.36589348316192626953 -2.3769989013671875 0.84200799465179443359 -1.7005231380462646484 -1.0713211297988891602 -9999 -9999 -1.4577178955078125 -1.9601628780364990234 -1.838408350944519043 -1.872295379638671875
-0.48004052042961120605 -1.2215611934661865234 -1.6711460351943969727 -0.42619439959526062012 0.011216728948056697845 -1.1708927154541015625 -1.2765213251113891602 -1.3833343982696533203 -1.7670207023620605469 -0.88918060064315795898 -1.1767649650573730469 -1.2735980749130249023 -1.6432229280471801758 -1.2959836721420288086 -1.417964935302734375 -1.1431862115859985352 -1.4827816486358642578 -1.8644434213638305664 -1.4229598045349121094 -1.6240514516830444336 -1.8421850204467773438 -1.6193884611129760742 -0.56613779067993164062 -0.28515565395355224609 -1.5005131959915161133 -1.4345909357070922852 -0.28276357054710388184 -0.19792279601097106934 -9999 -0.94416105747222900391 -0.80250388383865356445 0.093537405133247375488 -1.5514529943466186523 -0.18289408087730407715 -1.5107369422912597656 -0.30230051279067993164 0.23082247376441955566 0.064981885254383087158 -0.17712600529193878174 -1.6155292987823486328
-0.012166300788521766663 -1.0891340970993041992 -1.1966376304626464844 -1.7030491828918457031 -0.0085741290822625160217 0.26000493764877319336 -1.3554567098617553711 -1.540500640869140625 -1.1632343530654907227 -1.6613979339599609375 -1.6313693523406982422 -1.5594704151153564453 -1.7193648815155029297 -1.6539032459259033203 -1.6073106527328491211 -1.4794276952743530273 0.3657200932502746582 -1.1157624721527099609 -1.0700736045837402344 -1.6529380083084106445 -0.54698193073272705078 -2.2628734111785888672 -0.3513768613338470459 -0.18066816031932830811 0.12248799949884414673 -0.89202159643173217773 -9999 -9999 -1.7445901632308959961 -2.0451235771179199219 -2.1543419361114501953 -0.041519187390804290771 -1.8493158817291259766 0.14217288792133331299 -1.3577631711959838867 -2.1571667194366455078 -1.6426074504852294922 -0.56299406290054321289 -1.7693996429443359375 -1.3866976499557495117
-1.5894701480865478516 -1.7834939956665039062 -0.90000838041305541992 0.073418021202087402344 -1.6175377368927001953 -0.096915528178215026855 -1.7110257148742675781 -1.6717031002044677734 -0.16524310410022735596 -1.6589266061782836914 0.25887313485145568848 -0.9983221888542175293 -1.3260478973388671875 -1.2622891664505004883 -2.1467955112457275391 -2.1569683551788330078 -1.4099904298782348633 -1.8702046871185302734 -1.6837118864059448242 -1.9726417064666748047 -0.56728738546371459961 -1.0421183109283447266 -0.40840479731559753418 -0.14554294943809509277 -1.2931838035583496094 0.43231049180030822754 -9999 -1.1438165903091430664 0.14498083293437957764 -1.3631459474563598633 -1.3939120769500732422 -1.2059873342514038086 -0.18298776447772979736 -1.135626673698425293 -2.3831362724304199219 -1.9416009187698364258 0.35102713108062744141 -2.3299157619476318359 -1.7912993431091308594 -1.7059507369995117188
-1.2377607822418212891 -1.5955002307891845703 -0.056176129728555679321 0.078745231032371520996 -1.6090731620788574219 -0.70323503017425537109 -0.91720622777938842773 -0.39987793564796447754 -0.72302716970443725586 -1.689776301383972168 -1.7510733604431152344 0.14075492322444915771 -1.7024493217468261719 0.13303858041763305664 -1.8525714874267578125 -2.0984613895416259766 -1.4597628116607666016 -0.0034902347251772880554 -1.7575061321258544922 -1.6906312704086303711 -0.5550225377082824707 -0.55156940221786499023 0.44293907284736633301 -2.078662872314453125 -1.8537156581878662109 -1.7422662973403930664 -9999 -0.31227117776870727539 -1.692230224609375 -0.86903238296508789062 -1.8732644319534301758 -1.8799285888671875 -1.6851874589920043945 0.11117143183946609497 -1.6150718927383422852 -0.75468903779983520508 0.19792403280735015869 0.46265405416488647461 -1.8682750463485717773 0.098723880946636199951
-0.3517036736011505127 -0.31137758493423461914 -0.99898767471313476562 0.074286177754402160645 -1.6633229255676269531 -2.0503830909729003906 -1.6958546638488769531 -1.6805723905563354492 -1.5440579652786254883 0.25134879350662231445 -1.574719548225402832 -0.85030722618103027344 0.54725533723831176758 -1.5206787586212158203 -0.88292461633682250977 -1.9293805360794067383 -0.22786700725555419922 0.20637373626232147217 -0.40095424652099609375 -1.5998841524124145508 -2.2075145244598388672 -0.42446571588516235352 -1.5552020072937011719 -0.29588216543197631836 -1.7633521556854248047 -0.65062928199768066406 -1.3626296520233154297 -2.2328617572784423828 -1.2483820915222167969 -0.3029690086841583252 -0.083506561815738677979 0.4646561741828918457 0.42010459303855895996 -1.4709577560424804688 -2.4423654079437255859 -1.3130068778991699219 -2.0127286911010742188 -1.7016222476959228516 -0.99959897994995117188 -1.2434449195861816406
-1.5568044185638427734 -2.5844058990478515625 -1.5758483409881591797 -1.4889868497848510742 -1.4831738471984863281 -2.5023400783538818359 0.59203201532363891602 -1.6692765951156616211 -1.084650874137878418 -0.75664240121841430664 -1.6561796665191650391 -1.4637556076049804688 -0.16541223227977752686 -1.4006453752517700195 -1.8336877822875976562 0.41577777266502380371 -0.1844129413366317749 -2.0206058025360107422 -1.1391549110412597656 -1.0070490837097167969 -1.4748063087463378906 -0.23737011849880218506 -1.5196927785873413086 -1.4646898508071899414 -1.5947366952896118164 -1.1158629655838012695 -0.93613231182098388672 -1.1049008369445800781 -1.3635880947113037109 -2.125091552734375 -2.1797995567321777344 -1.6998796463012695312 -1.7132143974304199219 0.46074861288070678711 -1.3542464971542358398 -1.5221323966979980469 -1.2677371501922607422 -1.4548107385635375977 -1.8358768224716186523 -1.7196352481842041016
-1.7897564172744750977 0.024588815867900848389 -1.9533231258392333984 -1.5478837490081787109 -1.5724092721939086914 0.047593295574188232422 -1.4443851709365844727 0.35403007268905639648 -1.6492835283279418945 -1.3500578403472900391 -1.5956608057022094727 0.24114838242530822754 -1.6133546829223632812 -0.65541601181030273438 -1.7460916042327880859 -0.45738196372985839844 -1.8447610139846801758 -1.5681502819061279297 -2.1395018100738525391 -1.3328752517700195312 -1.6115776300430297852 -1.6700184345245361328 -0.63810372352600097656 -0.823787689208984375 -1.4195214509963989258 -1.081139683723449707 -0.93277710676193237305 0.11418666690587997437 -1.5136750936508178711 -1.7447860240936279297 -1.5112066268920898438 -0.38689669966697692871 -2.2882313728332519531 -1.6283057928085327148 0.37059035897254943848 -1.3546636104583740234 0.22987589240074157715 -0.31426650285720825195 -1.9077838659286499023 -2.1369905471801757812
0.54429137706756591797 -0.589511871337890625 -0.56049007177352905273 -1.5872594118118286133 -0.83537048101425170898 -0.88646417856216430664 -1.4262462854385375977 -1.6456799507141113281 0.35965910553932189941 -1.4221141338348388672 -1.4467421770095825195 -1.4045834541320800781 -0.6180241703987121582 -1.4907820224761962891 0.010086597874760627747 -1.0042784214019775391 -0.23446254432201385498 -1.4394433498382568359 0.26925668120384216309 -0.90441191196441650391 -1.6392428874969482422 -0.53063696622848510742 -0.55115020275115966797 -1.7723907232284545898 -1.4773671627044677734 0.36983197927474975586 -1.293356776237487793 -0.63109105825424194336 -1.516995549201965332 -1.7402845621109008789 -1.7436443567276000977 -0.057304564863443374634 -1.616863250732421875 -1.7169964313507080078 -2.1328859329223632812 0.12855450809001922607 -1.4746800661087036133 -0.92913872003555297852 -2.0214350223541259766 -0.76130366325378417969
-1.036113739013671875 0.12315437942743301392 -0.25144672393798828125 -0.77723616361618041992 -1.4442818164825439453 -1.7570881843566894531 -0.82834935188293457031 -0.69340425729751586914 -0.26923039555549621582 -0.24762141704559326172 -0.43994504213333129883 -2.0741729736328125 -1.1128969192504882812 -1.9375644922256469727 -0.2773799598217010498 0.41338101029396057129 -2.1392762660980224609 -1.553712010383605957 -1.5754232406616210938 0.024561261758208274841 0.24270750582218170166 -0.94999104738235473633 -2.0081789493560791016 -1.3436094522476196289 -0.48072174191474914551 -0.90166801214218139648 -0.78925174474716186523 -1.3871529102325439453 0.21812988817691802979 0.17915055155754089355 -1.1538885831832885742 -1.4263794422149658203 -1.4942198991775512695 -0.94025480747222900391 -0.10974331945180892944 -1.5340979099273681641 -0.74439537525177001953 -1.4027131795883178711 -1.2952511310577392578 -1.3055868148803710938
-0.94990968704223632812 -0.46222633123397827148 -1.6445531845092773438 -1.1198524236679077148 -1.3394894599914550781 -0.10715664923191070557 -0.95716267824172973633 -0.14087533950805664062 -0.8652133941650390625 -1.5664016008377075195 -1.7765356302261352539 -0.79616522789001464844 -0.29716700315475463867 -0.3262799680233001709 0.35022339224815368652 -1.687060236930847168 -1.484343409538269043 0.24948278069496154785 0.2003403007984161377 0.58128392696380615234 -0.083701983094215393066 -0.68393296003341674805 -1.6214113235473632812 -1.9243030548095703125 -1.2146260738372802734 0.4164314568042755127 -1.7950369119644165039 -0.82280296087265014648 -0.74933981895446777344 -0.17965374886989593506 -1.7840306758880615234 -1.6526811122894287109 -1.9072272777557373047 -2.1582219600677490234 -1.8657841682434082031 -0.28255584836006164551 -1.0693665742874145508 -1.7736374139785766602 -1.6521754264831542969 -1.4673070907592773438
-0.8399562835693359375 -1.0352188348770141602 -0.053458899259567260742 -1.4931418895721435547 -1.6075891256332397461 0.54990303516387939453 -1.049097895622253418 -1.4992880821228027344 -1.6359826326370239258 -1.9151546955108642578 -1.6877113580703735352 -0.22380514442920684814 -1.3447442054748535156 -1.7628192901611328125 0.19012588262557983398 -0.4975745081901550293 -1.5372314453125 0.50392162799835205078 -1.4070506095886230469 -0.34016710519790649414 -1.4112676382064819336 -1.8553069829940795898 -1.4735985994338989258 -1.4600900411605834961 -2.0122344493865966797 -1.5090429782867431641 -1.3993376493453979492 -1.3636418581008911133 -0.36509737372398376465 -0.090138562023639678955 -1.565738677978515625 -0.77590888738632202148 -0.75919646024703979492 -2.0778257846832275391 -0.40549045801162719727 -1.2245700359344482422 -1.4469558000564575195 -1.2716531753540039062 -0.61596572399139404297 -1.2412265539169311523
0.0049022384919226169586 -1.993619084358215332 -1.6619155406951904297 -0.79721820354461669922 -0.78979563713073730469 0.099007897078990936279 -0.84263324737548828125 -1.0585336685180664062 0.24648195505142211914 -0.82948839664459228516 -0.47196090221405029297 0.25232082605361938477 -1.5831907987594604492 -1.4785435199737548828 -1.2403236627578735352 -0.74797862768173217773 -1.6611367464065551758 -0.93431842327117919922 -1.7920022010803222656 -1.4191238880157470703 -1.8506549596786499023 -0.32345464825630187988 0.27196416258811950684 -0.21337497234344482422 -1.3548543453216552734 -0.22901239991188049316 -1.3250072002410888672 -1.5149111747741699219 -0.64701253175735473633 -0.8738492131233215332 -1.0137238502502441406 -2.0247745513916015625 -0.99408566951751708984 0.066282846033573150635 -0.2171201854944229126 -1.431260228157043457 -0.35423949360847473145 -0.99938744306564331055 -1.2834873199462890625 -0.14210423827171325684
-1.2767316102981567383 -1.5061278343200683594 -1.4573245048522949219 -1.5250077247619628906 -0.97082430124282836914 -1.4964683055877685547 -1.5447180271148681641 -1.6966685056686401367 -0.63373792171478271484 -1.2121992111206054688 -1.9739245176315307617 -1.7052826881408691406 0.037397529929876327515 -1.9654408693313598633 -1.6928876638412475586 -1.8723076581954956055 -1.4491503238677978516 -1.1221826076507568359 0.59361022710800170898 -1.6389292478561401367 -1.4763536453247070312 -1.6037620306015014648 -1.5361207723617553711 -1.3987739086151123047 0.21460130810737609863 -0.63256114721298217773 -0.92347109317779541016 -1.8823118209838867188 0.05812479555606842041 -0.9187882542610168457 -1.7624382972717285156 -1.1409912109375 -1.0307881832122802734 -0.098065584897994995117 -0.92484968900680541992 -1.4049192667007446289 -0.41243317723274230957 -0.28934681415557861328 -1.9245954751968383789 -0.4035994112491607666
-0.8542041778564453125 -1.4965696334838867188 -0.92509216070175170898 -2.5014870166778564453 -1.4181565046310424805 -1.7104755640029907227 -0.63592696189880371094 -0.29754343628883361816 -1.778759002685546875 -1.0089180469512939453 -1.8586426973342895508 0.024136509746313095093 -1.6749849319458007812 -0.029422206804156303406 -0.083585411310195922852 -0.88442438840866088867 0.35141032934188842773 -1.6372599601745605469 -2.3383963108062744141 -1.5272938013076782227 -1.4338638782501220703 -1.3495020866394042969 -1.513432621955871582 -1.4016915559768676758 -1.0643373727798461914 -1.1830307245254516602 -1.5801488161087036133 -1.8061373233795166016 -1.4923114776611328125 -0.33075684309005737305 -1.4534487724304199219 -1.7941671609878540039 -0.93419378995895385742 -0.86310535669326782227 -1.522480010986328125 -0.89250272512435913086 -0.51970446109771728516 -1.2165925502777099609 -0.83708941936492919922 -0.24406951665878295898
