layers/leaf_area_index_high_vegetation.asc
ncols        290
nrows        290
xllcorner    68.000000000000
yllcorner    8.000000000000
cellsize     0.100000000000
NODATA_value -9999
[rows 126 to 143 of 290, columns 160 to 199 of 290]
0.23887470364570617676 0.27034273743629455566 0.96011215448379516602 0.43102535605430603027 0.64820367097854614258 0.44887897372245788574 0.65896475315093994141 1.2414494752883911133 1.5472437143325805664 1.0383746623992919922 0.43909615278244018555 0.44349843263626098633 0.74383062124252319336 0.54042971134185791016 0.50040173530578613281 0.28028857707977294922 0.36303481459617614746 1.1595999002456665039 0.67045956850051879883 0.63703495264053344727 0.67005193233489990234 0.57034879922866821289 0.50993996858596801758 0.47431427240371704102 0.35365962982177734375 0.605403900146484375 0.79413056373596191406 -0.27301070094108581543 0.2930062413215637207 -9999 -9999 -9999 -9999 -9999 -9999 -9999 -9999 -9999 -9999 -9999
0.42735677957534790039 0.73184669017791748047 0.18246050179004669189 0.28338646888732910156 0.85494703054428100586 0.79788064956665039062 0.75907546281814575195 1.0229667425155639648 0.44684088230133056641 0.49012979865074157715 0.80684816837310791016 0.57083797454833984375 0.3733882904052734375 0.29993572831153869629 0.35325202345848083496 0.45067247748374938965 0.58200669288635253906 1.8875223398208618164 1.8426845073699951172 0.48173290491104125977 0.64396446943283081055 0.40078017115592956543 0.4161065518856048584 0.69817751646041870117 0.59423518180847167969 0.66524207592010498047 0.77179312705993652344 0.7994295954704284668 0.32316988706588745117 0.36164891719818115234 -9999 -9999 -9999 -9999 -9999 -9999 -9999 -9999 -9999 -9999
0.75891244411468505859 0.61176270246505737305 0.67298680543899536133 0.68513375520706176758 0.81817996501922607422 0.62236076593399047852 0.33923000097274780273 0.35162156820297241211 0.50830954313278198242 0.54010367393493652344 0.5000756382942199707 0.32276228070259094238 -0.015967445448040962219 0.10998620092868804932 0.57043033838272094727 0.64021438360214233398 0.74374908208847045898 0.75516235828399658203 0.58885461091995239258 0.63825780153274536133 0.68350327014923095703 0.63067615032196044922 0.41635113954544067383 0.23096692562103271484 0.29594108462333679199 0.38472005724906921387 0.1440629810094833374 0.84532725811004638672 0.20243373513221740723 -0.040913604199886322021 -9999 -9999 -9999 -9999 -9999 -9999 -9999 -9999 -9999 -9999
0.63230663537979125977 0.62301295995712280273 0.72752594947814941406 0.69018822908401489258 0.82233762741088867188 0.83081609010696411133 0.75777113437652587891 0.65480709075927734375 0.72907489538192749023 0.65407335758209228516 0.59969723224639892578 0.37697532773017883301 0.33923000097274780273 0.3502356410026550293 0.29928353428840637207 0.41251954436302185059 0.76779848337173461914 -0.5120372772216796875 0.73021620512008666992 0.69768834114074707031 0.66613882780075073242 0.56309324502944946289 0.74912965297698974609 0.058789510279893875122 0.049577366560697555542 0.60483324527740478516 0.68391090631484985352 0.50203222036361694336 0.63760560750961303711 -0.83813089132308959961 -9999 -9999 -9999 -9999 -9999 -9999 -9999 -9999 -9999 -9999
0.31999048590660095215 0.57401740550994873047 0.71578657627105712891 0.67999780178070068359 0.68138366937637329102 0.93475842475891113281 0.72304213047027587891 0.57075643539428710938 0.65741580724716186523 0.68855774402618408203 0.73641198873519897461 0.4772491157054901123 0.4743957817554473877 0.59138184785842895508 0.47276532649993896484 0.62659996747970581055 0.72393888235092163086 -0.31491371989250183105 0.63825780153274536133 0.48760259151458740234 0.50089091062545776367 0.49966803193092346191 0.72931945323944091797 0.54263085126876831055 0.63752412796020507812 0.54197865724563598633 0.61592042446136474609 0.80236440896987915039 0.83146828413009643555 0.83146828413009643555 -9999 -9999 -9999 -9999 -9999 -9999 -9999 -9999 -9999 -9999
0.55127233266830444336 0.24702703952789306641 0.64037740230560302734 0.41472065448760986328 0.75638520717620849609 0.7820650935173034668 0.4696674346923828125 0.48548296093940734863 0.78410315513610839844 0.22917340695858001709 0.74643933773040771484 0.46330860257148742676 0.40795421600341796875 0.54157108068466186523 0.58665353059768676758 0.72459107637405395508 0.69214475154876708984 1.7576556205749511719 0.51825535297393798828 0.56064754724502563477 0.46722173690795898438 0.56888139247894287109 0.53341871500015258789 0.66695404052734375 0.71570503711700439453 0.4928200840950012207 0.60801261663436889648 0.74627631902694702148 0.77782589197158813477 -9999 -9999 -9999 -9999 -9999 -9999 -9999 -9999 -9999 -9999 -9999
0.19069436192512512207 0.5445874333381652832 1.0351952314376831055 1.0423692464828491211 0.65195375680923461914 0.57980555295944213867 0.7498633265495300293 0.55208760499954223633 0.69393831491470336914 0.64094805717468261719 0.47023808956146240234 0.60214293003082275391 0.62015962600708007812 0.76812458038330078125 0.6991558074951171875 0.83774554729461669922 2.8299326896667480469 1.5447164773941040039 0.48246660828590393066 0.39499199390411376953 0.51287484169006347656 0.43363410234451293945 0.39531809091567993164 0.83301723003387451172 0.41178581118583679199 0.76665717363357543945 0.77709215879440307617 0.53749489784240722656 0.42540022730827331543 -9999 -9999 -9999 -9999 -9999 -9999 -9999 -9999 -9999 -9999 -9999
0.36148589849472045898 0.33230051398277282715 0.34330615401268005371 0.76877677440643310547 0.71652024984359741211 0.66018760204315185547 0.81891363859176635742 0.8041579127311706543 0.80464708805084228516 0.11773092299699783325 -0.049147468060255050659 0.6586386561393737793 0.43828091025352478027 0.7024167180061340332 0.49999412894248962402 1.3329186439514160156 1.4558559656143188477 0.52763056755065917969 0.79519033432006835938 0.40420413017272949219 0.51735860109329223633 0.25892946124076843262 0.4193674921989440918 0.79584252834320068359 0.73217278718948364258 0.74872201681137084961 0.75899398326873779297 0.73478150367736816406 0.75834178924560546875 -9999 -9999 -9999 -9999 -9999 -9999 -9999 -9999 -9999 -9999 -9999
0.60621911287307739258 0.53252196311950683594 0.80554383993148803711 0.26015231013298034668 1.1410940885543823242 0.62293142080307006836 0.4935537874698638916 0.76315164566040039062 0.76445603370666503906 0.023082261905074119568 -0.83813089132308959961 0.20487943291664123535 0.61763238906860351562 0.66980737447738647461 0.49021133780479431152 2.0429873466491699219 0.78328794240951538086 0.68374788761138916016 0.63613820075988769531 0.74146646261215209961 0.68211740255355834961 0.7473360896110534668 0.51157045364379882812 0.53309261798858642578 0.73910224437713623047 0.69181871414184570312 0.32724606990814208984 0.29202795028686523438 -0.44486203789710998535 0.83106064796447753906 0.83146828413009643555 -9999 -9999 -9999 -9999 -9999 -9999 -9999 -9999 -9999
0.68692725896835327148 0.66467142105102539062 0.47398817539215087891 0.4294764101505279541 0.94959568977355957031 0.56138128042221069336 0.52836430072784423828 0.4226284325122833252 0.62203466892242431641 0.34240940213203430176 0.20308592915534973145 0.53456002473831176758 0.44887897372245788574 0.72483563423156738281 0.22672770917415618896 0.27409279346466064453 0.65187221765518188477 0.805217742919921875 0.7744833827018737793 0.72475415468215942383 0.70437330007553100586 0.79812520742416381836 0.82991933822631835938 1.2204979658126831055 0.80211985111236572266 0.78410315513610839844 0.3017292320728302002 0.66825842857360839844 0.7664940953254699707 0.78540754318237304688 0.82519096136093139648 -9999 -9999 -9999 -9999 -9999 -9999 -9999 -9999 -9999
0.43982985615730285645 0.34273549914360046387 0.17235159873962402344 0.70934623479843139648 0.45385187864303588867 0.42222082614898681641 0.54564726352691650391 0.73845005035400390625 0.45271056890487670898 0.69899272918701171875 0.50325506925582885742 0.82233762741088867188 0.80570685863494873047 0.69793295860290527344 0.47561863064765930176 0.40852487087249755859 0.43828091025352478027 0.53643506765365600586 -0.065533667802810668945 -0.46287870407104492188 0.48360791802406311035 0.82470184564590454102 1.9525779485702514648 1.3082170486450195312 2.3798420429229736328 0.73747175931930541992 -0.70117157697677612305 0.80603295564651489258 0.76567888259887695312 0.73421084880828857422 0.63515990972518920898 0.65236133337020874023 -0.21186816692352294922 -0.83813089132308959961 -0.83813089132308959961 -9999 -9999 -9999 -9999 -9999
0.46722173690795898438 0.42083492875099182129 0.18824866414070129395 0.49657014012336730957 0.52746748924255371094 0.48980370163917541504 0.64135569334030151367 0.78744560480117797852 0.80961996316909790039 0.70437330007553100586 1.1273167133331298828 1.0493803024291992188 0.82951170206069946289 0.83179438114166259766 0.64094805717468261719 0.56708788871765136719 0.60670828819274902344 0.35969236493110656738 0.26031535863876342773 -0.58573442697525024414 0.19436292350292205811 0.79078811407089233398 1.4406925439834594727 2.0436396598815917969 2.3592982292175292969 1.0925877094268798828 -0.61149585247039794922 0.80709278583526611328 0.78475534915924072266 0.74252623319625854492 0.67314982414245605469 0.63679039478302001953 0.75589609146118164062 -0.10768126696348190308 -0.53347796201705932617 0.34974652528762817383 -0.51105904579162597656 0.80937540531158447266 -9999 -9999
0.60312122106552124023 0.48409706354141235352 0.67355746030807495117 0.4439875483512878418 0.74277079105377197266 1.6883606910705566406 0.9742972254753112793 0.85502851009368896484 0.60964310169219970703 0.64975261688232421875 1.2896296977996826172 1.3890067338943481445 0.66719859838485717773 0.56219649314880371094 0.53415244817733764648 0.66247028112411499023 0.20879256725311279297 0.56317478418350219727 0.11724177747964859009 0.47186857461929321289 0.58143597841262817383 1.4557744264602661133 1.1968561410903930664 2.2138605117797851562 2.2395403385162353516 2.1284239292144775391 0.17178094387054443359 0.81157654523849487305 0.71774309873580932617 0.78744560480117797852 0.75214600563049316406 0.73959141969680786133 0.72940099239349365234 0.72540634870529174805 0.80358725786209106445 -0.72701448202133178711 0.77073335647583007812 0.69752532243728637695 0.5988820195198059082 -9999
0.76567888259887695312 0.74366754293441772461 0.49714082479476928711 0.35333353281021118164 0.69507962465286254883 1.1076694726943969727 0.99826514720916748047 1.0442442893981933594 0.24099430441856384277 0.47806432843208312988 0.66752469539642333984 0.46037375926971435547 0.35561621189117431641 0.69630247354507446289 0.33727344870567321777 0.52379894256591796875 0.64388293027877807617 0.0068591055460274219513 -0.79247778654098510742 0.22680923342704772949 0.74244469404220581055 2.6002814769744873047 1.990975499153137207 1.3844414949417114258 1.901381373405456543 1.4694703817367553711 2.4399249553680419922 0.82209306955337524414 0.72752594947814941406 0.67991626262664794922 0.66760623455047607422 0.73584133386611938477 0.77578777074813842773 0.69002515077590942383 0.81304395198822021484 -0.74715077877044677734 0.79877740144729614258 0.43542760610580444336 0.44194948673248291016 0.77440190315246582031
0.66198110580444335938 0.55673444271087646484 0.75010788440704345703 0.65048635005950927734 0.36784470081329345703 0.70380264520645141602 0.80529928207397460938 0.8330987095832824707 0.86334389448165893555 0.8273105621337890625 0.29887592792510986328 0.98734098672866821289 1.5872716903686523438 0.56904447078704833984 0.46469449996948242188 0.52273917198181152344 0.45670521259307861328 0.66589426994323730469 0.79625016450881958008 0.80652213096618652344 0.64681774377822875977 0.62121939659118652344 0.99810206890106201172 1.5968098640441894531 2.0446178913116455078 0.85812640190124511719 0.80953848361968994141 0.76461905241012573242 0.65293204784393310547 0.54564726352691650391 0.58534914255142211914 0.45344427227973937988 0.70404720306396484375 0.61600190401077270508 0.59496891498565673828 0.76967352628707885742 0.82861495018005371094 0.44317233562469482422 0.50097239017486572266 0.69296002388000488281
0.60524082183837890625 0.5536365509033203125 0.67437267303466796875 0.71244412660598754883 0.67420965433120727539 0.20439030230045318604 0.44366148114204406738 0.035229247063398361206 0.60564845800399780273 0.84459352493286132812 0.28599521517753601074 0.8660342097282409668 0.71440064907073974609 1.0908757448196411133 0.31379470229148864746 0.21335788071155548096 0.5963547825813293457 0.54051125049591064453 0.4439875483512878418 0.46697714924812316895 0.42637851834297180176 0.46151509881019592285 0.69442743062973022461 0.80472856760025024414 0.94535642862319946289 0.36637729406356811523 -0.62649613618850708008 0.012484220787882804871 0.44684088230133056641 0.14447058737277984619 0.29765307903289794922 0.69108498096466064453 0.29643020033836364746 0.33376792073249816895 0.39042669534683227539 0.64958953857421875 -0.62649613618850708008 -0.32257694005966186523 0.64722537994384765625 0.64005130529403686523
0.32072418928146362305 0.48906999826431274414 0.46290099620819091797 0.72508025169372558594 0.81108742952346801758 0.64804059267044067383 0.67233461141586303711 0.47586321830749511719 0.62138247489929199219 0.66230720281600952148 0.34689319133758544922 0.37069803476333618164 0.77497255802154541016 0.91323620080947875977 0.47920566797256469727 0.52184242010116577148 0.60784959793090820312 0.39597028493881225586 0.11838310956954956055 0.25868487358093261719 0.47300988435745239258 0.75108617544174194336 0.59024053812026977539 0.63776868581771850586 0.65170919895172119141 0.82796275615692138672 0.61828458309173583984 -0.2456188499927520752 0.32879501581192016602 0.011098322458565235138 0.54768532514572143555 0.68611204624176025391 0.57238692045211791992 0.72304213047027587891 0.76812458038330078125 0.5855121612548828125 -0.62584394216537475586 -0.83813089132308959961 -0.79924422502517700195 0.18498773872852325439
0.39996492862701416016 0.54548418521881103516 0.33099612593650817871 0.14014984667301177979 0.50716817378997802734 0.70331346988677978516 0.72418349981307983398 0.60124617815017700195 0.46086290478706359863 0.72866725921630859375 0.62570321559906005859 0.49722233414649963379 0.5362720489501953125 1.1141914129257202148 0.51907062530517578125 0.69842207431793212891 0.41741093993186950684 0.50969541072845458984 0.19860213994979858398 0.34721928834915161133 0.23471699655055999756 0.68456310033798217773 0.60605609416961669922 0.36099675297737121582 0.54409831762313842773 0.62692606449127197266 0.73404783010482788086 0.79233705997467041016 0.38431242108345031738 0.25183692574501037598 0.10688830912113189697 0.45670521259307861328 0.60776805877685546875 0.696628570556640625 0.61551278829574584961 0.73372173309326171875 0.47488492727279663086 -0.83813089132308959961 -0.83813089132308959961 -0.83813089132308959961
