layers/leaf_area_index_high_vegetation.asc
ncols        290
nrows        290
xllcorner    68.000000000000
yllcorner    8.000000000000
cellsize     0.100000000000
NODATA_value -9999
[rows 144 to 161 of 290, columns 80 to 119 of 290]
0.68896538019180297852 0.30254447460174560547 0.16794934868812561035 0.68790555000305175781 0.39425829052925109863 0.61893677711486816406 0.48531991243362426758 0.43126991391181945801 0.59725153446197509766 0.62529557943344116211 -0.025261111557483673096 -0.83813089132308959961 -0.83813089132308959961 0.10427956283092498779 0.56879985332489013672 0.32545253634452819824 0.28770720958709716797 0.66931819915771484375 0.64070349931716918945 0.64551341533660888672 0.73290646076202392578 0.45417797565460205078 0.98334634304046630859 0.18531382083892822266 0.55934315919876098633 0.34558883309364318848 0.33278965950012207031 0.28477236628532409668 0.42385128140449523926 0.56317478418350219727 0.65643751621246337891 0.763233184814453125 0.7770106196403503418 -0.62511026859283447266 0.65366572141647338867 0.47349902987480163574 0.1777321547269821167 0.40599766373634338379 0.65146458148956298828 0.39923122525215148926
0.78744560480117797852 0.72874879837036132812 0.74252623319625854492 0.69483506679534912109 0.53708726167678833008 0.61184424161911010742 0.30270752310752868652 0.73005318641662597656 0.23218977451324462891 0.59619176387786865234 0.45719435811042785645 0.10093709826469421387 0.098002254962921142578 0.098083779215812683105 -0.83813089132308959961 -0.023630643263459205627 0.82356047630310058594 0.63532298803329467773 -0.093822292983531951904 0.2814299166202545166 0.14120966196060180664 -0.052489925175905227661 -0.010179284028708934784 0.4327373206615447998 0.36067065596580505371 0.26903834939002990723 0.38659510016441345215 0.27197319269180297852 -0.063740156590938568115 0.24572266638278961182 0.60801261663436889648 0.69842207431793212891 0.5742619633674621582 0.56007689237594604492 0.35423031449317932129 0.53366327285766601562 0.71749854087829589844 0.38447546958923339844 0.76086902618408203125 0.75874936580657958984
-0.49997183680534362793 0.57026731967926025391 0.23039625585079193115 0.65888321399688720703 0.74350452423095703125 0.73429238796234130859 0.71415609121322631836 0.5413265228271484375 0.44692239165306091309 -0.063169494271278381348 0.20104783773422241211 0.35398572683334350586 0.47806432843208312988 0.56211495399475097656 0.60572999715805053711 0.77937483787536621094 0.30066943168640136719 -0.81383693218231201172 -0.060234647244215011597 0.78491842746734619141 0.50724971294403076172 -0.042788643389940261841 0.33564296364784240723 0.17838433384895324707 0.83407700061798095703 0.71415609121322631836 0.61657261848449707031 0.55812031030654907227 0.28020706772804260254 0.23520614206790924072 0.68146520853042602539 0.79282617568969726562 0.80440247058868408203 0.61005073785781860352 0.71863991022109985352 0.81948435306549072266 0.80978304147720336914 0.70543307065963745117 0.79298919439315795898 0.71342235803604125977
0.13216055929660797119 -0.092925533652305603027 0.27759832143783569336 0.71317780017852783203 0.79021739959716796875 0.68350327014923095703 0.68513375520706176758 0.3972746431827545166 0.17153637111186981201 0.22835817933082580566 0.45287361741065979004 0.050718694925308227539 0.33026242256164550781 0.82682144641876220703 0.68937295675277709961 0.66613882780075073242 0.81663101911544799805 0.81508207321166992188 -0.25499403476715087891 0.35936626791954040527 -0.48562371730804443359 0.31526210904121398926 0.38724726438522338867 0.51621729135513305664 0.55021256208419799805 0.15604691207408905029 0.34762689471244812012 0.43200361728668212891 0.5131193995475769043 -0.06569671630859375 0.4696674346923828125 0.68651968240737915039 0.55062013864517211914 0.56496828794479370117 0.63483381271362304688 0.62708908319473266602 0.77937483787536621094 0.6191813349723815918 0.77945631742477416992 0.75035250186920166016
0.80309814214706420898 -0.6329364776611328125 0.68863928318023681641 0.63410013914108276367 0.3766492307186126709 0.30743587017059326172 0.4975484311580657959 0.40477481484413146973 0.21523290872573852539 0.20773275196552276611 0.054631814360618591309 0.14993266761302947998 0.53276652097702026367 0.44431364536285400391 0.41154125332832336426 0.42988401651382446289 0.42181318998336791992 0.55551159381866455078 0.7393468022346496582 0.66850298643112182617 -0.80030405521392822266 0.80171221494674682617 0.62007808685302734375 -0.2571951746940612793 0.41292715072631835938 -0.11469228565692901611 0.79559797048568725586 0.028055189177393913269 0.2334941476583480835 0.6803238987922668457 0.66744321584701538086 0.52216851711273193359 0.63899153470993041992 0.13729652762413024902 0.48311880230903625488 0.54116344451904296875 0.54475045204162597656 0.6629593968391418457 0.59187102317810058594 0.72100406885147094727
-0.1896937936544418335 -0.41657340526580810547 -0.41657340526580810547 0.79323381185531616211 0.10215995460748672485 0.27808743715286254883 0.2542826235294342041 0.53154367208480834961 0.42099797725677490234 0.36825233697891235352 -0.023223027586936950684 0.36124131083488464355 0.028381282463669776917 0.2278690338134765625 0.30335971713066101074 0.32431122660636901855 0.3480345308780670166 0.45344427227973937988 0.41635113954544067383 0.67698144912719726562 -0.45293283462524414062 0.81573426723480224609 0.76885831356048583984 0.77798891067504882812 0.81084287166595458984 0.81744623184204101562 0.81084287166595458984 0.17373749613761901855 0.3027890324592590332 0.79657626152038574219 0.79828822612762451172 0.81573426723480224609 0.72622156143188476562 0.24148344993591308594 0.33808866143226623535 0.72247147560119628906 0.48646125197410583496 0.45580846071243286133 0.6883131861686706543 0.50643450021743774414
0.82127785682678222656 0.80334270000457763672 0.68317723274230957031 0.32251769304275512695 0.24058668315410614014 0.62765979766845703125 0.22966255247592926025 0.23055930435657501221 0.20691752433776855469 -0.054854106158018112183 0.39058974385261535645 -0.072381637990474700928 -0.088604792952537536621 0.28314191102981567383 0.29414755105972290039 0.6412741541862487793 0.80529928207397460938 0.69581335783004760742 0.35537162423133850098 0.22737990319728851318 0.53276652097702026367 0.81337004899978637695 0.81402224302291870117 0.79250007867813110352 0.7903804779052734375 0.72328668832778930664 0.72817814350128173828 0.69124799966812133789 0.76486366987228393555 0.81019067764282226562 0.82135933637619018555 0.72972708940505981445 0.71594959497451782227 0.28876700997352600098 -0.12594251334667205811 0.12319298833608627319 0.61323010921478271484 0.71888446807861328125 0.57059341669082641602 0.73575979471206665039
0.37135022878646850586 0.59733307361602783203 0.28893005847930908203 0.020555036142468452454 0.027158431708812713623 0.29104965925216674805 0.14553040266036987305 -0.16393241286277770996 0.12775829434394836426 0.18881933391094207764 0.58975142240524291992 0.49714082479476928711 0.23316806554794311523 0.1900421828031539917 0.35985541343688964844 0.66035068035125732422 0.82576161623001098633 0.74546110630035400391 0.45572692155838012695 0.40371501445770263672 0.39156800508499145508 0.33621361851692199707 0.65668207406997680664 0.81067979335784912109 0.75524389743804931641 0.78557056188583374023 0.77415734529495239258 0.73820549249649047852 0.5930938720703125 0.62994241714477539062 0.76005375385284423828 0.31224575638771057129 0.7534503936767578125 0.81149500608444213867 0.28485390543937683105 -0.062843397259712219238 0.71594959497451782227 0.63646429777145385742 0.64453512430191040039 0.72442805767059326172
0.37241002917289733887 -0.2088517993688583374 -0.092191822826862335205 0.090420581400394439697 0.15629148483276367188 -0.15895949304103851318 0.23488004505634307861 0.31159356236457824707 0.57670766115188598633 0.57646310329437255859 0.60744196176528930664 0.39539963006973266602 0.76657563447952270508 0.62594777345657348633 0.36923059821128845215 0.70200908184051513672 -0.0021084682084619998932 0.74782526493072509766 0.72671067714691162109 0.61477905511856079102 0.40526396036148071289 0.36621424555778503418 -0.012298892252147197723 0.73143905401229858398 0.70037865638732910156 0.6079311370849609375 0.36654034256935119629 0.20129241049289703369 0.50684207677841186523 0.55722355842590332031 0.31045225262641906738 0.14716087281703948975 -0.079637214541435241699 0.32341444492340087891 0.52534788846969604492 0.76779848337173461914 -0.036592863500118255615 -0.036592863500118255615 -0.036674387753009796143 -0.036674387753009796143
0.71749854087829589844 0.17830280959606170654 -0.13605141639709472656 -0.25907021760940551758 -0.0098531907424330711365 0.3842309117317199707 0.48238506913185119629 0.55828338861465454102 0.7444012761116027832 0.82209306955337524414 0.25330433249473571777 -0.74861818552017211914 -0.74698776006698608398 0.087404213845729827881 0.75402104854583740234 0.38186672329902648926 0.33580601215362548828 0.58934378623962402344 0.65374726057052612305 0.77489101886749267578 0.78630429506301879883 0.32316988706588745117 0.29960963129997253418 0.40656831860542297363 0.53154367208480834961 0.48018395900726318359 0.39409524202346801758 0.50610840320587158203 0.52208697795867919922 0.53806555271148681641 0.63613820075988769531 0.34037131071090698242 0.19216178357601165771 0.66703557968139648438 0.69336760044097900391 0.41357934474945068359 0.3856983184814453125 0.56178885698318481445 0.73543369770050048828 -0.83813089132308959961
0.75385797023773193359 -0.052571449428796768188 -0.16018234193325042725 -0.053223636001348495483 -0.17436739802360534668 0.34575188159942626953 0.34028980135917663574 0.61045831441879272461 0.6629593968391418457 0.81312549114227294922 -0.072707727551460266113 -0.83813089132308959961 0.24727161228656768799 -0.36586585640907287598 0.44920507073402404785 0.54230475425720214844 0.51646184921264648438 0.71448218822479248047 0.7031504511833190918 0.74529802799224853516 0.7252432703971862793 0.23284196853637695312 0.38757336139678955078 0.44667783379554748535 0.41675874590873718262 0.35268136858940124512 0.33009937405586242676 0.2894192039966583252 0.56757700443267822266 0.47529253363609313965 0.54581028223037719727 0.58070230484008789062 0.51377159357070922852 0.67062258720397949219 0.4598846137523651123 0.64192634820938110352 0.54646247625350952148 0.37387743592262268066 0.65847563743591308594 0.68643814325332641602
0.59953421354293823242 -0.057136759161949157715 0.17944413423538208008 0.32553407549858093262 0.23854860663414001465 0.71766161918640136719 0.68741643428802490234 0.59423518180847167969 0.67681837081909179688 0.74831438064575195312 0.81451141834259033203 -0.83813089132308959961 0.58567523956298828125 0.34933888912200927734 0.63679039478302001953 0.69344913959503173828 -0.37564867734909057617 0.76877677440643310547 0.79421204328536987305 0.32243618369102478027 -0.1511332392692565918 0.4805100560188293457 0.54556572437286376953 0.59146338701248168945 0.14161726832389831543 0.4374656975269317627 0.6832587122917175293 0.097594641149044036865 0.47186857461929321289 0.80432099103927612305 0.43224820494651794434 0.7740758061408996582 0.32822433114051818848 0.23691813647747039795 0.10069253295660018921 0.49249398708343505859 0.72450959682464599609 0.46371620893478393555 0.2039826810359954834 0.67135632038116455078
0.60051250457763671875 0.27164709568023681641 0.075990945100784301758 0.048354513943195343018 0.46216729283332824707 0.41309019923210144043 0.69467198848724365234 0.58396321535110473633 0.70037865638732910156 0.77725517749786376953 -0.43018782138824462891 0.77978241443634033203 0.78067916631698608398 0.57540327310562133789 0.60825723409652709961 0.75010788440704345703 0.73168361186981201172 0.61852914094924926758 -0.48872160911560058594 -0.83813089132308959961 -0.48383021354675292969 0.4439875483512878418 0.4696674346923828125 0.49322769045829772949 0.21335788071155548096 0.50847256183624267578 0.52053803205490112305 0.31460994482040405273 0.72516173124313354492 0.69817751646041870117 0.76510822772979736328 0.65187221765518188477 0.59986031055450439453 0.29227250814437866211 0.53945147991180419922 0.75679284334182739258 0.7089385986328125 0.63931763172149658203 0.27205473184585571289 0.546054840087890625
0.59643632173538208008 0.64518731832504272461 0.11797548830509185791 0.12620934844017028809 0.64649170637130737305 0.52836430072784423828 0.50097239017486572266 0.78614127635955810547 0.82510942220687866211 0.66858452558517456055 0.49624407291412353516 0.61135506629943847656 0.78744560480117797852 0.53146219253540039062 0.66132891178131103516 0.53097301721572875977 0.71668332815170288086 0.45499321818351745605 0.72116708755493164062 0.82951170206069946289 0.21776013076305389404 -0.033331926912069320679 0.61567580699920654297 0.49844518303871154785 0.44415059685707092285 0.75508081912994384766 0.65855711698532104492 0.75247210264205932617 0.67575860023498535156 0.48442316055297851562 0.56814771890640258789 0.73233580589294433594 0.44985723495483398438 0.60458862781524658203 0.71415609121322631836 0.76853221654891967773 0.80383181571960449219 0.73559677600860595703 0.35390421748161315918 0.49257549643516540527
0.41080754995346069336 0.74701005220413208008 0.028381282463669776917 -0.2260532379150390625 0.051207832992076873779 0.098409876227378845215 0.72206383943557739258 0.79445666074752807617 0.73551523685455322266 0.61274099349975585938 0.42246538400650024414 0.45800957083702087402 0.60271358489990234375 0.45099857449531555176 0.49110808968544006348 0.38048082590103149414 0.58812093734741210938 0.61543124914169311523 0.44040054082870483398 0.70698201656341552734 0.78508144617080688477 0.37363287806510925293 0.69312304258346557617 0.66939973831176757812 0.50822800397872924805 0.75972765684127807617 0.72344976663589477539 0.70192760229110717773 0.55502241849899291992 0.14365535974502563477 0.46909677982330322266 0.53994059562683105469 0.57434344291687011719 0.70681899785995483398 0.75263512134552001953 0.58665353059768676758 0.70266127586364746094 0.73991751670837402344 0.55216908454895019531 0.62904566526412963867
0.45792806148529052734 0.36221960186958312988 0.077865980565547943115 -0.0021084682084619998932 0.020065896213054656982 -0.092436395585536956787 0.12955181300640106201 0.26463609933853149414 0.47129788994789123535 0.34387683868408203125 0.021533317863941192627 0.37371438741683959961 0.35113242268562316895 0.22827665507793426514 0.27498957514762878418 0.60369187593460083008 0.29577803611755371094 0.15735128521919250488 0.48499381542205810547 0.65937238931655883789 0.64045894145965576172 0.45784655213356018066 0.25966316461563110352 0.64657318592071533203 0.25142928957939147949 0.34583339095115661621 0.7147267460823059082 0.62056726217269897461 0.48686885833740234375 0.40876945853233337402 0.61608344316482543945 0.80154919624328613281 0.79584252834320068359 0.69825905561447143555 0.56325626373291015625 0.588039398193359375 0.7346184849739074707 0.70266127586364746094 0.55648982524871826172 0.54369068145751953125
0.5895068049430847168 0.22183631360530853271 -0.74225938320159912109 -0.21186816692352294922 0.37346982955932617188 0.41105210781097412109 0.62831193208694458008 0.54010367393493652344 0.4606183469295501709 0.36572510004043579102 0.50488555431365966797 0.3009955286979675293 0.71448218822479248047 0.21278721094131469727 0.074686571955680847168 0.14259555935859680176 0.16648191213607788086 0.33238202333450317383 0.62961632013320922852 0.47235769033432006836 -0.68242120742797851562 -0.21317254006862640381 0.68806862831115722656 0.71578657627105712891 0.51426070928573608398 0.14284013211727142334 0.23218977451324462891 0.11389932036399841309 0.055120956152677536011 0.14846524596214294434 0.3306700289249420166 0.64404594898223876953 0.64502424001693725586 0.80154919624328613281 0.70013409852981567383 0.713993072509765625 0.69491654634475708008 -0.57741904258728027344 0.70005255937576293945 0.41309019923210144043
0.77464646100997924805 0.81385922431945800781 -0.19784612953662872314 0.23642899096012115479 0.65448099374771118164 0.7567113041877746582 0.65219831466674804688 0.5895068049430847168 0.61314862966537475586 0.52282071113586425781 0.4483082890510559082 0.087404213845729827881 0.056914471089839935303 0.32211008667945861816 0.47349902987480163574 0.75989073514938354492 0.5543702244758605957 0.57157164812088012695 0.8150005340576171875 0.69026976823806762695 -0.6369311213493347168 0.55298435688018798828 -0.83813089132308959961 0.12514954805374145508 0.83146828413009643555 0.72190082073211669922 0.34713777899742126465 0.085692226886749267578 0.20838494598865509033 0.42417737841606140137 0.62374663352966308594 0.52029347419738769531 0.43453085422515869141 0.54165256023406982422 0.7744833827018737793 0.60589301586151123047 0.72279757261276245117 0.8189951777458190918 0.81369614601135253906 0.51099979877471923828
