layers/leaf_area_index_high_vegetation.asc
ncols        290
nrows        290
xllcorner    68.000000000000
yllcorner    8.000000000000
cellsize     0.100000000000
NODATA_value -9999
[rows 162 to 179 of 290, columns 40 to 79 of 290]
-0.83813089132308959961 -0.83813089132308959961 -0.83813089132308959961 -0.27651619911193847656 0.76698327064514160156 0.73249888420104980469 0.53831011056900024414 0.60825723409652709961 0.5717347264289855957 0.50920629501342773438 0.29691934585571289062 0.43607980012893676758 0.35471943020820617676 -0.15325285494327545166 0.0040057864971458911896 0.18368335068225860596 0.29577803611755371094 0.74472737312316894531 -0.43002477288246154785 -0.74829208850860595703 0.81222873926162719727 0.64551341533660888672 0.41292715072631835938 0.19028675556182861328 0.30653911828994750977 -0.068223938345909118652 0.27352213859558105469 0.59676241874694824219 0.25322282314300537109 0.72353130578994750977 0.71211802959442138672 0.76453757286071777344 0.80179375410079956055 0.75948309898376464844 0.56309324502944946289 0.4613520503044128418 0.15017722547054290771 0.56537592411041259766 0.68611204624176025391 0.69597637653350830078
-0.83813089132308959961 -0.83813089132308959961 -0.83813089132308959961 -0.24097201228141784668 0.73543369770050048828 0.60010486841201782227 0.6137192845344543457 0.48809170722961425781 0.5518429875373840332 0.19428139925003051758 -0.077762179076671600342 0.24238020181655883789 0.35895866155624389648 0.11952443420886993408 0.080719299614429473877 0.15751433372497558594 0.099632725119590759277 0.70217216014862060547 0.66556817293167114258 0.67551398277282714844 0.82559859752655029297 0.78907608985900878906 0.64502424001693725586 -0.051593169569969177246 0.29406604170799255371 0.10998620092868804932 0.63092070817947387695 0.58102840185165405273 0.52485877275466918945 0.67983472347259521484 0.83146828413009643555 0.50146156549453735352 0.76836913824081420898 0.73527067899703979492 0.78100526332855224609 0.70877557992935180664 0.50651597976684570312 0.65766036510467529297 0.72605848312377929688 0.80619603395462036133
-0.83813089132308959961 -0.83813089132308959961 0.14683477580547332764 0.19933584332466125488 0.74073272943496704102 0.67730754613876342773 0.64249700307846069336 0.40167692303657531738 0.36246415972709655762 0.19110198318958282471 0.32398512959480285645 0.38594290614128112793 0.28664740920066833496 0.43917769193649291992 0.37795361876487731934 0.0033535994589328765869 -0.1773837655782699585 0.17602016031742095947 0.032620500773191452026 0.32610473036766052246 0.68301415443420410156 0.60369187593460083008 0.43004706501960754395 0.25477176904678344727 0.63320338726043701172 0.59602868556976318359 0.23382024466991424561 0.52828276157379150391 0.81320703029632568359 0.78614127635955810547 0.80807107686996459961 0.46991199254989624023 0.53863620758056640625 0.35814341902732849121 0.60833871364593505859 0.68611204624176025391 0.5890992283821105957 0.34795299172401428223 0.47773826122283935547 0.68334025144577026367
-0.81734240055084228516 -0.81734240055084228516 0.63524144887924194336 0.73991751670837402344 0.60043096542358398438 0.55567461252212524414 0.65839409828186035156 0.6941013336181640625 0.50798344612121582031 0.53676116466522216797 0.080963872373104095459 0.33189287781715393066 0.26178276538848876953 -0.15414960682392120361 0.27662003040313720703 -0.044500634074211120605 0.095964170992374420166 0.12180709093809127808 0.15286751091480255127 0.19705319404602050781 0.44268319010734558105 0.29781609773635864258 0.24751617014408111572 0.49021133780479431152 0.74489039182662963867 0.79250007867813110352 0.58755028247833251953 0.68007934093475341797 0.70730811357498168945 0.82160395383834838867 0.77391272783279418945 0.82038110494613647461 0.81597882509231567383 0.66939973831176757812 0.20365658402442932129 0.33702886104583740234 -0.52483648061752319336 0.44675934314727783203 0.78736412525177001953 0.67461723089218139648
0.10525783896446228027 0.10525783896446228027 0.10525783896446228027 -0.50054252147674560547 -0.11192048341035842896 -0.57774513959884643555 0.53089147806167602539 0.068083174526691436768 0.27857658267021179199 0.80228286981582641602 0.7375532984733581543 0.14308468997478485107 0.29023444652557373047 -0.02672853320837020874 0.2039826810359954834 0.3429800868034362793 0.58958834409713745117 0.75402104854583740234 0.77839654684066772461 0.81182110309600830078 0.59668087959289550781 0.71717244386672973633 0.51205956935882568359 0.57377278804779052734 0.74603176116943359375 0.77073335647583007812 0.79380446672439575195 0.77627694606781005859 0.60426253080368041992 0.74301534891128540039 0.69907426834106445312 0.33670276403427124023 0.24808683991432189941 -0.075968667864799499512 -0.058930274099111557007 0.2886855006217956543 -0.22295534610748291016 0.15498711168766021729 0.47398817539215087891 0.74065119028091430664
-0.83813089132308959961 -0.83813089132308959961 -0.83813089132308959961 -0.033494975417852401733 0.57312059402465820312 0.68113911151885986328 0.45776501297950744629 0.40974774956703186035 0.4023291170597076416 0.65929085016250610352 0.76005375385284423828 0.3824374079704284668 0.30474561452865600586 0.066452711820602416992 -0.1808077394962310791 0.038979325443506240845 0.1275952458381652832 0.63189899921417236328 -0.54374992847442626953 0.81092435121536254883 0.54980492591857910156 0.59945267438888549805 0.7664940953254699707 0.68415546417236328125 0.54589182138442993164 0.77774435281753540039 0.80326116085052490234 0.70135694742202758789 0.55543005466461181641 0.6068713068962097168 0.72874879837036132812 0.60980612039566040039 0.51303786039352416992 0.58110994100570678711 0.67103022336959838867 0.69850361347198486328 0.75540691614151000977 0.56545740365982055664 0.4399929046630859375 0.47765672206878662109
-0.83813089132308959961 0.26316866278648376465 0.83146828413009643555 -0.44029670953750610352 0.12311146408319473267 0.70290589332580566406 0.68847620487213134766 0.38879621028900146484 0.78084224462509155273 0.58094686269760131836 0.7889130711555480957 0.30955547094345092773 0.49053743481636047363 0.056262284517288208008 -0.15007343888282775879 -0.16417698562145233154 0.36132284998893737793 0.58649045228958129883 0.77774435281753540039 0.74081426858901977539 0.48898848891258239746 0.53888076543807983398 0.70298737287521362305 0.60670828819274902344 0.57263147830963134766 0.78182053565979003906 0.78687494993209838867 0.68823164701461791992 0.61869221925735473633 0.5767892003059387207 0.52608162164688110352 0.6561114192008972168 0.46599888801574707031 0.44268319010734558105 0.48491230607032775879 -0.45717206597328186035 -0.83813089132308959961 0.21213501691818237305 0.62684452533721923828 0.50146156549453735352
-0.83813089132308959961 0.74366754293441772461 -0.34140884876251220703 -0.77234148979187011719 0.77130401134490966797 0.64975261688232421875 -0.35722437500953674316 -0.34132730960845947266 -0.056810665875673294067 0.61942589282989501953 0.80676668882369995117 0.51735860109329223633 0.035962957888841629028 0.016641912981867790222 0.071344114840030670166 -0.043929968029260635376 0.21857537329196929932 0.68741643428802490234 0.67127478122711181641 0.66418224573135375977 0.56032145023345947266 0.66108435392379760742 0.4877656102180480957 0.68774253129959106445 0.66026914119720458984 0.62260532379150390625 0.53700578212738037109 0.57352823019027709961 0.68301415443420410156 0.49860823154449462891 0.13860091567039489746 0.13615520298480987549 0.249391213059425354 -0.11713798344135284424 -0.059827033430337905884 0.038490183651447296143 -0.043440829962491989136 0.25273367762565612793 0.51833689212799072266 0.56170731782913208008
-0.83813089132308959961 -0.41885605454444885254 0.80366879701614379883 0.57026731967926025391 0.23153759539127349854 -0.83813089132308959961 -0.83813089132308959961 -0.30121779441833496094 0.53945147991180419922 0.48947760462760925293 0.8026905059814453125 0.82673990726470947266 0.50553774833679199219 0.16085679829120635986 0.19958041608333587646 0.1685200035572052002 0.36645880341529846191 0.2139285355806350708 0.70592224597930908203 0.82184851169586181641 0.65961694717407226562 0.53831011056900024414 0.37102413177490234375 0.58143597841262817383 0.31387621164321899414 0.53888076543807983398 0.45646065473556518555 0.65399181842803955078 0.66907364130020141602 0.29031595587730407715 0.40469327569007873535 0.73013466596603393555 0.47072723507881164551 0.13207903504371643066 0.046397954225540161133 0.28240817785263061523 0.53586441278457641602 0.2131948322057723999 0.64241552352905273438 0.67983472347259521484
-0.83813089132308959961 -0.83813089132308959961 0.77440190315246582031 0.70478087663650512695 -0.83813089132308959961 -0.83813089132308959961 0.061561305075883865356 0.07590942084789276123 0.07590942084789276123 -0.83813089132308959961 0.46779239177703857422 0.82250070571899414062 0.52730447053909301758 0.30653911828994750977 0.23797793686389923096 0.021859411150217056274 0.18474316596984863281 0.24401067197322845459 0.58722418546676635742 0.80358725786209106445 0.71016144752502441406 0.56431609392166137695 0.62130093574523925781 0.65325814485549926758 0.39866054058074951172 0.33075156807899475098 0.4902928471565246582 0.44896048307418823242 0.6408665776252746582 0.57735985517501831055 0.30784347653388977051 0.45670521259307861328 0.52184242010116577148 0.62562167644500732422 -0.10238225013017654419 -0.082490533590316772461 -0.088115654885768890381 -0.26771169900894165039 0.27857658267021179199 -0.093985341489315032959
-0.83813089132308959961 -0.83813089132308959961 0.4950211942195892334 0.82046258449554443359 -0.6882908940315246582 -0.83813089132308959961 0.75703740119934082031 0.83138674497604370117 0.82502794265747070312 0.68113911151885986328 -0.66195881366729736328 0.6727421879768371582 0.43713960051536560059 0.63589364290237426758 0.43232971429824829102 0.5427939295768737793 0.22142869234085083008 0.51882606744766235352 0.53007626533508300781 0.46811848878860473633 0.34428444504737854004 0.19411835074424743652 0.47643387317657470703 0.59236013889312744141 0.29268014430999755859 0.6448612213134765625 0.65708971023559570312 0.69141107797622680664 0.69931882619857788086 0.76747238636016845703 0.82070720195770263672 0.67143785953521728516 0.67747056484222412109 0.66092133522033691406 -0.50502628087997436523 -0.83813089132308959961 -0.83813089132308959961 -0.83813089132308959961 0.65285050868988037109 -0.7078564763069152832
-0.83813089132308959961 -0.83813089132308959961 0.16672648489475250244 -0.57684838771820068359 0.50594532489776611328 0.51042914390563964844 0.79812520742416381836 -0.63342565298080444336 -0.83813089132308959961 -0.83813089132308959961 0.17626473307609558105 0.15726976096630096436 0.72989010810852050781 0.77489101886749267578 0.74627631902694702148 0.73836857080459594727 0.5608921051025390625 0.6941013336181640625 0.74766218662261962891 0.69238936901092529297 0.67575860023498535156 0.52877187728881835938 0.28167447447776794434 0.32773518562316894531 0.22134716808795928955 0.3534965813159942627 0.68978059291839599609 0.76046139001846313477 0.64494276046752929688 0.68268805742263793945 0.8110058903694152832 0.80978304147720336914 0.80024480819702148438 0.15319359302520751953 -0.18284583091735839844 -0.18317192792892456055 -0.18472087383270263672 -0.18284583091735839844 -0.37899112701416015625 -0.83813089132308959961
-0.83813089132308959961 -0.83813089132308959961 -0.83813089132308959961 -0.10083330422639846802 0.81581574678421020508 0.25852182507514953613 -0.20469410717487335205 -0.52907568216323852539 -0.83813089132308959961 -0.83813089132308959961 -0.83813089132308959961 -0.83813089132308959961 0.28045162558555603027 0.75149381160736083984 0.80089700222015380859 0.82845187187194824219 0.80758190155029296875 0.45947700738906860352 0.60075706243515014648 0.65708971023559570312 0.46624344587326049805 0.80236440896987915039 -0.60782730579376220703 0.55086475610733032227 0.62064874172210693359 -0.62038189172744750977 0.8207886815071105957 0.72508025169372558594 0.60450714826583862305 0.77456492185592651367 0.60369187593460083008 -0.26021152734756469727 0.81842452287673950195 0.48727649450302124023 0.60670828819274902344 0.36458376049995422363 0.62121939659118652344 0.54564726352691650391 0.24555961787700653076 -0.29632639884948730469
-0.83813089132308959961 -0.83813089132308959961 -0.83813089132308959961 -0.83813089132308959961 0.40436717867851257324 0.75385797023773193359 -0.12341528385877609253 -0.83813089132308959961 -0.83813089132308959961 -0.83813089132308959961 -0.83813089132308959961 0.29056054353713989258 0.80945694446563720703 0.79176634550094604492 -0.41910064220428466797 -0.83813089132308959961 -0.78073841333389282227 0.81923973560333251953 0.31697410345077514648 0.7523905634880065918 0.79510885477066040039 0.54621791839599609375 -0.54236400127410888672 0.45548236370086669922 -0.83813089132308959961 -0.41877454519271850586 0.81573426723480224609 0.67665535211563110352 0.22982560098171234131 -0.83813089132308959961 -0.83813089132308959961 -0.18145993351936340332 0.76910287141799926758 0.71448218822479248047 0.78940218687057495117 0.62863802909851074219 0.64266008138656616211 0.34689319133758544922 0.61551278829574584961 0.5963547825813293457
-0.83813089132308959961 -0.83813089132308959961 -0.83813089132308959961 -0.83813089132308959961 -0.23306424915790557861 0.75336885452270507812 -0.27040195465087890625 -0.83813089132308959961 -0.83813089132308959961 -0.83813089132308959961 -0.83813089132308959961 -0.53665739297866821289 0.82445722818374633789 0.81296247243881225586 0.41251954436302185059 -0.83813089132308959961 -0.83813089132308959961 0.25420108437538146973 0.68113911151885986328 0.7393468022346496582 0.82714754343032836914 0.12963333725929260254 -0.83813089132308959961 0.47675997018814086914 -0.52826046943664550781 -0.83813089132308959961 0.58445239067077636719 -0.086729757487773895264 -0.27032044529914855957 -0.83813089132308959961 0.18017785251140594482 0.26365780830383300781 0.81589728593826293945 0.63939917087554931641 0.77326053380966186523 0.68798708915710449219 0.64755147695541381836 0.79551643133163452148 0.80000025033950805664 0.66687250137329101562
-0.83813089132308959961 -0.83813089132308959961 -0.83813089132308959961 -0.83813089132308959961 -0.83813089132308959961 -0.83813089132308959961 -0.83813089132308959961 -0.83813089132308959961 -0.83813089132308959961 -0.83813089132308959961 -0.83813089132308959961 -0.22825436294078826904 0.18653666973114013672 -0.7006009221076965332 0.010690705850720405579 0.081208445131778717041 -0.70051938295364379883 -0.70149767398834228516 -0.024853495880961418152 0.62317597866058349609 0.67559552192687988281 -0.12936648726463317871 -0.70051938295364379883 -0.83813089132308959961 -0.83813089132308959961 -0.70051938295364379883 -0.83813089132308959961 -0.70263898372650146484 -0.83813089132308959961 0.49453207850456237793 0.73641198873519897461 0.81752777099609375 -0.51921135187149047852 0.52828276157379150391 0.78940218687057495117 -0.62429499626159667969 -0.70043790340423583984 0.82184851169586181641 -0.81359237432479858398 -0.70329117774963378906
-0.83813089132308959961 -0.83813089132308959961 -0.83813089132308959961 -0.83813089132308959961 -0.83813089132308959961 -0.83813089132308959961 -0.83813089132308959961 -0.83813089132308959961 -0.83813089132308959961 -0.83813089132308959961 -0.83813089132308959961 -0.83813089132308959961 0.36401310563087463379 0.79747301340103149414 -0.024038260802626609802 0.78508144617080688477 -0.011565181426703929901 -0.015233734622597694397 -0.59078890085220336914 0.37175783514976501465 0.71635723114013671875 0.76934742927551269531 0.79983717203140258789 0.081126920878887176514 -0.83813089132308959961 -0.033413451164960861206 0.0049840672872960567474 0.77538019418716430664 -0.83813089132308959961 0.035555340349674224854 0.66605728864669799805 0.74872201681137084961 0.76641261577606201172 0.77888566255569458008 0.79722845554351806641 0.50415182113647460938 -0.011565181426703929901 -0.011565181426703929901 -0.83813089132308959961 0.3711871802806854248
-0.83813089132308959961 -0.83813089132308959961 -0.83813089132308959961 -0.83813089132308959961 -0.83813089132308959961 -0.83813089132308959961 -0.83813089132308959961 -0.83813089132308959961 -0.83813089132308959961 -0.83813089132308959961 -0.83813089132308959961 -0.83813089132308959961 -0.72081869840621948242 0.79706537723541259766 -0.77886337041854858398 0.73592281341552734375 -0.83813089132308959961 -0.83813089132308959961 -0.65959465503692626953 0.80529928207397460938 0.80057090520858764648 0.73323255777359008789 0.7310314178466796875 0.50235831737518310547 -0.83813089132308959961 -0.45089477300643920898 0.83146828413009643555 0.38455700874328613281 -0.83813089132308959961 -0.33798485994338989258 0.77921175956726074219 0.72858572006225585938 0.75141227245330810547 0.78442925214767456055 0.74309688806533813477 0.091235816478729248047 -0.83813089132308959961 -0.83813089132308959961 -0.83813089132308959961 -0.033494975417852401733
