layers/leaf_area_index_high_vegetation.asc
ncols        290
nrows        290
xllcorner    68.000000000000
yllcorner    8.000000000000
cellsize     0.100000000000
NODATA_value -9999
[rows 180 to 197 of 290, columns 160 to 199 of 290]
-0.83813089132308959961 -0.83813089132308959961 -0.83813089132308959961 -0.83813089132308959961 -0.83813089132308959961 -0.83813089132308959961 -0.83813089132308959961 -0.83813089132308959961 -0.83813089132308959961 -0.83813089132308959961 -0.83813089132308959961 0.57189774513244628906 -0.61883294582366943359 -0.83813089132308959961 -0.83813089132308959961 -0.83813089132308959961 -0.83813089132308959961 -0.83813089132308959961 -0.83813089132308959961 -0.83813089132308959961 -0.83813089132308959961 -0.83813089132308959961 -0.83813089132308959961 -0.83813089132308959961 -0.83813089132308959961 -0.83813089132308959961 -0.83813089132308959961 -0.83813089132308959961 -0.83813089132308959961 -0.59535419940948486328 -0.022652363404631614685 -0.83813089132308959961 -0.83813089132308959961 -0.83813089132308959961 -0.2539342343807220459 -0.26143437623977661133 0.17227007448673248291 0.82453876733779907227 0.8110058903694152832 0.26202735304832458496
-0.83813089132308959961 -0.83813089132308959961 -0.83813089132308959961 -0.83813089132308959961 -0.83813089132308959961 -0.83813089132308959961 -0.83813089132308959961 -0.83813089132308959961 -0.83813089132308959961 -0.83813089132308959961 -0.83813089132308959961 -0.39602950215339660645 0.29577803611755371094 -0.32347369194030761719 -0.091621160507202148438 -0.83813089132308959961 -0.83813089132308959961 -0.83813089132308959961 -0.83813089132308959961 -0.83813089132308959961 -0.83813089132308959961 -0.83813089132308959961 -0.83813089132308959961 -0.83813089132308959961 -0.052000787109136581421 -0.35918092727661132812 -0.83813089132308959961 -0.83813089132308959961 -0.83813089132308959961 -0.83813089132308959961 -0.83813089132308959961 -0.83813089132308959961 -0.83813089132308959961 -0.83813089132308959961 0.1808300316333770752 0.82926714420318603516 0.71888446807861328125 0.67624771595001220703 0.80856019258499145508 -0.32608243823051452637
-0.83813089132308959961 -0.83813089132308959961 -0.83813089132308959961 -0.83813089132308959961 -0.83813089132308959961 -0.83813089132308959961 -0.83813089132308959961 -0.83813089132308959961 -0.31646266579627990723 0.82943016290664672852 0.80652213096618652344 0.82103323936462402344 0.1999880373477935791 -0.83813089132308959961 -0.83813089132308959961 -0.83813089132308959961 -0.83813089132308959961 -0.83813089132308959961 -0.83813089132308959961 -0.082409009337425231934 0.037919521331787109375 -0.83813089132308959961 -0.83813089132308959961 -0.0090379565954208374023 0.82095175981521606445 -0.071566402912139892578 0.086833551526069641113 0.82298982143402099609 -0.13727426528930664062 -0.83813089132308959961 -0.83813089132308959961 -0.83813089132308959961 0.21824927628040313721 0.82054412364959716797 0.79519033432006835938 0.80399489402770996094 0.67070412635803222656 0.57768595218658447266 0.74154794216156005859 0.83048999309539794922
-0.83813089132308959961 -0.83813089132308959961 -0.83813089132308959961 -0.83813089132308959961 -0.24912434816360473633 -0.41877454519271850586 -0.20868875086307525635 0.17765063047409057617 0.18148222565650939941 0.12995943427085876465 0.50268441438674926758 0.77864110469818115234 0.086507461965084075928 -0.83813089132308959961 -0.83813089132308959961 -0.83813089132308959961 -0.83813089132308959961 -0.010668423958122730255 0.18360184133052825928 -0.68804633617401123047 -0.23053701221942901611 -0.83813089132308959961 0.087648786604404449463 -0.14762774109840393066 0.75124925374984741211 0.68651968240737915039 0.19069436192512512207 -0.19947659969329833984 -0.23917849361896514893 -0.83813089132308959961 -0.83813089132308959961 0.15857413411140441895 0.24784226715564727783 0.82135933637619018555 0.80701124668121337891 0.76388537883758544922 0.76461905241012573242 0.61127358675003051758 0.6571712493896484375 0.8139407038688659668
-0.83813089132308959961 -0.83813089132308959961 -0.83813089132308959961 -0.83813089132308959961 -0.83813089132308959961 -0.14933972060680389404 0.82282680273056030273 0.81361466646194458008 0.74627631902694702148 0.075012668967247009277 -0.83813089132308959961 -0.83813089132308959961 -0.83813089132308959961 -0.83813089132308959961 -0.83813089132308959961 -0.83813089132308959961 -0.83813089132308959961 -0.77177083492279052734 0.12588326632976531982 -0.090479835867881774902 -0.83813089132308959961 -0.83813089132308959961 0.16933524608612060547 0.48018395900726318359 0.53056538105010986328 0.54972338676452636719 0.7006232142448425293 0.78956526517868041992 0.80937540531158447266 -0.2571951746940612793 0.26618504524230957031 0.82347899675369262695 0.75124925374984741211 -0.33081078529357910156 -0.77307522296905517578 0.41341629624366760254 0.78573364019393920898 0.4704011380672454834 0.48841780424118041992 0.74970030784606933594
-0.83813089132308959961 -0.83813089132308959961 -0.83813089132308959961 -0.83813089132308959961 -0.83813089132308959961 -0.83813089132308959961 -0.69864434003829956055 0.04012065008282661438 0.65179067850112915039 0.11512216925621032715 -0.14982886612415313721 -0.83813089132308959961 -0.066104330122470855713 -0.83813089132308959961 -0.066104330122470855713 -0.83813089132308959961 -0.066104330122470855713 0.14398145675659179688 0.75076007843017578125 0.7770106196403503418 0.49330922961235046387 -0.83813089132308959961 -0.47429198026657104492 -0.018983811140060424805 -0.10833346098661422729 0.52567398548126220703 0.66670948266983032227 0.63410013914108276367 0.66312247514724731445 0.80203831195831298828 0.34689319133758544922 -0.35078403353691101074 -0.45007953047752380371 0.42230233550071716309 0.023000737652182579041 0.7469285130500793457 0.57833814620971679688 0.59325689077377319336 0.72010731697082519531 0.69793295860290527344
-0.83813089132308959961 -0.83813089132308959961 -0.83813089132308959961 -0.83813089132308959961 -0.83813089132308959961 -0.83813089132308959961 -0.83813089132308959961 -0.83813089132308959961 0.24148344993591308594 0.83146828413009643555 -0.27146175503730773926 -0.83813089132308959961 0.23553223907947540283 -0.31850075721740722656 0.18653666973114013672 -0.36130055785179138184 0.20055870711803436279 0.5402666926383972168 0.47659692168235778809 0.63768714666366577148 0.77578777074813842773 -0.40246987342834472656 -0.83813089132308959961 -0.83813089132308959961 -0.83813089132308959961 0.39866054058074951172 0.69296002388000488281 0.78467381000518798828 0.75328731536865234375 0.78279876708984375 0.82054412364959716797 -0.50991767644882202148 -0.83813089132308959961 0.52510333061218261719 -0.54619562625885009766 0.44936811923980712891 0.80456554889678955078 0.80660361051559448242 0.79567950963973999023 0.58062076568603515625
-0.83813089132308959961 -0.83813089132308959961 -0.83813089132308959961 -0.33578372001647949219 -0.16931295394897460938 -0.3592624664306640625 -0.83813089132308959961 -0.83813089132308959961 -0.83813089132308959961 0.3842309117317199707 0.29643020033836364746 -0.42472574114799499512 -0.3248595893383026123 0.32659387588500976562 0.67331290245056152344 0.63931763172149658203 0.48858085274696350098 0.24172802269458770752 0.35423031449317932129 0.71374845504760742188 0.71904748678207397461 0.72393888235092163086 0.7617657780647277832 0.8273105621337890625 0.23300501704216003418 0.78027158975601196289 0.82470184564590454102 0.74806982278823852539 0.78817933797836303711 0.82290828227996826172 0.81940281391143798828 0.78997284173965454102 0.80032634735107421875 0.60581147670745849609 0.76143968105316162109 0.35545316338539123535 0.82828885316848754883 0.81019067764282226562 0.67657381296157836914 0.82356047630310058594
-0.83813089132308959961 -0.83813089132308959961 -0.83813089132308959961 -0.73541140556335449219 -0.50396651029586791992 -0.83813089132308959961 -0.83813089132308959961 -0.83813089132308959961 -0.83813089132308959961 -0.69766604900360107422 -0.53657585382461547852 -0.83813089132308959961 0.52110868692398071289 0.81239181756973266602 0.63597518205642700195 0.31069681048393249512 0.521434783935546875 0.71488982439041137695 0.76682019233703613281 -0.41942673921585083008 0.78858697414398193359 -0.42162784934043884277 0.80864173173904418945 0.82046258449554443359 -0.61964815855026245117 1.6941488981246948242 0.7617657780647277832 0.59594714641571044922 0.69728076457977294922 0.61314862966537475586 0.54882663488388061523 0.71904748678207397461 0.67469877004623413086 0.53398936986923217773 1.2087585926055908203 0.74195557832717895508 0.91886132955551147461 1.4831663370132446289 0.53350025415420532227 0.94397056102752685547
-0.83813089132308959961 -0.83813089132308959961 0.61070293188095092773 0.83146828413009643555 -0.64622479677200317383 -0.83813089132308959961 -0.83813089132308959961 -0.83813089132308959961 -0.83813089132308959961 -0.83813089132308959961 -0.83813089132308959961 0.654644012451171875 -0.67361664772033691406 0.63752412796020507812 0.74081426858901977539 0.41121515631675720215 0.68839472532272338867 0.77986395359039306641 0.82975625991821289062 0.82894104719161987305 0.82747364044189453125 0.79494577646255493164 0.67738902568817138672 0.78035306930541992188 0.74325996637344360352 0.63483381271362304688 0.39197564125061035156 0.53586441278457641602 0.87492024898529052734 0.33914846181869506836 1.3643051385879516602 0.81149500608444213867 0.71203649044036865234 0.5797240138053894043 0.59293079376220703125 0.74162948131561279297 0.2582772672176361084 1.4703670740127563477 1.4834108352661132812 1.1465561389923095703
-0.83813089132308959961 0.1218886151909828186 0.7114658355712890625 0.82853341102600097656 -0.79394519329071044922 -0.83813089132308959961 -0.83813089132308959961 -0.83813089132308959961 -0.83813089132308959961 -0.83813089132308959961 0.080474734306335449219 0.77774435281753540039 0.14903590083122253418 1.7523565292358398438 1.7785255908966064453 0.74179250001907348633 0.79070657491683959961 1.6499631404876708984 0.73845005035400390625 0.74244469404220581055 0.77586930990219116211 0.72141170501708984375 0.74162948131561279297 0.67331290245056152344 0.59822982549667358398 0.57222384214401245117 0.57083797454833984375 0.654644012451171875 0.54173409938812255859 1.1582955121994018555 1.8344506025314331055 1.7747755050659179688 0.75377649068832397461 0.72393888235092163086 1.7773842811584472656 1.7343398332595825195 0.50121700763702392578 1.1831601858139038086 1.0243526697158813477 1.1886222362518310547
-0.83813089132308959961 -0.72603619098663330078 0.70453631877899169922 -0.83389168977737426758 -0.83813089132308959961 -0.83813089132308959961 -0.83813089132308959961 -0.83813089132308959961 -0.83813089132308959961 -0.83813089132308959961 -0.65046405792236328125 2.4605503082275390625 2.2838890552520751953 2.0151064395904541016 2.4685394763946533203 2.4179134368896484375 2.2136158943176269531 0.59798526763916015625 0.77578777074813842773 0.81418532133102416992 0.3683338463306427002 0.35129547119140625 0.57222384214401245117 0.59880048036575317383 0.72891181707382202148 0.61420840024948120117 0.40917706489562988281 0.59415364265441894531 0.82535398006439208984 0.6709486842155456543 0.70910161733627319336 0.88421392440795898438 2.4444086551666259766 0.87883335351943969727 2.4338107109069824219 2.3758475780487060547 0.70673745870590209961 0.52852731943130493164 0.93068224191665649414 2.29734039306640625
-0.13866016268730163574 -0.14053520560264587402 0.82616925239562988281 -0.13849711418151855469 -0.13841558992862701416 0.10990467667579650879 0.53790253400802612305 2.287883758544921875 2.1581799983978271484 2.1014397144317626953 2.2771227359771728516 2.2112517356872558594 1.9050499200820922852 1.7738786935806274414 2.0764119625091552734 1.5447980165481567383 1.1481051445007324219 0.60752350091934204102 0.59211558103561401367 0.45018333196640014648 0.84133261442184448242 0.38683965802192687988 0.59822982549667358398 0.59586566686630249023 0.74081426858901977539 0.7375532984733581543 1.1858505010604858398 0.78622275590896606445 2.2481818199157714844 1.2664771080017089844 1.4635190963745117188 1.3739249706268310547 -0.13857863843441009521 1.8867886066436767578 1.2170739173889160156 0.69344913959503173828 1.3036518096923828125 0.78671193122863769531 0.59333842992782592773 1.3413156270980834961
0.83146828413009643555 0.81304395198822021484 0.68366634845733642578 0.68358480930328369141 0.89024662971496582031 0.92187768220901489258 2.2682366371154785156 1.7487695217132568359 1.540884852409362793 0.99361830949783325195 1.4706932306289672852 1.8001292943954467773 1.7403726577758789062 1.8234449625015258789 1.5559667348861694336 0.805217742919921875 0.50056481361389160156 0.43290036916732788086 0.38944840431213378906 0.71464520692825317383 0.66393768787384033203 0.59839284420013427734 0.78605973720550537109 0.27001664042472839355 0.41708484292030334473 0.54157108068466186523 1.992606043815612793 0.66597574949264526367 1.7856996059417724609 1.7276549339294433594 2.0344274044036865234 2.2281270027160644531 0.82641381025314331055 0.89285540580749511719 1.7719221115112304688 0.77268987894058227539 2.243045806884765625 0.67225307226181030273 0.74309688806533813477 2.2600841522216796875
0.33368641138076782227 2.3774778842926025391 2.5142741203308105469 1.9832308292388916016 1.6784148216247558594 1.7379269599914550781 2.0409493446350097656 1.3462070226669311523 1.9387190341949462891 1.1007400751113891602 1.7588784694671630859 1.9895895719528198242 0.84964799880981445312 0.71676486730575561523 0.82038110494613647461 0.82820731401443481445 0.86750161647796630859 0.36605119705200195312 0.39311695098876953125 0.81263637542724609375 0.76437449455261230469 0.31322404742240905762 0.37811666727066040039 0.29422909021377563477 0.1603676527738571167 0.58697962760925292969 2.3935379981994628906 1.7807266712188720703 1.2473191022872924805 1.2928906679153442383 1.5858042240142822266 2.0720913410186767578 0.99141716957092285156 1.0294885635375976562 1.4411002397537231445 2.0570909976959228516 2.3110363483428955078 0.82739210128784179688 2.0566017627716064453 2.14962005615234375
1.7484433650970458984 1.917115330696105957 1.3047931194305419922 1.7894496917724609375 2.1822295188903808594 1.5747170448303222656 1.8417061567306518555 1.337239384651184082 1.1840569972991943359 0.69589483737945556641 0.66100281476974487305 0.50097239017486572266 1.015140533447265625 0.52657073736190795898 0.5427939295768737793 1.2823741436004638672 1.3935720920562744141 0.82779973745346069336 0.70225369930267333984 0.46542820334434509277 0.31045225262641906738 0.12245927751064300537 0.14528582990169525146 0.38732880353927612305 0.52078258991241455078 0.5435276031494140625 0.85095232725143432617 1.7344213724136352539 1.6417293548583984375 1.4847967624664306641 1.389332890510559082 1.9379853010177612305 1.8670599460601806641 1.9855134487152099609 1.8212437629699707031 2.1894850730895996094 1.8017597198486328125 1.4913185834884643555 1.8291516304016113281 1.2699825763702392578
2.371852874755859375 1.7658078670501708984 0.7697550654411315918 0.80872321128845214844 0.871822357177734375 0.94894349575042724609 0.69100344181060791016 0.52999472618103027344 0.85877859592437744141 0.59570258855819702148 0.37697532773017883301 0.61445295810699462891 0.79282617568969726562 0.44602563977241516113 0.57287603616714477539 0.78418469429016113281 0.78010851144790649414 0.763233184814453125 0.69393831491470336914 0.52567398548126220703 0.52991324663162231445 0.30547931790351867676 0.55388110876083374023 0.21800470352172851562 0.2738482356071472168 0.60263210535049438477 0.92024725675582885742 2.1366579532623291016 1.11582183837890625 -0.83813089132308959961 -0.052163831889629364014 1.9732849597930908203 1.9966821670532226562 2.2276380062103271484 2.1357610225677490234 2.4445717334747314453 1.9923614263534545898 1.9563280344009399414 1.9063541889190673828 2.4874529838562011719
1.6005599498748779297 1.3201195001602172852 1.5799345970153808594 0.47227618098258972168 0.45279207825660705566 1.4772150516510009766 0.45466712117195129395 0.88682264089584350586 0.81442987918853759766 0.95774799585342407227 0.77513557672500610352 0.76412993669509887695 0.55779421329498291016 0.61689865589141845703 0.30849567055702209473 0.75720041990280151367 0.47830891609191894531 0.33963760733604431152 0.15254141390323638916 0.24164649844169616699 0.41088905930519104004 0.34534424543380737305 0.53195130825042724609 0.805217742919921875 0.8356259465217590332 0.13566607236862182617 1.1448441743850708008 1.326559901237487793 0.72328668832778930664 -0.83813089132308959961 -0.83813089132308959961 0.72328668832778930664 1.6762137413024902344 2.1666584014892578125 1.5135744810104370117 2.5137851238250732422 1.653713226318359375 1.5392544269561767578 2.5172905921936035156 1.7584707736968994141
