layers/runoff.asc
ncols        290
nrows        290
xllcorner    68.000000000000
yllcorner    8.000000000000
cellsize     0.100000000000
NODATA_value -9999
[rows 170 to 186 of 290, columns 80 to 119 of 290]
-0.34945419430732727051 -0.28706350922584533691 -0.37779968976974487305 0.67497622966766357422 -0.33548897504806518555 -0.37609413266181945801 -0.39002725481986999512 -0.29171416163444519043 -0.39272710680961608887 -0.39177998900413513184 -0.1204355582594871521 -0.38179945945739746094 -0.38780474662780761719 0.12410102784633636475 -0.30460774898529052734 0.38074254989624023438 0.17126995325088500977 -0.38945183157920837402 -0.38825568556785583496 0.015214970335364341736 -0.39363837242126464844 -0.38448607921600341797 -0.38807266950607299805 -0.37442439794540405273 -0.37225094437599182129 -0.36838984489440917969 -0.078388966619968414307 -0.38081082701683044434 -0.36823609471321105957 -0.38746702671051025391 -0.37110951542854309082 -0.37139251828193664551 -0.38971784710884094238 -0.37774875760078430176 -0.31409400701522827148 0.34602382779121398926 -0.35865363478660583496 -0.38522756099700927734 -0.33835670351982116699 -0.38722553849220275879
-0.38710290193557739258 -0.3036002814769744873 -0.1934086233377456665 -0.38788023591041564941 -0.38290694355964660645 -0.39042723178863525391 -0.30310595035552978516 -0.39042723178863525391 -0.36635506153106689453 -0.30562090873718261719 -0.36382126808166503906 -0.39108946919441223145 -0.39001217484474182129 -0.38349369168281555176 -0.35359168052673339844 -0.3359266817569732666 -0.38973671197891235352 -0.30558317899703979492 -0.32079926133155822754 -0.39091590046882629395 -0.32156148552894592285 -0.38581809401512145996 0.69550520181655883789 -0.37780818343162536621 -0.26978150010108947754 -0.34099051356315612793 -0.3912932276725769043 -0.37414330244064331055 -0.26976263523101806641 -0.36679467558860778809 -0.36116480827331542969 -0.32955345511436462402 0.02880096435546875 -0.39029139280319213867 -0.38677650690078735352 -0.38404837250709533691 -0.33509936928749084473 -0.31968232989311218262 -0.33260422945022583008 -0.34482049942016601562
-0.25023359060287475586 -0.38306164741516113281 -0.34625530242919921875 0.59555071592330932617 -0.27313414216041564941 2.2559795379638671875 -0.38918015360832214355 -0.37559792399406433105 -0.31100738048553466797 -0.39452323317527770996 -0.25426542758941650391 -0.38770663738250732422 -0.31359967589378356934 -0.38516339659690856934 0.58879262208938598633 0.025857741013169288635 -0.3120714724063873291 0.03319315984845161438 -0.38892734050750732422 -0.39236298203468322754 -0.049864225089550018311 -0.054031904786825180054 0.43642607331275939941 0.089297406375408172607 -0.06411056220531463623 -0.24330759048461914062 -0.36437782645225524902 -0.18764293193817138672 -0.38132211565971374512 0.2526594996452331543 -0.38662746548652648926 -0.16975435614585876465 -0.36358353495597839355 -0.37892603874206542969 -0.19533492624759674072 0.20638675987720489502 -0.33723792433738708496 -0.32857805490493774414 -0.37631109356880187988 -0.37306883931159973145
2.0414788722991943359 -0.37957221269607543945 -0.38470116257667541504 -0.37734499573707580566 0.023142805323004722595 -0.39403268694877624512 -0.38489171862602233887 -0.38422194123268127441 -0.21535450220108032227 -0.050937745720148086548 -0.39164981245994567871 -0.38201263546943664551 -0.37448289990425109863 -0.36926054954528808594 -0.33906421065330505371 -0.18359316885471343994 -0.36761915683746337891 -0.28104877471923828125 -0.39323651790618896484 -0.32830259203910827637 -0.3865916132926940918 0.12325578927993774414 -0.38963860273361206055 -0.38740101456642150879 0.086891889572143554688 -0.38087308406829833984 -0.3603573143482208252 0.25690641999244689941 -0.36973410844802856445 -0.35805556178092956543 -0.31268841028213500977 -0.3713283538818359375 -0.38445588946342468262 -0.34129428863525390625 -0.30893015861511230469 -0.38026368618011474609 0.012229296378791332245 -0.28745594620704650879 1.980440974235534668 -0.34131690859794616699
-0.36264395713806152344 -0.37792232632637023926 1.2887533903121948242 1.2661283016204833984 -0.39392891526222229004 -0.38417100906372070312 -0.31898522377014160156 -0.20759269595146179199 -0.38438230752944946289 0.076890587806701660156 0.48616844415664672852 -0.27449443936347961426 -0.39039894938468933105 -0.38912355899810791016 -0.39115926623344421387 -0.34263005852699279785 -0.30838677287101745605 -0.37900149822235107422 -0.38284277915954589844 -0.14175505936145782471 -0.36807194352149963379 0.7335293889045715332 -0.38031461834907531738 -0.37924864888191223145 -0.21303766965866088867 -0.37122270464897155762 -0.28203737735748291016 -0.14631517231464385986 -0.38355216383934020996 -0.3689511418342590332 -0.35493877530097961426 -0.12828415632247924805 -0.38486906886100769043 -0.36967942118644714355 -0.36192137002944946289 -0.38500115275382995605 -0.35559344291687011719 -0.38612371683120727539 0.45783048868179321289 -0.37612998485565185547
-0.39224413037300109863 -0.38965371251106262207 0.28875738382339477539 -0.39382892847061157227 -0.37990900874137878418 -0.38766324520111083984 -0.16157653927803039551 -0.19825927913188934326 -0.30649065971374511719 -0.36347600817680358887 -0.3912932276725769043 0.74055725336074829102 -0.33449280261993408203 -0.38830849528312683105 -0.39015555381774902344 -0.30325499176979064941 -0.38919147849082946777 -0.38563507795333862305 -0.39343082904815673828 -0.24512635171413421631 -0.39246675372123718262 -0.35116541385650634766 -0.1874863356351852417 0.61203461885452270508 -0.3884518742561340332 -0.38869148492813110352 -0.32115867733955383301 -0.3882217109203338623 0.21218641102313995361 -0.34525442123413085938 -0.39158943295478820801 -0.3817183077335357666 -0.38660293817520141602 -0.38137683272361755371 -0.38018068671226501465 -0.24662248790264129639 -0.34168672561645507812 -0.35289171338081359863 -0.37083026766777038574 -0.3847954869270324707
-0.3436413109302520752 -0.37551867961883544922 -0.33915477991104125977 -0.12992745637893676758 -0.30309274792671203613 -0.36689937114715576172 -0.37473759055137634277 -0.39278182387351989746 0.54420274496078491211 -0.38130325078964233398 -0.39407420158386230469 0.20273980498313903809 -0.36089879274368286133 -0.3626250922679901123 -0.35683110356330871582 -0.36736255884170532227 -0.34972304105758666992 -0.38408234715461730957 -0.38796702027320861816 -0.38589167594909667969 -0.38418421149253845215 -0.36041390895843505859 -0.10957959294319152832 -0.26568928360939025879 -0.095893599092960357666 -0.39186677336692810059 -0.39221203327178955078 -0.32050493359565734863 -0.001678377506323158741 0.016692241653800010681 -0.38970276713371276855 0.35891741514205932617 -0.38871225714683532715 -0.3753922879695892334 -0.38929525017738342285 -0.36705502867698669434 -0.21599598228931427002 -0.37958636879920959473 -0.31750229001045227051 -0.34358093142509460449
-0.38884243369102478027 -0.32826673984527587891 0.46614131331443786621 -0.37160569429397583008 -0.36201760172843933105 -0.38799721002578735352 -0.11851680278778076172 -0.28379765152931213379 -0.032052062451839447021 1.6945974826812744141 0.12333880364894866943 -0.36234965920448303223 0.44150879979133605957 -0.3690662384033203125 1.0599045753479003906 0.52903574705123901367 -0.39140832424163818359 -0.38744816184043884277 -0.39101210236549377441 -0.39247429370880126953 -0.38535019755363464355 -0.099459432065486907959 -0.38588222861289978027 -0.37232264876365661621 -0.3884537816047668457 -0.052658401429653167725 -0.38238433003425598145 -0.37588846683502197266 -0.37926563620567321777 -0.38700857758522033691 -0.2925122380256652832 -0.21582995355129241943 -0.34908628463745117188 -0.369586944580078125 -0.38142022490501403809 -0.32593104243278503418 -0.36555135250091552734 -0.37956371903419494629 -0.38880845904350280762 -0.37257167696952819824
-0.24731490015983581543 -0.38950842618942260742 -0.39084798097610473633 -0.38487285375595092773 -0.37503570318222045898 0.02883115038275718689 -0.32947421073913574219 -0.34642606973648071289 -0.19472742080688476562 -0.37038689851760864258 -0.38841605186462402344 -0.36596265435218811035 -0.37894302606582641602 -0.38927447795867919922 -0.38378989696502685547 -0.38617277145385742188 -0.38815757632255554199 -0.3933289647102355957 -0.39094135165214538574 0.051178894937038421631 -0.11861301958560943604 -0.35102671384811401367 -0.29700630903244018555 -0.38861790299415588379 -0.29081612825393676758 -0.36310055851936340332 -0.39062345027923583984 -0.38269090652465820312 -0.35594248771667480469 -0.38663125038146972656 -0.30975273251533508301 -0.21351310610771179199 -0.19325958192348480225 -0.25114673376083374023 -0.35163140296936035156 -0.38436627388000488281 -0.3790505528450012207 -0.087625220417976379395 -0.36354580521583557129 -0.36447593569755554199
0.15892350673675537109 -0.36770781874656677246 -0.38648974895477294922 -0.38685762882232666016 -0.38088062405586242676 -0.38637369871139526367 -0.38581997156143188477 -0.16727243363857269287 -0.38658311963081359863 -0.3771355748176574707 -0.39261579513549804688 -0.0262976866215467453 -0.39147812128067016602 -0.39232525229454040527 -0.39288747310638427734 -0.38890281319618225098 -0.28508627414703369141 -0.39218375086784362793 0.030657459050416946411 -0.38799908757209777832 -0.39303085207939147949 -0.3486976325511932373 -0.049352936446666717529 -0.18692409992218017578 -0.38997632265090942383 -0.03236336633563041687 -0.37961468100547790527 -0.38367858529090881348 -0.18130934238433837891 -0.38397479057312011719 -0.2069285959005355835 -0.38946691155433654785 -0.19385011494159698486 -0.38293334841728210449 -0.3482882082462310791 -0.3903102576732635498 -0.32947233319282531738 -0.35232004523277282715 -0.34009623527526855469 -0.38704064488410949707
-0.3276818692684173584 -0.38705196976661682129 -0.3551330864429473877 -0.38860470056533813477 -0.38888582587242126465 -0.095570981502532958984 -0.38962727785110473633 -0.38802739977836608887 -0.39441567659378051758 -0.37912601232528686523 0.095174424350261688232 -0.3932648003101348877 -0.37813362479209899902 -0.39340442419052124023 -0.044755090028047561646 -0.39290067553520202637 -0.39015367627143859863 0.25993078947067260742 -0.38683688640594482422 -0.041064742952585220337 0.18985377252101898193 -0.39275729656219482422 -0.38743686676025390625 -0.30565109848976135254 -0.33156278729438781738 -0.37781667709350585938 -0.38448420166969299316 -0.099455654621124267578 -0.21421872079372406006 -0.37116232514381408691 -0.38401818275451660156 -0.3749847412109375 -0.35875928401947021484 -0.38519641757011413574 -0.37990334630012512207 -0.37110763788223266602 -0.38244467973709106445 -0.3883368074893951416 -0.20416082441806793213 -0.38150888681411743164
-0.39327520132064819336 -0.39147245883941650391 -0.37100952863693237305 -0.36010450124740600586 -0.37513756752014160156 -0.39079326391220092773 -0.39376479387283325195 -0.096125662326812744141 -0.3925686180591583252 -0.19201248884201049805 -0.38527470827102661133 -0.34552609920501708984 -0.32544237375259399414 -0.39237430691719055176 -0.39000651240348815918 -0.38942164182662963867 -0.3918724358081817627 -0.32243877649307250977 -0.3860142827033996582 -0.36118933558464050293 0.092565141618251800537 -0.39005368947982788086 -0.39427796006202697754 -0.39309877157211303711 -0.39067533612251281738 -0.36969450116157531738 -0.30554544925689697266 -0.3911215364933013916 -0.33887365460395812988 -0.39086496829986572266 -0.39265730977058410645 -0.21707893908023834229 -0.11257375031709671021 -0.3633231818675994873 -0.38704630732536315918 -0.37998822331428527832 -0.34930512309074401855 -0.27480384707450866699 -0.30450963973999023438 -0.35770651698112487793
-0.26632508635520935059 -0.37882414460182189941 -0.39169132709503173828 -0.090648628771305084229 -0.38095232844352722168 0.14306406676769256592 -0.37367162108421325684 -0.39316672086715698242 -0.39241957664489746094 -0.37129819393157958984 -0.38870942592620849609 -0.38742080330848693848 -0.14873389899730682373 -0.36955299973487854004 -0.39284974336624145508 -0.38071650266647338867 -0.37325277924537658691 -0.38659727573394775391 -0.38831982016563415527 -0.21773549914360046387 -0.38956314325332641602 -0.39369875192642211914 -0.37053030729293823242 -0.38587278127670288086 -0.38408422470092773438 -0.35067486763000488281 -0.13868542015552520752 -0.39390063285827636719 -0.39322707056999206543 -0.2553672492504119873 0.016584699973464012146 -0.37669220566749572754 -0.38693121075630187988 -0.3900216221809387207 0.10846798121929168701 -0.39078572392463684082 -0.37891471385955810547 -0.24305288493633270264 -0.35747069120407104492 -0.24164541065692901611
-0.38028445839881896973 -0.36633244156837463379 -0.38992539048194885254 -0.39318934082984924316 -0.3902499079704284668 -0.047643601894378662109 0.020233541727066040039 -0.39388176798820495605 -0.39307990670204162598 -0.38771042227745056152 -0.39234411716461181641 -0.39147624373435974121 -0.38236546516418457031 -0.39253938198089599609 -0.3946043550968170166 -0.38750666379928588867 -0.38370689749717712402 -0.39008197188377380371 -0.39068761467933654785 -0.38568601012229919434 -0.36306092143058776855 -0.39394778013229370117 -0.26207441091537475586 -0.38844057917594909668 -0.38998576998710632324 -0.39296293258666992188 -0.38918864727020263672 -0.38478228449821472168 -0.39002725481986999512 -0.39206486940383911133 -0.3838068842887878418 -0.32917234301567077637 -0.12406553328037261963 -0.3894367218017578125 0.065108262002468109131 0.11438838392496109009 -0.17654263973236083984 -0.2616329193115234375 -0.16153125464916229248 -0.36485517024993896484
-0.37885433435440063477 -0.38633692264556884766 -0.38617655634880065918 -0.32628762722015380859 -0.38966125249862670898 -0.39151585102081298828 -0.066712297499179840088 -0.39379686117172241211 -0.39382138848304748535 -0.38559922575950622559 -0.39285919070243835449 -0.39256107807159423828 -0.3679606318473815918 -0.39437985420227050781 -0.37597715854644775391 -0.39044800400733947754 -0.33857274055480957031 -0.30290785431861877441 -0.32710170745849609375 -0.39274221658706665039 -0.38965937495231628418 -0.35182386636734008789 -0.3834050297737121582 -0.38037499785423278809 -0.1283728182315826416 -0.30540770292282104492 -0.23329685628414154053 -0.18870136141777038574 -0.29907411336898803711 -0.3658758699893951416 -0.2999985814094543457 -0.39275351166725158691 -0.26911363005638122559 -0.34795802831649780273 -0.3791618645191192627 -0.3883971869945526123 -0.37819966673851013184 -0.38962540030479431152 -0.3806146085262298584 0.25571215152740478516
-0.39488923549652099609 -0.3838927149772644043 -0.39015933871269226074 -0.3935025334358215332 -0.38740289211273193359 0.0021704528480768203735 -0.39356857538223266602 -0.39202904701232910156 -0.33420035243034362793 -0.39138755202293395996 -0.38603881001472473145 -0.38838019967079162598 -0.39408361911773681641 -0.33396074175834655762 -0.39325726032257080078 -0.35752916336059570312 -0.38672178983688354492 -0.20504190027713775635 -0.39234882593154907227 -0.33339473605155944824 -0.3912404179573059082 -0.37695255875587463379 -0.37995615601539611816 -0.38965180516242980957 -0.35328790545463562012 -0.38766890764236450195 -0.37493193149566650391 -0.38850092887878417969 -0.39333271980285644531 -0.38078251481056213379 -0.38611805438995361328 -0.38261261582374572754 -0.38877072930335998535 -0.38826605677604675293 -0.37884113192558288574 -0.37396216392517089844 -0.36388164758682250977 -0.32468771934509277344 -0.36741727590560913086 0.075379356741905212402
-0.39150077104568481445 -0.39123475551605224609 -0.39149889349937438965 -0.39473736286163330078 -0.39496472477912902832 -0.39387044310569763184 -0.38868582248687744141 -0.3942572176456451416 -0.3937308192253112793 -0.39424777030944824219 -0.36572679877281188965 -0.39384025335311889648 -0.39287993311882019043 -0.39169508218765258789 -0.39012727141380310059 -0.39221015572547912598 -0.39007064700126647949 -0.38208055496215820312 -0.3775940239429473877 -0.3914667963981628418 -0.38896507024765014648 -0.39393457770347595215 -0.36550042033195495605 -0.38991785049438476562 -0.17081561684608459473 -0.34992584586143493652 -0.21602617204189300537 -0.28909358382225036621 -0.14268518984317779541 -0.33775109052658081055 -0.14490769803524017334 -0.3552519381046295166 -0.29105666279792785645 -0.38574638962745666504 -0.36597019433975219727 -0.38313898444175720215 0.12568207085132598877 0.087714485824108123779 -0.3889198005199432373 -0.32175579667091369629
