layers/runoff.asc
ncols        290
nrows        290
xllcorner    68.000000000000
yllcorner    8.000000000000
cellsize     0.100000000000
NODATA_value -9999
[rows 136 to 152 of 290, columns 80 to 119 of 290]
-0.39230826497077941895 0.3248043358325958252 -0.33503615856170654297 -0.39169508218765258789 -0.39068007469177246094 -0.38397666811943054199 -0.0072686150670051574707 -0.39238938689231872559 -0.38817453384399414062 1.623858332633972168 -0.21969765424728393555 0.35921928286552429199 -0.37951844930648803711 0.67039537429809570312 3.9227533340454101562 -0.3770770728588104248 0.043298225849866867065 1.4278659820556640625 2.9337623119354248047 -0.36282697319984436035 -0.04706061631441116333 -0.38679161667823791504 1.5907545089721679688 -0.37136045098304748535 -0.1831347048282623291 0.70602911710739135742 0.19694580137729644775 -0.29644408822059631348 0.10834817588329315186 -0.38289371132850646973 2.2811818122863769531 -0.32736867666244506836 -0.26428937911987304688 -0.3127110600471496582 0.92085802555084228516 -0.34992018342018127441 0.85058289766311645508 0.66803890466690063477 0.48310068249702453613 -0.3840370476245880127
-0.30775284767150878906 0.37716728448867797852 -0.38893488049507141113 -0.085326299071311950684 -0.38982161879539489746 -0.17259098589420318604 -0.23454205691814422607 -0.11851680278778076172 1.5390161275863647461 0.28113895654678344727 1.7258503437042236328 -0.013355050235986709595 -0.38142022490501403809 -0.22605200111865997314 -0.36023280024528503418 -0.36332884430885314941 0.12620656192302703857 0.95559370517730712891 -0.3685455024242401123 -0.36694559454917907715 0.026546379551291465759 -0.38605770468711853027 -0.34837311506271362305 -0.29370746016502380371 0.10975658148527145386 -0.33297023177146911621 -0.33178728818893432617 -0.37557905912399291992 2.5095515251159667969 -0.35665565729141235352 2.6457755565643310547 -0.35599720478057861328 -0.36589848995208740234 0.94049078226089477539 -0.25741052627563476562 0.069349519908428192139 -0.32101434469223022461 -0.32635176181793212891 -0.17182876169681549072 0.41700834035873413086
-0.37625825405120849609 -0.05111886933445930481 -0.3882198333740234375 -0.37923544645309448242 -0.38757646083831787109 -0.39232146739959716797 -0.37378105521202087402 0.082922309637069702148 -0.35549721121788024902 -0.24043887853622436523 -0.33119487762451171875 -0.3345305323600769043 2.0576422214508056641 -0.35406899452209472656 1.7399175167083740234 2.2889342308044433594 -0.25722751021385192871 -0.36745500564575195312 -0.35633113980293273926 -0.37849208712577819824 2.1818819046020507812 -0.36353826522827148438 1.1394432783126831055 -0.23164600133895874023 0.83081609010696411133 0.21574091911315917969 -0.35354262590408325195 -0.24170012772083282471 -0.3776563107967376709 -0.3836917877197265625 0.71104580163955688477 -0.24709038436412811279 -0.32119736075401306152 0.098534598946571350098 -0.28812760114669799805 -0.37495833635330200195 -0.36550605297088623047 -0.15253366529941558838 -0.20785495638847351074 -0.34053772687911987305
-0.25554648041725158691 -0.24584329128265380859 -0.34715998172760009766 -0.33448243141174316406 0.56089043617248535156 -0.39119324088096618652 -0.29727610945701599121 -0.36487025022506713867 -0.37817135453224182129 -0.38047310709953308105 -0.36264395713806152344 0.15753114223480224609 -0.37979391217231750488 -0.36992561817169189453 -0.27821874618530273438 -0.33738884329795837402 3.8172688484191894531 3.1773328781127929688 -0.35473406314849853516 -0.33774730563163757324 -0.3011551201343536377 -0.34256589412689208984 3.0035922527313232422 3.4313464164733886719 -0.35084465146064758301 -0.38494077324867248535 -0.2328459322452545166 -0.32289534807205200195 -0.23950214684009552002 0.4610303044319152832 -0.2792790532112121582 -0.092793785035610198975 -0.38520491123199462891 0.91477531194686889648 -0.3871727287769317627 -0.37082085013389587402 0.23282670974731445312 2.7743792533874511719 -0.25027132034301757812 -0.26460257172584533691
-0.39127248525619506836 -0.11275487393140792847 -0.38773494958877563477 -0.38185793161392211914 -0.23909462988376617432 -0.36079314351081848145 -0.16060300171375274658 -0.39137059450149536133 0.7194773554801940918 -0.38955748081207275391 0.054308902472257614136 -0.21819019317626953125 1.7408646345138549805 -0.38057121634483337402 -0.33417394757270812988 -0.36728614568710327148 0.09095297008752822876 -0.33262875676155090332 -0.38222771883010864258 -0.3846200406551361084 -0.3051624298095703125 -0.062027666717767715454 0.20599055290222167969 -0.1833356320858001709 0.28079369664192199707 0.15210881829261779785 -0.38124477863311767578 -0.37819021940231323242 0.010745421051979064941 -0.39084419608116149902 -0.38084289431571960449 3.6481280326843261719 4.1411747932434082031 -0.38743686676025390625 1.0133733749389648438 -0.35260871052742004395 2.7914726734161376953 0.57268220186233520508 -0.30726042389869689941 -0.38298428058624267578
-0.14784903824329376221 -0.38128817081451416016 -0.38150605559349060059 -0.28616923093795776367 -0.39113098382949829102 -0.30803209543228149414 -0.27350485324859619141 -0.32299911975860595703 -0.24554140865802764893 -0.36847853660583496094 -0.33222594857215881348 -0.33776429295539855957 1.3881551027297973633 1.6421967744827270508 3.2583224773406982422 0.55564361810684204102 -0.33463805913925170898 0.092236861586570739746 -0.36137235164642333984 -0.36215153336524963379 -0.30009669065475463867 -0.38551431894302368164 2.6671628952026367188 -0.36608338356018066406 1.9653627872467041016 -0.35116541385650634766 0.76209563016891479492 0.49414533376693725586 -0.27420765161514282227 -0.13082362711429595947 1.7523639202117919922 -0.36846625804901123047 0.92173343896865844727 -0.36550605297088623047 3.3261392116546630859 3.0327792167663574219 -0.28537869453430175781 -0.37770533561706542969 3.3491661548614501953 -0.3448072969913482666
-0.38267958164215087891 0.71312677860260009766 -0.35581985116004943848 -0.3821277320384979248 2.5283446311950683594 -0.28926715254783630371 0.18105240166187286377 -0.38953673839569091797 -0.18101878464221954346 -0.39227807521820068359 -0.12797285616397857666 0.23750945925712585449 0.67866468429565429688 0.46194723248481750488 -0.38487663865089416504 -0.35747256875038146973 -0.32638007402420043945 -0.38471060991287231445 -0.10942865163087844849 -0.30556619167327880859 3.6576349735260009766 4.3369727134704589844 -0.33361360430717468262 -0.20585978031158447266 -0.38418608903884887695 0.24897104501724243164 1.2868460416793823242 -0.38017690181732177734 -0.25802370905876159668 -0.0046442411839962005615 1.1858010292053222656 1.0335646867752075195 -0.38854810595512390137 -0.39055743813514709473 -0.34986546635627746582 -0.03471417352557182312 -0.37284997105598449707 -0.38809153437614440918 0.61569482088088989258 -0.35453501343727111816
0.89381051063537597656 -0.39126682281494140625 -0.26958999037742614746 0.1378002166748046875 -0.37682804465293884277 -0.3908272087574005127 -0.39145171642303466797 5.4215559959411621094 -0.1900673210620880127 -0.23918895423412322998 -0.39023479819297790527 -0.38969898223876953125 -0.38493135571479797363 2.1425466537475585938 -0.1402683556079864502 -0.33858689665794372559 -0.35690468549728393555 -0.0551110878586769104 -0.38329368829727172852 -0.35953471064567565918 2.9492502212524414062 3.7439978122711181641 -0.36450234055519104004 0.15944422781467437744 -0.30879428982734680176 2.2892963886260986328 -0.30293804407119750977 -0.34890705347061157227 -0.31350156664848327637 -0.22277860343456268311 -0.35012584924697875977 -0.30991309881210327148 -0.38848397135734558105 -0.38609731197357177734 -0.32288026809692382812 -0.38923487067222595215 0.7660916447639465332 -0.35440671443939208984 0.083578877151012420654 -0.38968577980995178223
-0.34373375773429870605 -0.25862744450569152832 -0.37190759181976318359 -0.27556794881820678711 -0.39143851399421691895 -0.0013067012187093496323 -0.35546892881393432617 -0.3502343297004699707 -0.39219507575035095215 -0.044047586619853973389 0.46389240026473999023 -0.19347843527793884277 -0.29856377840042114258 -0.36211380362510681152 -0.38754251599311828613 -0.39097249507904052734 -0.21106418967247009277 0.083826027810573577881 -0.38880470395088195801 3.2981579303741455078 -0.10890416055917739868 -0.29195189476013183594 1.0051851272583007812 -0.24702057242393493652 4.7311229705810546875 -0.36614847183227539062 5.3238506317138671875 1.3295736312866210938 0.95010155439376831055 -0.37678086757659912109 -0.3870029151439666748 -0.066510424017906188965 -0.22391815483570098877 0.055822018533945083618 0.96208953857421875 2.8510615825653076172 -0.36905208230018615723 -0.1927388608455657959 2.1912474632263183594 -0.35877439379692077637
-0.37542057037353515625 -0.34649398922920227051 -0.15353360772132873535 -0.32500654458999633789 -0.28661260008811950684 -0.3886273503303527832 -0.39165359735488891602 -0.20802475512027740479 -0.1059835776686668396 1.8403776884078979492 -0.3635533452033996582 0.53580701351165771484 -0.38555583357810974121 -0.38683310151100158691 0.75042647123336791992 -0.36968317627906799316 -0.21439324319362640381 -0.37047934532165527344 -0.38951408863067626953 -0.37583941221237182617 -0.37096047401428222656 -0.35272189974784851074 -0.34223949909210205078 2.8641719818115234375 -0.13604219257831573486 -0.059190094470977783203 -0.28292977809906005859 -0.34778636693954467773 -0.37981843948364257812 -0.31570145487785339355 0.19993996620178222656 0.52036267518997192383 0.20479439198970794678 0.18378242850303649902 0.39406251907348632812 0.90650975704193115234 -0.24872612953186035156 -0.25579363107681274414 -0.0076950052753090858459 -0.23276291787624359131
-0.18385541439056396484 -0.2197004854679107666 -0.36067804694175720215 -0.37369993329048156738 -0.24669606983661651611 -0.36579471826553344727 -0.29982125759124755859 -0.22160886228084564209 0.69372797012329101562 -0.38909712433815002441 0.24749000370502471924 0.8682384490966796875 -0.38484454154968261719 -0.21701855957508087158 0.21057896316051483154 -0.3900782167911529541 -0.29383102059364318848 -0.28915205597877502441 -0.37436214089393615723 -0.31622028350830078125 -0.35576325654983520508 -0.386302947998046875 3.5205938816070556641 -0.22925557196140289307 0.34794071316719055176 -0.37061330676078796387 -0.33831331133842468262 -0.31761077046394348145 -0.30507376790046691895 -0.36005544662475585938 3.7633702754974365234 -0.2089624255895614624 -0.36821722984313964844 -0.35882154107093811035 1.2814840078353881836 0.29516646265983581543 -0.36787384748458862305 -0.39158001542091369629 2.9800426959991455078 -0.37007373571395874023
-0.37552058696746826172 -0.36375051736831665039 -0.38194096088409423828 1.5461722612380981445 -0.36142140626907348633 -0.38755005598068237305 -0.17784538865089416504 -0.37241697311401367188 -0.38577470183372497559 -0.34406769275665283203 0.08379961550235748291 -0.19402085244655609131 -0.35016924142837524414 0.74662482738494873047 -0.38619542121887207031 -0.35413125157356262207 2.7033231258392333984 -0.30902823805809020996 0.75009822845458984375 -0.38738781213760375977 -0.38069573044776916504 -0.3920479118824005127 -0.39136680960655212402 -0.39205923676490783691 -0.25087130069732666016 -0.38802173733711242676 2.0820500850677490234 -0.38419932126998901367 -0.059414606541395187378 -0.37327635288238525391 -0.27322185039520263672 0.61581367254257202148 0.0032515213824808597565 -0.39261013269424438477 -0.3681964874267578125 -0.35112577676773071289 3.3969426155090332031 -0.38882544636726379395 0.093665078282356262207 -0.37876376509666442871
-0.37292638421058654785 -0.33382868766784667969 -0.25611248612403869629 -0.16430656611919403076 -0.36346185207366943359 -0.35894230008125305176 0.39170038700103759766 2.4083876609802246094 -0.35642170906066894531 -0.35158517956733703613 -0.36420425772666931152 0.89167106151580810547 1.7496584653854370117 1.3412635326385498047 -0.39210262894630432129 -0.030852137133479118347 -0.3585904240608215332 -0.38326916098594665527 2.7713246345520019531 -0.36900207400321960449 -0.2558879852294921875 -0.3613459467887878418 0.22944483160972595215 -0.36683428287506103516 -0.37228867411613464355 1.4998334646224975586 -0.15492409467697143555 -0.2113698422908782959 -0.36578717827796936035 -0.38894996047019958496 -0.23486657440662384033 -0.37445458769798278809 0.47275978326797485352 -0.36853608489036560059 -0.33674925565719604492 -0.32185202836990356445 0.142122611403465271 -0.3858992159366607666 -0.35055410861968994141 -0.3698208928108215332
-0.38883864879608154297 -0.38675197958946228027 -0.32891011238098144531 0.49988460540771484375 0.0023364808876067399979 -0.33475881814956665039 -0.32028797268867492676 -0.34005472064018249512 0.33502826094627380371 -0.085162155330181121826 -0.38915938138961791992 0.46892794966697692871 -0.17311170697212219238 0.97623777389526367188 -0.19697634875774383545 -0.024550620466470718384 -0.25862082839012145996 -0.2527504265308380127 -0.36249870061874389648 -0.31733909249305725098 -0.37999200820922851562 -0.39011594653129577637 -0.33063453435897827148 -0.38230508565902709961 1.166237950325012207 -0.3894952237606048584 0.13954918086528778076 -0.38067969679832458496 2.3801381587982177734 0.69120353460311889648 0.13286088407039642334 -0.29159435629844665527 -0.38214281201362609863 0.2066376805305480957 -0.33920949697494506836 -0.37699028849601745605 -0.37305846810340881348 -0.34416013956069946289 -0.3701133430004119873 -0.36254397034645080566
7.6950640678405761719 -0.06591234356164932251 -0.38651049137115478516 -0.33018171787261962891 -0.35656791925430297852 0.3835423886775970459 -0.35568776726722717285 -0.28369578719139099121 -0.3135789334774017334 -0.38814246654510498047 -0.30342668294906616211 -0.38888204097747802734 -0.16899119317531585693 -0.37200567126274108887 -0.20175908505916595459 -0.33613231778144836426 0.81590378284454345703 1.4038995504379272461 -0.19250112771987915039 -0.29991370439529418945 3.1448366641998291016 -0.36526834964752197266 0.41255766153335571289 -0.34893345832824707031 -0.059793829917907714844 -0.38567280769348144531 -0.37274715304374694824 0.1690247952938079834 -0.38832169771194458008 0.17998264729976654053 1.9118734598159790039 -0.2322931438684463501 -0.019550913944840431213 -0.36994636058807373047 1.09076690673828125 0.83864772319793701172 0.12762440741062164307 0.49456417560577392578 -0.33197030425071716309 0.71058732271194458008
-0.39064988493919372559 1.0712529420852661133 -0.38721987605094909668 0.3990414738655090332 -0.37163966894149780273 -0.33702850341796875 -0.36562114953994750977 -0.38070139288902282715 -0.38981217145919799805 0.21572394669055938721 -0.30495300889015197754 -0.37754592299461364746 -0.36839458346366882324 1.923314213752746582 -0.26534023880958557129 -0.37827891111373901367 -0.38997820019721984863 -0.36820402741432189941 -0.3885065913200378418 -0.3683662712574005127 1.3962942361831665039 -0.36178648471832275391 -0.39015746116638183594 -0.37807136774063110352 -0.27182665467262268066 -0.35665941238403320312 -0.39027819037437438965 -0.38165512681007385254 0.71450221538543701172 -0.38188150525093078613 -0.28137138485908508301 -0.38160890340805053711 -0.20198926329612731934 -0.38396537303924560547 2.6734888553619384766 0.86799693107604980469 -0.38570487499237060547 -0.27665656805038452148 -0.38028821349143981934 -0.33060055971145629883
-0.34228479862213134766 -0.38697084784507751465 -0.38701236248016357422 -0.33276838064193725586 -0.37422630190849304199 -0.38395404815673828125 3.3646540641784667969 0.18086184561252593994 0.73507267236709594727 1.3261172771453857422 1.4817308187484741211 -0.38448795676231384277 -0.36965864896774291992 -0.37866756319999694824 -0.32677814364433288574 -0.29939109086990356445 -0.39093288779258728027 3.5605123043060302734 -0.19509154558181762695 0.29248926043510437012 -0.2251275181770324707 1.2261269092559814453 -0.38393706083297729492 2.2492101192474365234 -0.34645247459411621094 -0.3383038938045501709 -0.3825333714485168457 -0.24536217749118804932 0.94225674867630004883 -0.35066166520118713379 -0.38480305671691894531 -0.3794543147087097168 -0.38725760579109191895 0.25595933198928833008 -0.32741019129753112793 -0.28127706050872802734 0.32198938727378845215 0.97670376300811767578 -0.32490468025207519531 -0.3883896172046661377
