layers/runoff.asc
ncols        290
nrows        290
xllcorner    68.000000000000
yllcorner    8.000000000000
cellsize     0.100000000000
NODATA_value -9999
[rows 204 to 220 of 290, columns 0 to 39 of 290]
-0.39516848325729370117 -0.39508736133575439453 -0.39520055055618286133 -0.39517223834991455078 -0.395183563232421875 -0.39513263106346130371 -0.39469113945960998535 -0.39467415213584899902 -0.39207053184509277344 -0.39520055055618286133 -0.39515337347984313965 -0.39520433545112609863 -0.39520242810249328613 -0.39496377110481262207 -0.39520055055618286133 -0.39486095309257507324 -0.39491567015647888184 -0.39507225155830383301 -0.39502698183059692383 -0.39520242810249328613 -0.39519676566123962402 -0.3946005702018737793 -0.39507791399955749512 -0.39506471157073974609 -0.36952280998229980469 -0.39519301056861877441 -0.3945439755916595459 -0.38235414028167724609 -0.38762742280960083008 -0.38415214419364929199 -0.39183470606803894043 -0.3933270871639251709 -0.39252901077270507812 -0.39290446043014526367 -0.39255541563034057617 -0.38768211007118225098 -0.39071968197822570801 -0.39262712001800537109 -0.39075174927711486816 -0.39099135994911193848
-0.39469113945960998535 -0.39510715007781982422 -0.39478549361228942871 -0.3951854407787322998 -0.39505150914192199707 -0.39517414569854736328 -0.3951816856861114502 -0.39495715498924255371 -0.3943722844123840332 -0.3951854407787322998 -0.39500245451927185059 -0.3951873481273651123 -0.39519676566123962402 -0.39519301056861877441 -0.39493453502655029297 -0.39491659402847290039 -0.39323651790618896484 -0.39491942524909973145 -0.39476850628852844238 -0.3951854407787322998 -0.3951854407787322998 -0.39520242810249328613 -0.39491093158721923828 -0.39520055055618286133 -0.39520242810249328613 -0.39490810036659240723 -0.39480435848236083984 -0.39514583349227905273 -0.39273655414581298828 -0.39375534653663635254 -0.39195355772972106934 -0.39311954379081726074 -0.3923422396183013916 -0.39212903380393981934 -0.39219695329666137695 -0.38980841636657714844 -0.39225354790687561035 -0.39126870036125183105 -0.39091211557388305664 -0.38999709486961364746
-0.39474397897720336914 -0.39429682493209838867 -0.39422702789306640625 -0.39519110321998596191 -0.035099055618047714233 -0.39424589276313781738 -0.39475530385971069336 -0.39404213428497314453 -0.39499866962432861328 -0.39487603306770324707 -0.3121280670166015625 -0.39487794041633605957 -0.39517602324485778809 -0.39496847987174987793 -0.39515903592109680176 -0.3950703740119934082 -0.39484396576881408691 -0.39499866962432861328 -0.39517980813980102539 -0.39503264427185058594 -0.33874538540840148926 -0.39294031262397766113 -0.39461567997932434082 -0.3950684666633605957 -0.39520242810249328613 -0.39509865641593933105 -0.39520433545112609863 -0.39509677886962890625 -0.39383459091186523438 -0.39428928494453430176 -0.39422512054443359375 -0.39266672730445861816 -0.39232146739959716797 -0.39068195223808288574 -0.38802549242973327637 -0.39220637083053588867 -0.39214035868644714355 -0.39139321446418762207 -0.39169132709503173828 -0.39242994785308837891
-0.39086496829986572266 -0.39401382207870483398 -0.3948326408863067627 -0.395183563232421875 -0.39513450860977172852 -0.057260017842054367065 -0.39474773406982421875 -0.39513641595840454102 -0.3951854407787322998 -0.39516469836235046387 -0.39515337347984313965 -0.39275351166725158691 -0.39378553628921508789 -0.3923384547233581543 -0.39462509751319885254 -0.39520055055618286133 -0.36841157078742980957 -0.39484208822250366211 -0.39520242810249328613 -0.39476096630096435547 -0.39481472969055175781 -0.3950118720531463623 -0.39516282081604003906 -0.39469492435455322266 -0.39480999112129211426 -0.39519110321998596191 -0.39519488811492919922 -0.39510056376457214355 -0.38330501317977905273 -0.39511376619338989258 -0.3950099945068359375 -0.38698405027389526367 -0.38839906454086303711 -0.38513320684432983398 -0.39141586422920227051 -0.39156115055084228516 -0.39087438583374023438 -0.39121964573860168457 -0.39120078086853027344 -0.38737457990646362305
-0.39487037062644958496 -0.39507412910461425781 -0.39519205689430236816 -0.39457795023918151855 -0.39503639936447143555 -0.39422324299812316895 -0.39122343063354492188 -0.39502507448196411133 -0.3943741917610168457 -0.39494773745536804199 -0.39512884616851806641 -0.39505338668823242188 -0.39397421479225158691 -0.39519393444061279297 -0.3944307863712310791 -0.39499300718307495117 -0.39417797327041625977 -0.39520433545112609863 -0.39514300227165222168 -0.39496660232543945312 -0.39505526423454284668 -0.39518922567367553711 -0.39487981796264648438 -0.39520055055618286133 -0.39517319202423095703 -0.39508736133575439453 -0.39514017105102539062 -0.39520242810249328613 -0.39519676566123962402 -0.39518922567367553711 -0.39432889223098754883 -0.39099323749542236328 -0.39117059111595153809 -0.39113286137580871582 -0.39104041457176208496 -0.39144226908683776855 -0.39154037833213806152 -0.39066118001937866211 -0.39095550775527954102 -0.3868840634822845459
-0.39487981796264648438 -0.33344945311546325684 -0.39492699503898620605 -0.39444777369499206543 -0.39517223834991455078 -0.39510431885719299316 -0.3950118720531463623 -0.39486661553382873535 -0.035836748778820037842 -0.39485150575637817383 -0.39365348219871520996 -0.39046120643615722656 -0.39516374468803405762 -0.3899593353271484375 -0.23729284107685089111 -0.39335161447525024414 0.00726638035848736763 -0.39472511410713195801 -0.39491000771522521973 -0.39520242810249328613 -0.39519488811492919922 -0.3951816856861114502 -0.39499679207801818848 -0.39510056376457214355 -0.39508545398712158203 -0.39443832635879516602 -0.3951816856861114502 -0.39429494738578796387 -0.39496847987174987793 -0.39514771103858947754 -0.39520433545112609863 -0.39284786581993103027 -0.38950088620185852051 -0.3938515782356262207 -0.39381194114685058594 -0.39377421140670776367 -0.3905989229679107666 -0.38729536533355712891 -0.38888204097747802734 -0.39149132370948791504
-0.39366573095321655273 -0.3950137794017791748 -0.39238184690475463867 -0.39508357644081115723 -0.39505150914192199707 -0.39459681510925292969 -0.39516469836235046387 -0.39374592900276184082 -0.39498358964920043945 -0.39496847987174987793 -0.39307802915573120117 -0.39517223834991455078 -0.39430814981460571289 -0.39493829011917114258 -0.39383646845817565918 -0.3947213292121887207 -0.35118049383163452148 -0.39419966936111450195 -0.39495715498924255371 -0.39488923549652099609 -0.39517036080360412598 -0.39458265900611877441 -0.39274221658706665039 -0.39510622620582580566 -0.39508923888206481934 -0.39509490132331848145 -0.39497226476669311523 -0.39318558573722839355 -0.39517790079116821289 -0.39463832974433898926 -0.39496847987174987793 -0.39337801933288574219 -0.39271295070648193359 -0.35068619251251220703 -0.39506283402442932129 -0.39520433545112609863 -0.39520242810249328613 -0.39520055055618286133 -0.39367988705635070801 -0.38759344816207885742
-0.39470058679580688477 -0.39513641595840454102 -0.39504960179328918457 -0.39464020729064941406 -0.39516657590866088867 -0.39494585990905761719 -0.39497414231300354004 -0.39491188526153564453 -0.35976111888885498047 -0.39498168230056762695 -0.39444398880004882812 -0.39380627870559692383 -0.39516469836235046387 -0.39442133903503417969 -0.3948948979377746582 -0.39451190829277038574 -0.39416852593421936035 -0.39457416534423828125 -0.39405721426010131836 -0.39477226138114929199 -0.39428174495697021484 -0.39410814642906188965 -0.39456284046173095703 -0.39514204859733581543 -0.39514395594596862793 -0.39516282081604003906 -0.39508357644081115723 -0.14821694791316986084 -0.39010083675384521484 -0.39515715837478637695 -0.39519301056861877441 -0.39496847987174987793 -0.39381760358810424805 -0.39495715498924255371 -0.39520433545112609863 -0.39337235689163208008 -0.39520433545112609863 -0.33112317323684692383 -0.39147436618804931641 -0.39416477084159851074
-0.39513450860977172852 -0.39483642578125 -0.39269691705703735352 -0.39415910840034484863 -0.39408552646636962891 -0.37762421369552612305 -0.39365157485008239746 -0.3889122307300567627 -0.38984802365303039551 -0.2306687086820602417 -0.39446851611137390137 -0.39513641595840454102 -0.39440625905990600586 -0.3950062096118927002 -0.39392891526222229004 -0.3951250910758972168 -0.39475718140602111816 -0.39380064606666564941 -0.3940798640251159668 -0.39517036080360412598 -0.39403459429740905762 -0.39449492096900939941 -0.39476850628852844238 -0.39451003074645996094 -0.39519488811492919922 -0.395183563232421875 -0.032542601227760314941 -0.39517790079116821289 -0.39497601985931396484 -0.3951873481273651123 -0.39520242810249328613 -0.39509299397468566895 -0.39508736133575439453 -0.3940251469612121582 -0.39507225155830383301 -0.3493296504020690918 -0.39516469836235046387 -0.3951854407787322998 -0.39520242810249328613 -0.39514771103858947754
-0.39504206180572509766 -0.39328274130821228027 -0.39499300718307495117 -0.39488548040390014648 -0.39499300718307495117 -0.39518263936042785645 -0.39500054717063903809 -0.39439871907234191895 -0.39461189508438110352 -0.39449870586395263672 -0.39471191167831420898 -0.39038383960723876953 -0.39421948790550231934 -0.39499300718307495117 -0.39507508277893066406 -0.39194130897521972656 -0.39411571621894836426 -0.39403080940246582031 -0.3941402435302734375 -0.39516094326972961426 -0.38222017884254455566 0.2990360260009765625 -0.39429587125778198242 -0.39520242810249328613 -0.39520242810249328613 0.19594208896160125732 -0.39520242810249328613 -0.39519488811492919922 -0.16875535249710083008 -0.39519488811492919922 -0.39519488811492919922 -0.39520242810249328613 -0.3770167231559753418 -0.3951231837272644043 -0.39488548040390014648 -0.3951231837272644043 -0.39376288652420043945 -0.3951816856861114502 -0.39511564373970031738 -0.39509490132331848145
-0.39348179101943969727 -0.39503452181816101074 -0.39516469836235046387 -0.3874085545539855957 -0.39478737115859985352 -0.39517414569854736328 -0.39324405789375305176 -0.39486095309257507324 -0.39503264427185058594 -0.39481943845748901367 -0.3937949836254119873 -0.3949496150016784668 -0.3947798311710357666 -0.39509865641593933105 -0.39456662535667419434 -0.39341953396797180176 -0.38771042227745056152 -0.39382138848304748535 -0.3941987156867980957 -0.37868455052375793457 -0.39477416872978210449 -0.39328745007514953613 -0.39494773745536804199 -0.39442983269691467285 -0.39508736133575439453 -0.39293652772903442383 -0.39453831315040588379 -0.39511752128601074219 -0.38845565915107727051 -0.3951873481273651123 -0.39518922567367553711 -0.38434270024299621582 -0.39519676566123962402 -0.39004802703857421875 -0.39420250058174133301 -0.39358744025230407715 -0.39511188864707946777 -0.39463075995445251465 -0.36476647853851318359 -0.39510244131088256836
-0.39273089170455932617 -0.39509677886962890625 -0.3931223750114440918 -0.39509677886962890625 -0.39517885446548461914 -0.39357423782348632812 -0.39179131388664245605 -0.2097133249044418335 -0.39457228779792785645 -0.33983963727951049805 -0.39493262767791748047 -0.28816154599189758301 -0.34929379820823669434 -0.3948968052864074707 -0.39491376280784606934 -0.39166113734245300293 -0.3911800384521484375 -0.39252334833145141602 -0.3941402435302734375 -0.38980087637901306152 -0.3946647346019744873 -0.39493262767791748047 -0.39287048578262329102 -0.38999709486961364746 -0.39471378922462463379 -0.39520242810249328613 -0.39511942863464355469 -0.10050465166568756104 -0.39498734474182128906 -0.39520242810249328613 -0.39490246772766113281 -0.39481565356254577637 -0.3937346041202545166 -0.38894996047019958496 -0.39520055055618286133 -0.39518922567367553711 -0.39491942524909973145 -0.37603753805160522461 -0.39307615160942077637 -0.39520055055618286133
-0.3829371333122253418 -0.39467981457710266113 -0.39508736133575439453 -0.39461946487426757812 -0.39070457220077514648 -0.39457041025161743164 -0.39238184690475463867 -0.3950665891170501709 -0.39446473121643066406 -0.39214411377906799316 -0.35305395722389221191 -0.3937308192253112793 -0.37862983345985412598 -0.37499418854713439941 -0.39501753449440002441 -0.39409872889518737793 -0.39516657590866088867 -0.39414590597152709961 -0.39340442419052124023 -0.38866508007049560547 -0.39018386602401733398 -0.39401006698608398438 -0.3938515782356262207 -0.39505338668823242188 -0.22297103703022003174 -0.39514017105102539062 -0.38523885607719421387 -0.39398175477981567383 -0.39284595847129821777 -0.39489868283271789551 -0.39520242810249328613 -0.39520242810249328613 -0.39518922567367553711 -0.395183563232421875 -0.39520242810249328613 -0.39511376619338989258 -0.39510056376457214355 -0.39517414569854736328 -0.39519867300987243652 -0.39278936386108398438
-0.39467415213584899902 -0.088844954967498779297 -0.39420437812805175781 -0.39517602324485778809 -0.3936195075511932373 -0.38650861382484436035 -0.39502981305122375488 -0.3948930203914642334 -0.39361009001731872559 -0.39373835921287536621 -0.39476850628852844238 -0.38947823643684387207 -0.39336103200912475586 -0.39469680190086364746 -0.39318367838859558105 -0.3947779238224029541 -0.3950118720531463623 -0.39382705092430114746 -0.39479303359985351562 -0.39486849308013916016 -0.39423269033432006836 -0.3870576322078704834 -0.39416286349296569824 -0.39492508769035339355 -0.39518922567367553711 -0.39517980813980102539 -0.39417985081672668457 -0.39491754770278930664 -0.39414399862289428711 -0.39318180084228515625 -0.39133661985397338867 -0.39520242810249328613 -0.39496660232543945312 -0.39519301056861877441 -0.35841026902198791504 -0.39485904574394226074 -0.39520055055618286133 -0.39469775557518005371 -0.39511188864707946777 -0.3935610353946685791
-0.39519110321998596191 -0.39518639445304870605 -0.39444777369499206543 -0.39517414569854736328 -0.33254763484001159668 -0.39421099424362182617 -0.3951581120491027832 -0.39398363232612609863 -0.28620505332946777344 -0.39443832635879516602 -0.39454022049903869629 -0.39381006360054016113 -0.39355537295341491699 -0.39517036080360412598 -0.39194789528846740723 -0.39498451352119445801 -0.392223358154296875 -0.39333084225654602051 -0.38951221108436584473 -0.3922214806079864502 -0.37771666049957275391 -0.39276862144470214844 0.26291739940643310547 -0.39487603306770324707 -0.39406666159629821777 -0.39517223834991455078 -0.39509865641593933105 -0.39516469836235046387 -0.3934459388256072998 -0.39517414569854736328 -0.39519393444061279297 -0.39519676566123962402 -0.39421570301055908203 -0.39520242810249328613 -0.39499679207801818848 -0.39517980813980102539 -0.39509677886962890625 -0.39517414569854736328 -0.39498925209045410156 -0.39517414569854736328
-0.3948948979377746582 -0.39501565694808959961 -0.39235544204711914062 -0.39217996597290039062 -0.3950665891170501709 -0.3853728175163269043 -0.39449492096900939941 -0.3944307863712310791 -0.38646897673606872559 -0.39451003074645996094 -0.39440438151359558105 -0.39298936724662780762 -0.28062993288040161133 -0.39510998129844665527 -0.38585582375526428223 -0.39510998129844665527 -0.39365535974502563477 -0.39515337347984313965 -0.39412891864776611328 -0.3906536400318145752 -0.31834846735000610352 -0.39009708166122436523 -0.39432513713836669922 -0.39497414231300354004 -0.39479303359985351562 -0.39510810375213623047 -0.39513641595840454102 -0.39517131447792053223 -0.3950703740119934082 -0.39520242810249328613 -0.39307048916816711426 -0.39511376619338989258 -0.39518922567367553711 -0.39428740739822387695 -0.39520242810249328613 -0.23022910952568054199 -0.39440059661865234375 -0.39517602324485778809 -0.39520242810249328613 -0.39519867300987243652
-0.35272568464279174805 -0.39008387923240661621 -0.3940817415714263916 -0.39514583349227905273 -0.39324593544006347656 -0.38238999247550964355 -0.39334970712661743164 -0.39392891526222229004 -0.39348366856575012207 -0.38545584678649902344 -0.39456284046173095703 -0.39475530385971069336 -0.39273276925086975098 -0.38175606727600097656 -0.39438551664352416992 -0.39509677886962890625 -0.39277428388595581055 -0.3944307863712310791 -0.37777045369148254395 -0.33710208535194396973 -0.37609222531318664551 -0.38739535212516784668 -0.39491567015647888184 -0.39414778351783752441 -0.39463075995445251465 -0.39450812339782714844 -0.39488169550895690918 -0.39464774727821350098 -0.39453643560409545898 -0.39516848325729370117 -0.39520242810249328613 -0.39486095309257507324 -0.38795569539070129395 -0.39517414569854736328 -0.39515903592109680176 -0.39033102989196777344 -0.39517980813980102539 -0.39392137527465820312 -0.39516094326972961426 -0.39403834939002990723
