layers/runoff.asc
ncols        290
nrows        290
xllcorner    68.000000000000
yllcorner    8.000000000000
cellsize     0.100000000000
NODATA_value -9999
[rows 153 to 169 of 290, columns 120 to 159 of 290]
-0.31911632418632507324 -0.30065137147903442383 -0.34263947606086730957 0.30485832691192626953 1.6938768625259399414 -0.38499927520751953125 -0.3497994542121887207 -0.31090173125267028809 -0.30695384740829467773 -0.37931090593338012695 -0.37708085775375366211 -0.15729565918445587158 -0.33793222904205322266 -0.3636646568775177002 -0.34115654230117797852 -0.23865690827369689941 -0.36305338144302368164 -0.081728398799896240234 -0.37580168247222900391 -0.36696070432662963867 -0.081777445971965789795 -0.22377288341522216797 -0.20651352405548095703 -0.083918832242488861084 -0.082201950252056121826 -0.36133271455764770508 -0.37609601020812988281 -0.26507800817489624023 -0.26258191466331481934 0.24377323687076568604 -0.37855246663093566895 -0.34081694483757019043 -0.12473813444375991821 -0.127180442214012146 -0.34051695466041564941 -0.25563704967498779297 2.1591360569000244141 -0.29589316248893737793 -0.30489829182624816895 -0.29538944363594055176
-0.37622997164726257324 -0.094059742987155914307 0.4012470245361328125 -0.32064265012741088867 0.60168993473052978516 -0.25092411041259765625 0.28436896204948425293 -0.37797704339027404785 -0.37310561537742614746 -0.38004294037818908691 -0.05313007161021232605 -0.37705162167549133301 -0.32605177164077758789 -0.32702153921127319336 -0.35903286933898925781 -0.34755995869636535645 -0.34441956877708435059 -0.0042876582592725753784 -0.37869018316268920898 -0.34344887733459472656 -0.34056225419044494629 0.73518401384353637695 -0.38109382987022399902 -0.38289937376976013184 0.024848366156220436096 -0.33283439278602600098 -0.23923990130424499512 0.26626059412956237793 -0.17747370898723602295 -0.15827295184135437012 0.90461558103561401367 0.31527093052864074707 -0.34243005514144897461 -0.32704794406890869141 -0.23555332422256469727 -0.37081140279769897461 -0.29963445663452148438 -0.36587020754814147949 -0.25489369034767150879 1.6096364259719848633
-0.27192667126655578613 -0.15097904205322265625 -0.21279993653297424316 -0.17420975863933563232 0.048969592899084091187 -0.121671333909034729 0.20402085781097412109 1.9057587385177612305 -0.33007231354713439941 -0.39189508557319641113 -0.34203007817268371582 -0.37566396594047546387 -0.37775817513465881348 -0.37231132388114929199 -0.38433516025543212891 -0.36656638979911804199 -0.26946455240249633789 -0.011196685954928398132 -0.38068065047264099121 -0.34119147062301635742 -0.24423205852508544922 0.23049665987491607666 -0.23397417366504669189 0.12658955156803131104 0.97710752487182617188 -0.37727141380310058594 2.4291241168975830078 0.0026062764227390289307 -0.34210366010665893555 -0.37149628996849060059 -0.18937112390995025635 -0.38505962491035461426 0.93813246488571166992 -0.21404704451560974121 -0.05044721066951751709 -0.050184961408376693726 1.0406793355941772461 -0.3688322901725769043 -0.20067800581455230713 -0.33079111576080322266
-0.38086175918579101562 -0.39040270447731018066 -0.38218057155609130859 -0.31428077816963195801 -0.38123720884323120117 0.2772750556468963623 0.0068003698252141475677 -0.38904997706413269043 1.8292084932327270508 -0.19315204024314880371 -0.38144662976264953613 -0.38300880789756774902 -0.37648653984069824219 -0.28160345554351806641 0.4905134737491607666 -0.31637120246887207031 0.45440238714218139648 1.0714228153228759766 -0.16374339163303375244 -0.33957362174987792969 -0.30927351117134094238 -0.30569070577621459961 0.10681336373090744019 -0.38036745786666870117 -0.0434664897620677948 -0.37430179119110107422 -0.3354644477367401123 -0.1581154167652130127 -0.35455009341239929199 0.43123769760131835938 -0.12744458019733428955 -0.15836256742477416992 -0.30239844322204589844 0.94584709405899047852 -0.21981839835643768311 0.72818064689636230469 1.2027566432952880859 0.70393490791320800781 -0.35812535881996154785 1.1209330558776855469
-0.19747442007064819336 0.22576957941055297852 -0.051377344876527786255 -0.049598202109336853027 -0.38934993743896484375 -0.36996805667877197266 -0.1728890836238861084 -0.30631142854690551758 -0.24463580548763275146 -0.35493877530097961426 0.25705736875534057617 -0.3579781949520111084 -0.21086798608303070068 -0.27288508415222167969 -0.38148060441017150879 -0.39044800400733947754 -0.35308605432510375977 -0.32161620259284973145 -0.3452091515064239502 -0.33841332793235778809 1.0437639951705932617 -0.35673299431800842285 -0.37096989154815673828 0.17509803175926208496 -0.35139179229736328125 -0.28386935591697692871 -0.13251031935214996338 -0.37705066800117492676 -0.37623184919357299805 -0.33583232760429382324 0.75844490528106689453 1.7824490070343017578 0.20722633600234985352 -0.29481020569801330566 1.2655283212661743164 -0.12148737907409667969 0.24088661372661590576 0.44681036472320556641 -0.35696506500244140625 -0.36565887928009033203
-0.38412007689476013184 -0.28389200568199157715 -0.073445864021778106689 -0.37853926420211791992 -0.20752100646495819092 0.12436515837907791138 -0.37662240862846374512 -0.34331870079040527344 -0.23667024075984954834 -0.16783465445041656494 -0.26473084092140197754 -0.27452555298805236816 -0.39073476195335388184 -0.24116243422031402588 0.40028104186058044434 -0.37828457355499267578 0.13589844107627868652 0.057195525616407394409 -0.28583526611328125 -0.37334144115447998047 -0.30224469304084777832 -0.33997359871864318848 0.0018497171113267540932 -0.0033480909187346696854 1.2581400871276855469 -0.23514957726001739502 0.026661466807126998901 -0.32634043693542480469 -0.19779138267040252686 -0.26913437247276306152 -0.29874396324157714844 -0.3864803016185760498 -0.037927191704511642456 -0.26312339305877685547 -0.021533815190196037292 -0.14249275624752044678 -0.13854391872882843018 0.18135803937911987305 -0.2100076526403427124 0.015041395090520381927
-0.37352636456489562988 0.47175794839859008789 0.66267693042755126953 -0.026858031749725341797 -0.26920416951179504395 -0.1063005402684211731 -0.34269610047340393066 -0.28958505392074584961 -0.38823869824409484863 -0.3880462646484375 0.038123060017824172974 -0.30781134963035583496 -0.29322540760040283203 -0.3532237708568572998 -0.31663534045219421387 -0.38477286696434020996 -0.3325570523738861084 0.12180304527282714844 -0.38443702459335327148 -0.35930266976356506348 -0.33895668387413024902 -0.32979872822761535645 0.41467073559761047363 -0.014656860381364822388 -0.33982643485069274902 -0.049051064997911453247 -0.22693307697772979736 -0.37884017825126647949 -0.37304714322090148926 -0.32903084158897399902 0.21335427463054656982 -0.38504642248153686523 -0.28784459829330444336 -0.37295845150947570801 0.072319157421588897705 -0.33253630995750427246 -0.36520609259605407715 -0.24809032678604125977 0.089627578854560852051 -0.36214399337768554688
0.30143588781356811523 0.14490357041358947754 -0.20181757211685180664 -0.36237227916717529297 -0.32426697015762329102 -0.38979142904281616211 0.15575954318046569824 -0.33861801028251647949 -0.38292014598846435547 -0.35674998164176940918 -0.014045575633645057678 0.21985012292861938477 -0.16006530821323394775 -0.18320545554161071777 -0.38787832856178283691 0.028487773612141609192 -0.37029445171356201172 -0.0075289770029485225677 0.41574239730834960938 -0.35301813483238220215 0.34695586562156677246 0.11761084198951721191 -0.38451814651489257812 -0.12635408341884613037 0.0076795634813606739044 -0.38692367076873779297 -0.25746336579322814941 -0.26972866058349609375 -0.33328342437744140625 -0.32248407602310180664 -0.35761785507202148438 -0.3494485318660736084 -0.31709381937980651855 -0.38149946928024291992 -0.31099793314933776855 -0.35491234064102172852 -0.3767884373664855957 -0.37612241506576538086 -0.18262058496475219727 0.22569505870342254639
-0.1081042066216468811 -0.38692557811737060547 0.23729437589645385742 -0.39008575677871704102 -0.36063465476036071777 -0.37963730096817016602 -0.39064988493919372559 -0.25555592775344848633 -0.38283902406692504883 0.038136266171932220459 0.30834680795669555664 -0.3890857994556427002 -0.38752740621566772461 -0.27674147486686706543 -0.36419671773910522461 0.058425638824701309204 -0.38440683484077453613 -0.35723862051963806152 -0.1455548405647277832 -0.37972787022590637207 -0.33781713247299194336 -0.37116798758506774902 -0.38309559226036071777 -0.26681187748908996582 -0.360881805419921875 -0.12931427359580993652 0.13156473636627197266 -0.35379165410995483398 -0.39520433545112609863 -0.38851791620254516602 -0.11886206269264221191 -0.37659788131713867188 -0.31005084514617919922 0.13224960863590240479 -0.37557527422904968262 -0.26927962899208068848 -0.30375969409942626953 -0.38944238424301147461 -0.26114803552627563477 -0.31894841790199279785
0.10413426905870437622 -0.35617452859878540039 -0.38030332326889038086 -0.37139439582824707031 -0.079626634716987609863 -0.3733584284782409668 -0.27883568406105041504 -0.38068819046020507812 -0.18914473056793212891 -0.3897253870964050293 -0.38756513595581054688 -0.35570853948593139648 -0.37855246663093566895 -0.38739535212516784668 -0.28273922204971313477 -0.35318037867546081543 -0.38880845904350280762 -0.3600686490535736084 0.011026537045836448669 -0.14745661616325378418 0.19740803539752960205 -0.37964296340942382812 -0.29960051178932189941 0.14182639122009277344 -0.37779214978218078613 -0.18003205955028533936 -0.21245090663433074951 -0.38740289211273193359 -0.38233149051666259766 -0.3447487950325012207 -0.36505326628684997559 -0.37690916657447814941 0.23901879787445068359 -0.28736725449562072754 -0.29364895820617675781 -0.24795259535312652588 -0.3814258873462677002 -0.36083841323852539062 -0.12496736645698547363 -0.38427665829658508301
0.068013750016689300537 -0.19204078614711761475 -0.14527937769889831543 -0.32230484485626220703 0.33243972063064575195 0.68893390893936157227 -0.37031710147857666016 -0.3417885899543762207 -0.31515431404113769531 -0.26224797964096069336 -0.27733576297760009766 -0.38331446051597595215 -0.35070693492889404297 -0.38940089941024780273 -0.15508823096752166748 -0.38605579733848571777 -0.38615202903747558594 -0.38109949231147766113 -0.38109195232391357422 -0.39017066359519958496 -0.37328109145164489746 -0.1770077049732208252 -0.37923356890678405762 -0.37650543451309204102 -0.11172285676002502441 -0.38614636659622192383 -0.072777979075908660889 -0.11701500415802001953 -0.3479391634464263916 -0.17224194109439849854 -0.38486719131469726562 -0.36454385519027709961 -0.046326696872711181641 0.29016673564910888672 -0.38058820366859436035 -0.35366147756576538086 -0.24449619650840759277 0.068751446902751922607 -0.34667888283729553223 -0.37282073497772216797
-0.38510867953300476074 -0.3125610649585723877 -0.3813145756721496582 -0.36006298661231994629 -0.35744428634643554688 -0.36914736032485961914 -0.17993018031120300293 -0.33904725313186645508 -0.38801229000091552734 -0.37174719572067260742 -0.17870289087295532227 -0.32029268145561218262 -0.2908878028392791748 -0.35331055521965026855 -0.31784093379974365234 -0.37612241506576538086 -0.37393292784690856934 -0.22746700048446655273 -0.12885393202304840088 -0.35266530513763427734 -0.14108811318874359131 -0.20392593741416931152 -0.18770895898342132568 0.013592423871159553528 -0.31120926141738891602 -0.34827879071235656738 -0.38483133912086486816 -0.38081461191177368164 -0.24691492319107055664 -0.37888640165328979492 -0.038106426596641540527 -0.37026992440223693848 -0.22583125531673431396 -0.02370538562536239624 -0.36973223090171813965 -0.30055516958236694336 -0.38657841086387634277 -0.32668948173522949219 -0.3513087928295135498 -0.08389618992805480957
-0.3876368403434753418 1.2739033699035644531 -0.36930772662162780762 -0.36553436517715454102 -0.37362635135650634766 -0.3220539093017578125 -0.34475445747375488281 -0.37966749072074890137 -0.35824233293533325195 -0.34259042143821716309 -0.29387632012367248535 0.28045034408569335938 -0.36265528202056884766 -0.38756513595581054688 -0.005644182208925485611 -0.3471826016902923584 -0.38916695117950439453 -0.34133577346801757812 -0.16887044906616210938 -0.058110911399126052856 -0.36408349871635437012 -0.37054350972175598145 -0.28375521302223205566 -0.36944356560707092285 -0.32822617888450622559 -0.37849399447441101074 -0.38107118010520935059 -0.16491784155368804932 -0.12783512473106384277 -0.21633747220039367676 -0.32600650191307067871 -0.078853093087673187256 -0.37857699394226074219 -0.34612983465194702148 -0.33634361624717712402 -0.36022901535034179688 0.29173079133033752441 -0.21108494699001312256 -0.37988069653511047363 -0.3449223637580871582
-0.17195893824100494385 1.7805811166763305664 -0.19187286496162414551 -0.21075101196765899658 -0.22550863027572631836 -0.2822977602481842041 0.36127009987831115723 -0.28938788175582885742 -0.24706585705280303955 -0.38770663738250732422 -0.14596991240978240967 -0.18309980630874633789 -0.38770475983619689941 -0.38271448016166687012 -0.37970146536827087402 -0.29837322235107421875 -0.2817713618278503418 -0.38251826167106628418 -0.38325786590576171875 -0.33582103252410888672 -0.38034105300903320312 0.061263211071491241455 0.015020641498267650604 -0.36240717768669128418 -0.10999654978513717651 0.4748407900333404541 -0.33305892348289489746 -0.33459845185279846191 0.22191414237022399902 0.21434666216373443604 0.2845859229564666748 -0.30460965633392333984 -0.33312305808067321777 -0.34588363766670227051 -0.29032370448112487793 0.29222699999809265137 -0.37999388575553894043 -0.37310186028480529785 -0.1848761141300201416 -0.32088416814804077148
-0.37245094776153564453 -0.34194895625114440918 -0.36333259940147399902 -0.37270751595497131348 -0.36822006106376647949 -0.37344333529472351074 -0.32777431607246398926 0.1149449571967124939 -0.3187738955020904541 -0.34263572096824645996 -0.31441849470138549805 -0.29746949672698974609 -0.071783699095249176025 -0.3822975456714630127 -0.38259941339492797852 0.65274542570114135742 -0.18390540778636932373 -0.36309865117073059082 -0.35130783915519714355 -0.30811509490013122559 -0.33866801857948303223 -0.14928668737411499023 0.066870421171188354492 -0.19553868472576141357 -0.19637826085090637207 -0.29761853814125061035 -0.094097480177879333496 -0.16689698398113250732 -0.10902868211269378662 -0.36280906200408935547 -0.37853172421455383301 -0.22258615493774414062 0.0020553653594106435776 -0.13454604148864746094 -0.3616968691349029541 -0.339813232421875 -0.17219100892543792725 0.15709531307220458984 -0.35580474138259887695 -0.3526426851749420166
-0.0812435150146484375 -0.25105053186416625977 -0.36686447262763977051 -0.37625259160995483398 -0.37937694787979125977 -0.33002513647079467773 -0.19398406147956848145 -0.36772480607032775879 -0.38588976860046386719 -0.3836333155632019043 -0.37024259567260742188 -0.37834492325782775879 0.0041910889558494091034 -0.34536764025688171387 -0.31788244843482971191 -0.28244680166244506836 -0.36944922804832458496 -0.0029292476829141378403 0.61812484264373779297 -0.18389786779880523682 -0.37542814016342163086 0.04926013946533203125 -0.36595699191093444824 0.36375486850738525391 -0.24274535477161407471 0.050060093402862548828 0.68021553754806518555 -0.26495158672332763672 -0.019915042445063591003 0.73734802007675170898 -0.35461992025375366211 0.053116519004106521606 -0.0061762263067066669464 0.20259074866771697998 -0.26535913348197937012 -0.3121865689754486084 0.052531648427248001099 -0.38794437050819396973 -0.0082006361335515975952 -0.32840728759765625
-0.36201760172843933105 -0.38829529285430908203 -0.3640193641185760498 0.37996336817741394043 -0.32868558168411254883 -0.13271597027778625488 -0.30050611495971679688 0.89567834138870239258 -0.28747668862342834473 -0.38309559226036071777 -0.33868122100830078125 0.88162636756896972656 -0.35164839029312133789 -0.34816557168960571289 -0.37876754999160766602 -0.31564483046531677246 -0.34514781832695007324 -0.1849336475133895874 0.23396627604961395264 -0.35696882009506225586 -0.32398208975791931152 -0.37752422690391540527 -0.34785804152488708496 0.7534338831901550293 -0.31300348043441772461 -0.36632394790649414062 -0.32413491606712341309 -0.33716434240341186523 -0.36792102456092834473 -0.37784874439239501953 -0.32381606101989746094 -0.1598577648401260376 0.18810480833053588867 0.095229133963584899902 0.57295107841491699219 -0.017218975350260734558 -0.36360618472099304199 -0.37181702256202697754 -0.32342362403869628906 0.51176315546035766602
