layers/surface_solar_radiation_downwards.asc
ncols        290
nrows        290
xllcorner    68.000000000000
yllcorner    8.000000000000
cellsize     0.100000000000
NODATA_value -9999
[rows 126 to 143 of 290, columns 160 to 199 of 290]
0.69431769847869873047 0.21087248623371124268 -0.73002547025680541992 0.19971483945846557617 -0.88693177700042724609 1.0716648101806640625 0.42742767930030822754 -0.60480004549026489258 -1.118199467658996582 -0.41553106904029846191 -0.43052139878273010254 0.86489063501358032227 -0.89783763885498046875 -0.70541298389434814453 -0.91910248994827270508 -0.81849002838134765625 -0.89592951536178588867 -1.0811340808868408203 -0.75107723474502563477 -0.7619050145149230957 -0.70997768640518188477 0.87075668573379516602 -0.86829513311386108398 -0.58502471446990966797 -0.80404192209243774414 1.1316610574722290039 -0.67929422855377197266 -0.39578798413276672363 0.10394250601530075073 -9999 -9999 -9999 -9999 -9999 -9999 -9999 -9999 -9999 -9999 -9999
-0.57630711793899536133 -0.41527029871940612793 1.0460492372512817383 1.1451145410537719727 -0.19860878586769104004 -1.1102709770202636719 -1.5154823064804077148 -0.65308648347854614258 1.0255810022354125977 -1.3307634592056274414 -1.3159620761871337891 -0.47491186857223510742 -0.97660565376281738281 -0.95023560523986816406 -1.4473099708557128906 -0.88878655433654785156 0.88487172126770019531 -1.0936888456344604492 -0.89700108766555786133 -0.96337544918060302734 -1.4359732866287231445 0.34088978171348571777 -0.77087152004241943359 0.46282166242599487305 -0.45306739211082458496 -0.16813969612121582031 -0.53845798969268798828 -1.1234080791473388672 -0.3988215029239654541 -1.0225031375885009766 -9999 -9999 -9999 -9999 -9999 -9999 -9999 -9999 -9999 -9999
-0.56564158201217651367 -0.57905101776123046875 -1.0234434604644775391 -1.0163056850433349609 -0.93703722953796386719 1.0952806472778320312 0.90953111648559570312 1.0582238435745239258 -1.1138403415679931641 -1.0372275114059448242 0.028895765542984008789 -0.63601326942443847656 -0.47336047887802124023 0.32854136824607849121 -0.99591577053070068359 -0.69176745414733886719 0.48061743378639221191 0.24499523639678955078 -0.42934742569923400879 -0.57346212863922119141 -0.0090463338419795036316 -0.82793140411376953125 -0.7938899993896484375 0.85491085052490234375 -0.77618139982223510742 0.52221322059631347656 -0.55432921648025512695 0.78491979837417602539 -0.88975095748901367188 -0.3161748051643371582 -9999 -9999 -9999 -9999 -9999 -9999 -9999 -9999 -9999 -9999
-0.67912298440933227539 -0.24644201993942260742 -0.35480546951293945312 -1.1078954935073852539 -1.0462256669998168945 -0.44752061367034912109 -1.2484554052352905273 0.92007547616958618164 -1.1113623380661010742 -0.98271399736404418945 0.91014218330383300781 -0.49447810649871826172 1.1454627513885498047 -1.1843429803848266602 0.91936886310577392578 0.09355389326810836792 0.81975954771041870117 0.43940213322639465332 0.76981890201568603516 -0.73040115833282470703 -0.63383954763412475586 -0.035690497606992721558 -0.88641107082366943359 0.079123020172119140625 0.033174719661474227905 -0.72874367237091064453 -0.88581585884094238281 0.032313592731952667236 -1.1179718971252441406 -0.8192030787467956543 -9999 -9999 -9999 -9999 -9999 -9999 -9999 -9999 -9999 -9999
-0.28820818662643432617 -1.0253305435180664062 -0.5852934718132019043 -0.30910074710845947266 1.199395298957824707 1.1636991500854492188 -0.32121634483337402344 -0.71052289009094238281 0.13835532963275909424 -0.63201403617858886719 -1.5656876564025878906 -0.94237184524536132812 -1.1387813091278076172 -1.1579172611236572266 0.089021034538745880127 -0.87378162145614624023 -1.1319829225540161133 0.38285735249519348145 -0.52315562963485717773 0.83054536581039428711 -0.55825877189636230469 0.37994778156280517578 -0.85191476345062255859 -0.51328688859939575195 -0.75232374668121337891 0.30892133712768554688 1.0799775123596191406 -0.70742869377136230469 -0.35774347186088562012 0.12393951416015625 -9999 -9999 -9999 -9999 -9999 -9999 -9999 -9999 -9999 -9999
-1.5933380126953125 0.99043315649032592773 -0.85628449916839599609 1.2414613962173461914 -0.50908410549163818359 0.16777093708515167236 -0.69829970598220825195 1.0952643156051635742 -0.81007713079452514648 -1.0098513364791870117 -0.98797756433486938477 -1.0712896585464477539 -0.49367636442184448242 -1.0865393877029418945 -0.98829042911529541016 -0.53572744131088256836 -1.0171474218368530273 0.4158439934253692627 -0.43510332703590393066 -1.3390129804611206055 -0.90767371654510498047 -0.54092603921890258789 -0.96556502580642700195 -0.97838121652603149414 -0.85602718591690063477 1.0903927087783813477 1.1337761878967285156 -0.54561251401901245117 0.0067478837445378303528 -9999 -9999 -9999 -9999 -9999 -9999 -9999 -9999 -9999 -9999 -9999
0.475032806396484375 0.26812130212783813477 -0.61776322126388549805 -0.27456441521644592285 1.1880112886428833008 0.43453103303909301758 -0.53439676761627197266 0.27187395095825195312 -0.96775293350219726562 0.18936969339847564697 0.14093871414661407471 0.13810400664806365967 -1.099456787109375 -0.64846688508987426758 0.38294559717178344727 0.10847751796245574951 -0.55067902803421020508 -0.62718939781188964844 -0.75271296501159667969 -0.96072405576705932617 -0.74716621637344360352 -0.91553616523742675781 0.64520418643951416016 -0.93666326999664306641 0.89288562536239624023 -0.81680303812026977539 -0.39902162551879882812 0.48720735311508178711 -0.55587244033813476562 -9999 -9999 -9999 -9999 -9999 -9999 -9999 -9999 -9999 -9999 -9999
-1.7903683185577392578 0.26440179347991943359 1.1329357624053955078 0.19014474749565124512 0.43916198611259460449 0.53570115566253662109 -0.51044356822967529297 -0.31652855873107910156 -0.66481602191925048828 -0.50420701503753662109 -0.37525692582130432129 -0.97910296916961669922 -0.66493093967437744141 0.86148399114608764648 0.44539344310760498047 0.5179570317268371582 -0.55200964212417602539 -0.67309850454330444336 -0.44784724712371826172 0.75633740425109863281 -0.65167230367660522461 0.17400452494621276855 0.31778737902641296387 -0.91415387392044067383 -1.2646464109420776367 -0.6183121800422668457 -0.99121206998825073242 -0.56472021341323852539 -0.48820921778678894043 -9999 -9999 -9999 -9999 -9999 -9999 -9999 -9999 -9999 -9999 -9999
-1.1134650707244873047 -0.21615022420883178711 -0.49367377161979675293 0.96983325481414794922 -0.68117445707321166992 -1.1254171133041381836 0.43997880816459655762 1.2747092247009277344 0.72367823123931884766 -0.56745958328247070312 -0.57316857576370239258 -0.52140802145004272461 -0.55483102798461914062 -1.1896519660949707031 -1.2436811923980712891 -1.0732614994049072266 -1.0216894149780273438 -0.687633514404296875 -0.81629824638366699219 -0.7622998356819152832 -0.77289760112762451172 0.74728798866271972656 0.73772567510604858398 0.32811188697814941406 0.15235370397567749023 -0.67169731855392456055 -0.51442950963973999023 -0.94077223539352416992 0.30200135707855224609 -0.80580419301986694336 0.53337085247039794922 -9999 -9999 -9999 -9999 -9999 -9999 -9999 -9999 -9999
-0.9422543644905090332 0.80631202459335327148 -0.88944029808044433594 -1.2016507387161254883 -0.89161866903305053711 -1.0738252401351928711 1.2856727838516235352 0.28446379303932189941 -1.1663974523544311523 0.26162004470825195312 0.25819832086563110352 0.50468081235885620117 1.0682832002639770508 -0.70312178134918212891 0.36226689815521240234 -0.52305841445922851562 -0.70759910345077514648 -0.8029906153678894043 -0.52413642406463623047 0.63361448049545288086 -0.43443757295608520508 -0.56485038995742797852 -0.62654256820678710938 -0.99847507476806640625 0.86597424745559692383 -0.77387237548828125 -0.97382903099060058594 -0.52517873048782348633 -0.33917349576950073242 -0.29392579197883605957 -0.8687979578971862793 -9999 -9999 -9999 -9999 -9999 -9999 -9999 -9999 -9999
0.9874547123908996582 -0.89085870981216430664 1.1171363592147827148 -0.90281981229782104492 1.0815125703811645508 1.010811924934387207 1.1166018247604370117 -0.55122274160385131836 0.99226129055023193359 -0.45939135551452636719 0.94692409038543701172 -0.35477921366691589355 -1.3692344427108764648 -1.1880743503570556641 0.90612012147903442383 -0.62806516885757446289 -0.80829161405563354492 -0.7876504063606262207 -0.52662986516952514648 -0.57665401697158813477 -0.72936785221099853516 -0.96265327930450439453 -0.44460713863372802734 0.40597009658813476562 1.0494631528854370117 -0.80153989791870117188 -0.74678146839141845703 -0.69876754283905029297 -0.92000102996826171875 -0.84398341178894042969 0.41785544157028198242 0.55917066335678100586 -0.30438971519470214844 -0.37088155746459960938 -0.22837857902050018311 -9999 -9999 -9999 -9999 -9999
-1.0814621448516845703 -1.1045361757278442383 0.9703642725944519043 0.29454684257507324219 -0.74137634038925170898 -1.0091804265975952148 -0.84746450185775756836 -1.1198991537094116211 -0.45201948285102844238 0.1364183276891708374 -1.5580933094024658203 0.30733940005302429199 -1.0332665443420410156 -0.92310643196105957031 1.0756658315658569336 -0.53172260522842407227 -0.71630203723907470703 -0.60484308004379272461 -1.450099945068359375 0.75525033473968505859 -0.69560533761978149414 -1.0380064249038696289 0.90077090263366699219 0.62154233455657958984 0.81324404478073120117 -1.047274470329284668 -1.0257875919342041016 -0.41210508346557617188 -0.6176154017448425293 -0.60022568702697753906 -0.86896383762359619141 -0.30805543065071105957 -0.47541496157646179199 -0.27941790223121643066 -0.65903949737548828125 -0.42409285902976989746 -1.0874096155166625977 -0.50151729583740234375 -9999 -9999
1.0967382192611694336 -0.70032018423080444336 -1.3896799087524414062 1.1211072206497192383 -1.0650147199630737305 -0.63799715042114257812 -0.49099141359329223633 -0.51011651754379272461 -0.88133424520492553711 0.99193853139877319336 1.2241709232330322266 -0.5571308135986328125 -0.79068994522094726562 -1.126379847526550293 1.0296413898468017578 -0.48737260699272155762 0.19082082808017730713 -1.1266667842864990234 0.48851776123046875 -0.83383023738861083984 -0.5313847661018371582 -0.87914806604385375977 -1.1327877044677734375 1.0132842063903808594 -1.0033758878707885742 0.95472282171249389648 -1.4010567665100097656 0.12358361482620239258 -0.75567466020584106445 0.27184811234474182129 -0.25481486320495605469 -0.42490795254707336426 0.74381077289581298828 -0.9402611851692199707 0.56626278162002563477 1.0928212404251098633 0.28634786605834960938 0.55991387367248535156 0.72287738323211669922 -9999
-0.32899403572082519531 -1.0894610881805419922 -1.1762765645980834961 1.0664447546005249023 -0.49527812004089355469 1.0053821802139282227 1.1080262660980224609 -0.44697105884552001953 0.38553756475448608398 0.98156881332397460938 0.3076057732105255127 1.2069797515869140625 1.1487480401992797852 -0.47858405113220214844 0.037352111190557479858 -1.5154367685317993164 0.24256937205791473389 -0.71470242738723754883 -0.63360673189163208008 -1.0530768632888793945 0.14861267805099487305 0.41278722882270812988 0.1127818673849105835 -0.74907439947128295898 -0.56145840883255004883 -0.87528824806213378906 -1.1926058530807495117 -1.0590217113494873047 0.051127135753631591797 0.4516881108283996582 0.67896544933319091797 0.48571619391441345215 -0.82418054342269897461 -0.77591222524642944336 -0.53484696149826049805 0.38721981644630432129 -0.43447932600975036621 -1.0057398080825805664 -0.54626107215881347656 -0.086793512105941772461
1.2801419496536254883 1.2456939220428466797 -1.1842010021209716797 0.27681949734687805176 -0.63098162412643432617 -0.9397716522216796875 -0.54263192415237426758 -0.5062420964241027832 -0.93710935115814208984 -0.71903455257415771484 0.37450858950614929199 -1.3901674747467041016 -0.9219608306884765625 0.039856739342212677002 -1.2116240262985229492 -0.61995351314544677734 1.0618731975555419922 1.0025289058685302734 -0.90207272768020629883 -0.32855635881423950195 -0.65596336126327514648 -1.2667825222015380859 -0.54754179716110229492 -0.54250198602676391602 -0.76297336816787719727 -0.78321093320846557617 -0.44876432418823242188 0.045947890728712081909 0.20812986791133880615 -0.78217530250549316406 0.47697842121124267578 0.52087354660034179688 -0.12291350960731506348 -0.57731759548187255859 0.47959148883819580078 -0.52591377496719360352 -0.86348724365234375 0.43814036250114440918 -0.044784188270568847656 0.92325490713119506836
-1.188086390495300293 -0.48669439554214477539 -0.321231842041015625 -1.0619893074035644531 -1.2006657123565673828 1.0013231039047241211 -0.57041090726852416992 0.93939810991287231445 -0.21512426435947418213 -0.57636308670043945312 0.92859810590744018555 -1.0085856914520263672 0.91191047430038452148 -0.65553641319274902344 0.93933314085006713867 -0.26871901750564575195 -0.66010284423828125 -1.0288296937942504883 -1.0379203557968139648 -1.0675997734069824219 -0.58371001482009887695 1.0065187215805053711 0.94545441865921020508 0.94316107034683227539 0.73080092668533325195 1.0592479705810546875 -0.36618605256080627441 -1.4861164093017578125 -0.56096136569976806641 0.23789449036121368408 -0.5368321537971496582 0.66047036647796630859 -0.54508924484252929688 0.94620841741561889648 -0.5530033111572265625 -0.53202730417251586914 -1.020199894905090332 -0.58557987213134765625 -0.48835897445678710938 -1.0882375240325927734
0.1821880340576171875 1.1433690786361694336 -0.4852466881275177002 -0.46484646201133728027 -0.32088541984558105469 -0.91664904356002807617 0.12745890021324157715 -0.48210212588310241699 -0.96071159839630126953 -0.99887573719024658203 1.2043111324310302734 -0.47376585006713867188 0.091371603310108184814 -0.95306688547134399414 -0.63684511184692382812 -0.99747925996780395508 -1.2999181747436523438 -0.65962648391723632812 1.0472878217697143555 -0.45907291769981384277 -1.2165218591690063477 1.0898385047912597656 -1.1805145740509033203 -1.1634620428085327148 -0.94401276111602783203 -0.63347804546356201172 0.044139999896287918091 0.23801025748252868652 0.7334893345832824707 -0.81036460399627685547 -0.51990354061126708984 -0.84874999523162841797 -0.64460861682891845703 -0.75755870342254638672 -0.82948154211044311523 -1.2041037082672119141 0.040276762098073959351 -0.64497393369674682617 -0.65247666835784912109 -0.073934271931648254395
0.18408027291297912598 -0.15696655213832855225 -0.94027090072631835938 1.2834087610244750977 -0.59538620710372924805 0.64410936832427978516 1.2137039899826049805 0.4953448176383972168 1.050339818000793457 0.33529481291770935059 0.97797971963882446289 0.68077939748764038086 -0.4844862818717956543 -0.5030536651611328125 -0.5360209345817565918 -0.54942452907562255859 -1.0418778657913208008 -0.54735976457595825195 1.0651243925094604492 -0.6994717717170715332 1.0710692405700683594 -0.97615158557891845703 -0.80924010276794433594 -0.97206246852874755859 0.87258613109588623047 -0.79905807971954345703 1.1037064790725708008 -1.4601793289184570312 0.14351993799209594727 0.22987064719200134277 -0.92811954021453857422 -0.53003776073455810547 -0.77219098806381225586 -1.0205997228622436523 -0.13292169570922851562 -0.062445260584354400635 -0.60936433076858520508 0.039152260869741439819 0.0073512322269380092621 -0.88824218511581420898
