layers/surface_solar_radiation_downwards.asc
ncols        290
nrows        290
xllcorner    68.000000000000
yllcorner    8.000000000000
cellsize     0.100000000000
NODATA_value -9999
[rows 180 to 197 of 290, columns 240 to 279 of 290]
-0.723674774169921875 0.13027338683605194092 -1.3959276676177978516 -0.83891755342483520508 -0.82521551847457885742 -1.278273463249206543 -0.82155150175094604492 -0.21457299590110778809 -0.81927710771560668945 -0.80986499786376953125 0.18771973252296447754 -1.3373314142227172852 -0.91969633102416992188 -1.098828434944152832 0.26040643453598022461 -1.2751210927963256836 -0.43417680263519287109 -1.4093799591064453125 -0.34852367639541625977 -1.2696725130081176758 -1.2648289203643798828 -0.72929042577743530273 -1.3250966072082519531 -1.3531105518341064453 -0.77275514602661132812 -0.56211465597152709961 -0.88796716928482055664 -0.94599324464797973633 0.53681236505508422852 -0.96817421913146972656 -0.44626483321189880371 0.071929745376110076904 -0.83541262149810791016 -1.0365945100784301758 -0.51202493906021118164 -1.2941304445266723633 0.23451280593872070312 0.19914118945598602295 -0.86830890178680419922 -0.015355672687292098999
-0.63208997249603271484 -0.88058841228485107422 -0.97975534200668334961 -0.79855930805206298828 -0.46332755684852600098 -1.1981894969940185547 -0.023703141137957572937 0.1445226520299911499 -0.95292270183563232422 0.20866350829601287842 -0.29612573981285095215 -0.84191215038299560547 -0.36636334657669067383 -0.72631973028182983398 -0.37517428398132324219 -0.93749988079071044922 -0.59254372119903564453 -0.76097136735916137695 -0.67636960744857788086 -0.22839535772800445557 -1.1906940937042236328 -0.5254567265510559082 -1.2971580028533935547 -0.43316933512687683105 -1.3521418571472167969 -0.49675831198692321777 -1.2850044965744018555 0.55007785558700561523 -1.3670413494110107422 -1.414097905158996582 -1.1442168951034545898 -1.2979540824890136719 -0.54700666666030883789 -0.29804337024688720703 0.039541296660900115967 0.54807543754577636719 0.053491901606321334839 -0.94649028778076171875 -1.2287123203277587891 0.030059428885579109192
-0.34668609499931335449 0.18431654572486877441 -0.96200734376907348633 -0.93379241228103637695 -1.2674139738082885742 -0.80380225181579589844 0.048981416970491409302 0.056423865258693695068 -0.6381028294563293457 -0.26507997512817382812 -1.3102858066558837891 -0.71851623058319091797 -0.7847747802734375 -1.4032491445541381836 -0.79623883962631225586 -0.9693482518196105957 -0.50076979398727416992 -0.81634992361068725586 -1.1637176275253295898 -1.4028782844543457031 -0.87524008750915527344 -1.3791424036026000977 -1.0004202127456665039 -0.40861496329307556152 -0.81065982580184936523 -1.2171256542205810547 -0.96457952260971069336 -1.1797783374786376953 -0.3976427912712097168 -1.1235024929046630859 0.51692032814025878906 -0.82364213466644287109 -1.3061604499816894531 -0.42784464359283447266 -0.85365849733352661133 -0.18482086062431335449 -0.42276439070701599121 -1.1032288074493408203 -0.018344873562455177307 0.26063022017478942871
-1.0007460117340087891 -0.83543282747268676758 0.12682628631591796875 -1.2667990922927856445 -1.0630725622177124023 -1.279063105583190918 -0.89524698257446289062 -0.9823042750358581543 -0.83923882246017456055 -0.73692995309829711914 0.0078624859452247619629 -0.80063527822494506836 -0.7246964573860168457 -0.38662803173065185547 -0.91185325384140014648 -0.99776458740234375 0.15970319509506225586 -0.84750026464462280273 -0.86763840913772583008 -0.87949061393737792969 0.41480556130409240723 -1.3812097311019897461 -1.444270014762878418 -0.86522239446640014648 -1.426154017448425293 -1.1148933172225952148 -1.2611231803894042969 -1.0302153825759887695 -0.73886650800704956055 -0.5628617405891418457 0.52225190401077270508 0.31309056282043457031 -0.47091308236122131348 -0.77133500576019287109 -1.3039472103118896484 -1.0851739645004272461 0.27438846230506896973 -0.72427386045455932617 -1.4030675888061523438 -0.9082654118537902832
0.080218687653541564941 -1.3911051750183105469 -1.3803727626800537109 -0.87033277750015258789 -0.74203777313232421875 -0.95542085170745849609 -0.58371001482009887695 -0.4009444117546081543 0.26947647333145141602 -0.29999759793281555176 -0.66061842441558837891 -0.73634058237075805664 -1.2646679878234863281 -0.41400635242462158203 -0.83916914463043212891 -0.32435745000839233398 -0.81860321760177612305 -1.3924245834350585938 0.16639080643653869629 -1.3004609346389770508 -1.0195794105529785156 -0.9511616826057434082 0.46411573886871337891 -0.77420675754547119141 -0.92070788145065307617 -1.3508946895599365234 -1.3442836999893188477 0.035277403891086578369 -1.6132601499557495117 -0.10673370957374572754 -0.91203743219375610352 -0.91764146089553833008 -0.44580438733100891113 -0.44360312819480895996 0.011572520248591899872 -1.3318208456039428711 -0.82326686382293701172 -0.024634415283799171448 -1.0670635700225830078 -0.72618627548217773438
-0.47734591364860534668 0.049446623772382736206 -1.3922305107116699219 -1.2059645652770996094 -1.011429905891418457 -1.1120479106903076172 -0.85139358043670654297 -0.88684612512588500977 -0.8519827723503112793 -0.98389273881912231445 -0.47784665226936340332 -0.50505995750427246094 -0.80940151214599609375 -1.2650061845779418945 -0.91710436344146728516 -1.301787257194519043 -0.34349808096885681152 -0.97391808032989501953 -0.6964117884635925293 -1.3607152700424194336 -0.8208866119384765625 -0.274486541748046875 0.45639958977699279785 -0.53017336130142211914 -0.53047329187393188477 -0.84946477413177490234 -0.33087423443794250488 -0.40795695781707763672 -1.5275700092315673828 -1.0799920558929443359 -0.86517035961151123047 0.24591489136219024658 -1.3761664628982543945 -1.3481998443603515625 -1.5181939601898193359 -1.5448794364929199219 -1.3411253690719604492 0.048199046403169631958 -1.1018439531326293945 -0.9801959991455078125
-0.8102105259895324707 -0.58838379383087158203 -0.9987462162971496582 -1.7752655744552612305 -1.0837434530258178711 -0.21051652729511260986 -0.749126434326171875 -0.85192161798477172852 -0.99884516000747680664 -0.48502591252326965332 -1.2663158178329467773 -0.021684376522898674011 -0.94382166862487792969 -0.36681306362152099609 -0.94878447055816650391 0.10890227556228637695 -0.6915079951286315918 -0.0076059582643210887909 -1.0769563913345336914 -0.88899832963943481445 -0.99283021688461303711 -0.89508301019668579102 -0.92609649896621704102 -0.23580251634120941162 0.50199842453002929688 -0.43603977560997009277 -1.2410310506820678711 -1.3878474235534667969 -1.3098558187484741211 -0.99248462915420532227 -1.0691537857055664062 -0.89369684457778930664 -0.87280642986297607422 -1.0046794414520263672 -0.43082696199417114258 -1.0470807552337646484 -1.3770052194595336914 -0.34001398086547851562 -0.47737905383110046387 -1.0670365095138549805
-1.0135071277618408203 -0.096712611615657806396 -1.3586435317993164062 -0.57929033041000366211 -0.51542103290557861328 -0.825252532958984375 -0.25689086318016052246 -1.1020538806915283203 -1.3427267074584960938 -1.0142017602920532227 0.090330153703689575195 -0.89733201265335083008 -1.0569916963577270508 -0.7957146763801574707 -0.68187546730041503906 -0.77673113346099853516 -0.050329659134149551392 -0.044192891567945480347 -0.47101250290870666504 0.096069283783435821533 -0.85124343633651733398 -0.47109940648078918457 -1.0332485437393188477 -1.0615134239196777344 -1.388285517692565918 -0.82503581047058105469 -0.8528950810432434082 0.11859157681465148926 -1.107594609260559082 -0.78929948806762695312 0.26874575018882751465 -0.96414273977279663086 -1.0457901954650878906 -1.3039385080337524414 -1.4170500040054321289 -0.76995444297790527344 -0.47906258702278137207 -0.76383835077285766602 -1.2032448053359985352 -0.10139308124780654907
-1.4922039508819580078 -0.65605884790420532227 -1.3317390680313110352 -1.3569049835205078125 -1.5245063304901123047 -1.2219773530960083008 -0.97468155622482299805 -0.87667614221572875977 -0.80600130558013916016 -0.63914531469345092773 -1.0376054048538208008 -0.47077322006225585938 0.080368451774120330811 0.0089529892429709434509 -0.84727281332015991211 -0.41932547092437744141 -1.3661333322525024414 -1.3842062950134277344 -1.4929871559143066406 -1.30185699462890625 -1.3205478191375732422 -1.4204846620559692383 -0.62219387292861938477 -0.44365477561950683594 -0.89689046144485473633 -0.046175077557563781738 -0.94471508264541625977 -1.1226654052734375 -0.95453131198883056641 -1.5566283464431762695 -0.67686277627944946289 -0.84819483757019042969 -0.22913555800914764404 0.082741819322109222412 -1.7550426721572875977 -0.11475367099046707153 -1.2054916620254516602 -0.89661717414855957031 -0.64006668329238891602 -1.3719279766082763672
-1.1012626886367797852 -1.4673964977264404297 -1.3471081256866455078 -0.95187175273895263672 -1.2026044130325317383 -0.74860489368438720703 -0.66730171442031860352 -1.044241786003112793 -1.1508201360702514648 -0.56011378765106201172 -0.85698640346527099609 -0.98859381675720214844 -1.1699564456939697266 0.2506771385669708252 -0.052713360637426376343 -1.0725578069686889648 -0.65406721830368041992 -0.93602848052978515625 -0.93845736980438232422 -0.14862424135208129883 -1.5132462978363037109 -1.5258021354675292969 -1.479924321174621582 -1.3900809288024902344 -0.71709477901458740234 -1.4906443357467651367 -1.5657224655151367188 -0.23947854340076446533 -1.3977570533752441406 -0.34490746259689331055 -1.3305354118347167969 -0.96038275957107543945 -0.83181530237197875977 -0.57843089103698730469 0.051265709102153778076 -1.0432295799255371094 0.14526499807834625244 -1.3912824392318725586 -0.9876543879508972168 -1.3409200906753540039
-1.4670383930206298828 -1.0279074907302856445 -1.1100752353668212891 -0.053149733692407608032 -1.4667130708694458008 -1.0287909507751464844 -1.2114140987396240234 -0.92126280069351196289 -0.80395972728729248047 -0.20113708078861236572 -0.80454498529434204102 -0.91244024038314819336 -1.3309876918792724609 -1.5487672090530395508 -1.2737637758255004883 -0.89857828617095947266 -1.2992800474166870117 -0.075818337500095367432 -0.25960680842399597168 -1.4113849401473999023 -1.6739482879638671875 -1.4077097177505493164 -0.61155652999877929688 -0.85106438398361206055 -1.5234855413436889648 -0.02489004284143447876 -0.95993477106094360352 -0.94802618026733398438 -1.1154468059539794922 -1.4592392444610595703 -0.48177549242973327637 -1.5982912778854370117 -0.16715246438980102539 -0.4507929682731628418 -1.1597348451614379883 -0.91459673643112182617 -0.12357151508331298828 -1.1844828128814697266 -0.89218848943710327148 -0.91991710662841796875
-0.44001317024230957031 -0.084458008408546447754 -1.0214802026748657227 -0.64757239818572998047 -0.92158603668212890625 -1.7629171609878540039 -0.97157359123229980469 -0.42552420496940612793 -0.8332570195198059082 -1.0531581640243530273 -0.84705311059951782227 -0.77729833126068115234 -1.3624526262283325195 -0.76593649387359619141 -0.93650448322296142578 -1.4142377376556396484 -1.3319998979568481445 -0.29460489749908447266 -1.3213267326354980469 -0.61352390050888061523 -1.4651918411254882812 -0.021981747820973396301 -1.4306808710098266602 -0.12503384053707122803 -0.46782144904136657715 -0.50702083110809326172 -1.4295012950897216797 -0.0995408669114112854 0.1702652275562286377 -0.1966304779052734375 0.19240881502628326416 0.079249545931816101074 -0.72085946798324584961 -0.8974774479866027832 -0.34608703851699829102 -0.91722959280014038086 -0.66972547769546508789 -0.17698335647583007812 -0.83236402273178100586 -0.17483074963092803955
-1.5966112613677978516 -1.0743265151977539062 -0.024951582774519920349 -1.056744694709777832 -0.67269784212112426758 -0.80850595235824584961 -0.71246939897537231445 -1.0047216415405273438 -1.4136962890625 -0.78012877702713012695 -1.3731139898300170898 -0.58593189716339111328 -0.94316542148590087891 -0.95792764425277709961 -0.6272042393684387207 -1.2062864303588867188 -1.9345917701721191406 -1.265819549560546875 -1.1276268959045410156 -1.372838139533996582 -0.78973931074142456055 -1.3248474597930908203 -0.18117064237594604492 -1.5001899003982543945 -0.23028588294982910156 -1.2802491188049316406 -1.4020438194274902344 -1.8022634983062744141 -0.80053806304931640625 -0.078294128179550170898 -1.784830927848815918 -1.3361083269119262695 -0.94752097129821777344 -1.07358551025390625 -1.3282204866409301758 -0.48775175213813781738 -1.3771915435791015625 -1.3470865488052368164 -1.1223276853561401367 -1.9005017280578613281
0.11758843064308166504 -1.182834625244140625 -0.83078336715698242188 -0.85592949390411376953 -1.6933419704437255859 -0.45040091872215270996 -1.118755340576171875 -0.4515336155891418457 -1.4077777862548828125 -0.87127292156219482422 -1.5055391788482666016 -1.7491207122802734375 -1.1082983016967773438 -1.5547034740447998047 -0.97937750816345214844 -1.0908218622207641602 -0.81132817268371582031 -0.85181707143783569336 -1.9956022500991821289 -1.2055815458297729492 -1.4044933319091796875 -0.31209036707878112793 -1.0556042194366455078 -1.6375141143798828125 -0.14702120423316955566 -0.49479225277900695801 -1.0428500175476074219 -0.16272978484630584717 -0.95997393131256103516 -1.8473825454711914062 -0.73173606395721435547 0.024015184491872787476 -0.99150860309600830078 -0.28091850876808166504 -0.81799423694610595703 -0.47279542684555053711 -0.47601076960563659668 -0.19305858016014099121 -0.69360721111297607422 -1.8457558155059814453
0.38790017366409301758 -0.67873650789260864258 -0.45438167452812194824 -0.60100030899047851562 -0.85053163766860961914 -0.99603885412216186523 -0.99263393878936767578 -0.66056162118911743164 -1.1420965194702148438 -0.61971551179885864258 -2.3637790679931640625 -0.74576586484909057617 -0.71767038106918334961 -1.5448054075241088867 -0.7591139674186706543 -1.7795205116271972656 -1.2307134866714477539 -1.5995612144470214844 -1.2795068025588989258 -1.6714565753936767578 -1.1845659017562866211 -1.1399009227752685547 -0.82470941543579101562 -0.36354282498359680176 -1.1216833591461181641 -0.31559985876083374023 -0.43009793758392333984 -0.14313299953937530518 -1.3476994037628173828 -1.9383788108825683594 0.065471082925796508789 -1.5755155086517333984 -0.074411526322364807129 -1.6877219676971435547 -0.12947718799114227295 -0.24455794692039489746 -0.28347823023796081543 -0.2957973778247833252 0.3858655095100402832 -0.51315283775329589844
-0.5501677393913269043 -1.0126047134399414062 -0.5464293360710144043 -0.3123963475227355957 0.29045853018760681152 -0.90062761306762695312 -1.9992125034332275391 -1.1000531911849975586 -1.5453244447708129883 -1.2343289852142333984 -1.7986890077590942383 -1.3404325246810913086 -1.5026506185531616211 -1.2528936862945556641 -1.4460579156875610352 -1.686860203742980957 -1.4706103801727294922 -1.171133875846862793 -0.90018391609191894531 -0.87388402223587036133 -0.32407471537590026855 -1.3013628721237182617 -1.2987395524978637695 -1.1942883729934692383 -1.135348200798034668 -1.2965227365493774414 -1.3827461004257202148 -0.38357770442962646484 -1.8400391340255737305 -0.53958547115325927734 -1.9815682172775268555 -1.3303205966949462891 -0.52581286430358886719 -0.48305666446685791016 -1.3632904291152954102 -0.18686845898628234863 -1.3789879083633422852 0.068087168037891387939 -1.3127323389053344727 -0.31472626328468322754
-0.90154337882995605469 -0.76762259006500244141 0.73408406972885131836 -1.2723565101623535156 -0.070899024605751037598 -0.38160026073455810547 -1.1332197189331054688 -1.6824338436126708984 -1.343503117561340332 -1.0742095708847045898 -1.5817391872406005859 -2.3990905284881591797 -1.3283449411392211914 -1.1374517679214477539 -1.3934781551361083984 -1.0418193340301513672 -0.72221523523330688477 -2.3321430683135986328 -1.8553396463394165039 -1.1255079507827758789 -1.554978489875793457 -0.69512331485748291016 -1.6670652627944946289 -1.6017422676086425781 -1.0146602392196655273 -1.1261099576950073242 -1.1282448768615722656 -0.97700929641723632812 -1.5024303197860717773 -0.74021095037460327148 -0.93948161602020263672 -1.1907066106796264648 -1.1515345573425292969 -0.12252877652645111084 -0.78192114830017089844 0.29695853590965270996 -0.16439048945903778076 -0.98252719640731811523 -0.81553608179092407227 -0.24687021970748901367
-0.89372140169143676758 0.14155583083629608154 1.097336888313293457 0.18630775809288024902 -0.10652757436037063599 -0.98384451866149902344 -1.4378376007080078125 -1.6657471656799316406 -1.0277107954025268555 -2.1542725563049316406 -2.1160473823547363281 -1.7498720884323120117 -1.0876290798187255859 -1.8138502836227416992 -2.5111217498779296875 -1.6137565374374389648 -1.0849195718765258789 -1.6187103986740112305 -0.92923867702484130859 -1.3706597089767456055 -1.1566573381423950195 -1.7011096477508544922 -1.5207567214965820312 -0.5996621251106262207 -0.64193654060363769531 -0.80661845207214355469 -0.56291079521179199219 -0.23572677373886108398 -0.57915174961090087891 -1.3334342241287231445 -0.28394299745559692383 -1.3954120874404907227 -1.3856681585311889648 -0.98117119073867797852 -0.83079755306243896484 -1.3644442558288574219 0.10021009296178817749 -0.99961549043655395508 -0.57107627391815185547 0.33692884445190429688
