layers/surface_solar_radiation_downwards.asc
ncols        290
nrows        290
xllcorner    68.000000000000
yllcorner    8.000000000000
cellsize     0.100000000000
NODATA_value -9999
[rows 126 to 143 of 290, columns 80 to 119 of 290]
-1.7282922267913818359 0.34184989333152770996 -0.59933376312255859375 -0.62265348434448242188 -0.498012542724609375 -0.073038287460803985596 -1.0330256223678588867 1.3950420618057250977 -0.7234471440315246582 1.4344192743301391602 -0.28269800543785095215 0.26000794768333435059 -0.32747405767440795898 1.4059625864028930664 -1.3500986099243164062 -1.7678387165069580078 -1.0882414579391479492 0.27958923578262329102 -0.63601410388946533203 -1.6475648880004882812 0.99122154712677001953 1.1533738374710083008 -1.1263158321380615234 0.62875455617904663086 0.63483279943466186523 -0.68509429693222045898 0.24350149929523468018 -0.5214545130729675293 0.31579703092575073242 0.19587311148643493652 -1.1861865520477294922 -0.69979000091552734375 1.1749885082244873047 1.137086033821105957 -0.9005940556526184082 1.235354304313659668 -0.54377323389053344727 -0.32670328021049499512 -0.7819499969482421875 0.021672368049621582031
-0.31675061583518981934 -0.64925116300582885742 1.4798227548599243164 0.37260860204696655273 0.42190158367156982422 -1.7145175933837890625 0.71193015575408935547 1.3383711576461791992 -0.051739912480115890503 -0.79187083244323730469 -1.4796663522720336914 0.30619293451309204102 -1.0834603309631347656 -0.72535270452499389648 -0.96891510486602783203 1.0084613561630249023 -0.65753412246704101562 0.43839338421821594238 0.88388663530349731445 1.2793407440185546875 -0.38774734735488891602 0.3048928678035736084 1.1410503387451171875 -1.0905377864837646484 -1.3025543689727783203 0.2379013746976852417 0.95757949352264404297 -0.80126744508743286133 -0.70608085393905639648 -1.1695760488510131836 0.53710538148880004883 1.1104581356048583984 1.0838476419448852539 -0.43041124939918518066 0.3155129849910736084 0.24558481574058532715 -0.16540439426898956299 -0.65326416492462158203 -0.90772837400436401367 0.20566828548908233643
-0.54927092790603637695 0.8812382817268371582 -0.84343731403350830078 -0.60138869285583496094 -0.75746250152587890625 -0.028981795534491539001 -0.28308057785034179688 -0.034514784812927246094 0.33107957243919372559 1.405178070068359375 -1.0422475337982177734 0.63630372285842895508 -0.94914317131042480469 0.45973306894302368164 0.59951150417327880859 -0.26352125406265258789 -1.1161645650863647461 -1.1423435211181640625 -1.7737237215042114258 -0.26816084980964660645 -0.79001474380493164062 0.22806318104267120361 -0.0794065818190574646 0.60208499431610107422 -0.75195515155792236328 -0.53458744287490844727 -1.9830770492553710938 -0.080545283854007720947 0.94417029619216918945 0.23139321804046630859 -1.8642715215682983398 -0.028082367032766342163 -0.2916781008243560791 -0.76537340879440307617 -0.54516494274139404297 -0.38839504122734069824 -1.9789370298385620117 -0.90562909841537475586 -1.0840156078338623047 0.32048523426055908203
0.89182740449905395508 0.55627524852752685547 -0.11797354370355606079 -0.067471295595169067383 -0.53328561782836914062 -0.038355216383934020996 -1.4714781045913696289 0.2836112678050994873 -0.27449083328247070312 -0.23775757849216461182 -1.1818749904632568359 0.3501078486442565918 -0.77353280782699584961 1.237685084342956543 0.55054950714111328125 0.57193219661712646484 -0.014151127077639102936 -0.53171741962432861328 -0.59296506643295288086 -1.1206699609756469727 -0.3206538856029510498 -1.9853285551071166992 -0.38326615095138549805 0.051229987293481826782 -1.7437752485275268555 -0.077919296920299530029 -1.0356683731079101562 -0.48371595144271850586 -0.6163088679313659668 -0.70892500877380371094 -0.41589859127998352051 -1.3015081882476806641 0.29058334231376647949 -0.87402951717376708984 1.3671725988388061523 -2.0058794021606445312 0.95017319917678833008 0.21904695034027099609 1.1846184730529785156 -0.28546774387359619141
-0.65052717924118041992 0.25051531195640563965 -1.1924245357513427734 1.3660856485366821289 -0.81558793783187866211 0.76376688480377197266 1.2963949441909790039 -1.2320117950439453125 1.29610443115234375 0.25939771533012390137 -1.0465699434280395508 0.34524145722389221191 -1.2159731388092041016 -0.32377260923385620117 -1.2021048069000244141 -0.81758648157119750977 1.3845866918563842773 -2.0390601158142089844 0.24912744760513305664 -1.8655208349227905273 0.26252850890159606934 -1.7292841672897338867 -0.74605655670166015625 -0.67401689291000366211 -2.0199332237243652344 0.97080498933792114258 1.3013615608215332031 -0.47974640130996704102 -0.10880970954895019531 1.2872548103332519531 -1.7491581439971923828 -1.9101299047470092773 -0.5208790898323059082 -1.0799946784973144531 1.2448099851608276367 -0.10064901411533355713 -0.29086387157440185547 -0.2935613095760345459 -0.84576380252838134766 -0.56656748056411743164
-1.6949733495712280273 1.3638907670974731445 0.57198816537857055664 -0.67877697944641113281 -0.65209233760833740234 -2.0057551860809326172 -0.25111946463584899902 1.4531067609786987305 -0.96552437543869018555 1.4237432479858398438 -0.99958127737045288086 0.27410057187080383301 -0.65945518016815185547 0.094623744487762451172 -2.1307339668273925781 -0.80868279933929443359 0.27184897661209106445 -0.7954457402229309082 0.26500946283340454102 -0.49846786260604858398 0.97441816329956054688 1.09726715087890625 -0.62158149480819702148 1.116887211799621582 -0.029812797904014587402 -0.45813086628913879395 -1.671939849853515625 0.90794825553894042969 0.22122623026371002197 0.55728054046630859375 1.1115005016326904297 1.3618053197860717773 -0.76835465431213378906 -1.1190093755722045898 -0.51572781801223754883 0.95390689373016357422 -0.55909621715545654297 1.4009554386138916016 -0.5490239262580871582 0.94781744480133056641
-0.52889394760131835938 0.22382941842079162598 -0.54441487789154052734 1.5396915674209594727 -0.88482928276062011719 1.5384306907653808594 -0.45551005005836486816 0.76357626914978027344 -0.81884807348251342773 -1.9201084375381469727 -0.7029272913932800293 -1.9593157768249511719 -1.3174424171447753906 1.2210336923599243164 0.030965311452746391296 1.2419962882995605469 1.3553522825241088867 -0.4428113102912902832 -0.11017262190580368042 -0.40892136096954345703 -0.50500530004501342773 -1.070185542106628418 -0.43230175971984863281 -0.035687915980815887451 -0.33848667144775390625 0.2702967226505279541 -0.85889887809753417969 1.1325827836990356445 -0.83557569980621337891 1.2966910600662231445 -1.1523573398590087891 -0.83033925294876098633 -1.1242095232009887695 1.3100680112838745117 -1.1222226619720458984 -0.43006610870361328125 0.56796181201934814453 -0.85250431299209594727 0.80547410249710083008 -0.88163506984710693359
-0.52782320976257324219 -0.6937014460563659668 -0.90470385551452636719 -0.90036207437515258789 -0.89883327484130859375 -0.78486907482147216797 -0.92527085542678833008 -0.99744462966918945312 -0.51719319820404052734 -0.1542123258113861084 -0.36020764708518981934 1.4230517148971557617 0.26536148786544799805 0.92366415262222290039 0.39193943142890930176 0.17635035514831542969 1.3418160676956176758 -2.1406731605529785156 0.5915978550910949707 0.74524301290512084961 -1.6865742206573486328 -0.50826001167297363281 -0.53797602653503417969 -0.35300919413566589355 1.2955002784729003906 -0.0095532843843102455139 -0.54868263006210327148 -0.62008130550384521484 -2.0171473026275634766 -0.60750824213027954102 -0.78569102287292480469 -0.84741675853729248047 -0.29521340131759643555 -0.27720806002616882324 1.3148934841156005859 0.18982285261154174805 -0.052129808813333511353 -0.054190747439861297607 -1.1662261486053466797 -1.8266810178756713867
-0.91480928659439086914 -0.90168863534927368164 1.0086592435836791992 1.3590494394302368164 -1.8685091733932495117 -0.78142279386520385742 -0.85592901706695556641 -1.9571846723556518555 -1.3413159847259521484 0.26276475191116333008 -0.82085824012756347656 -1.0366278886795043945 -0.16896982491016387939 0.40480726957321166992 0.86977934837341308594 1.1712410449981689453 0.27884471416473388672 -0.71534454822540283203 1.1097321510314941406 -1.4559479951858520508 1.1549166440963745117 0.37592056393623352051 1.2650299072265625 -0.88591229915618896484 -0.88968813419342041016 -0.7752335667610168457 0.55338335037231445312 1.29290008544921875 -0.28800120949745178223 -0.86739999055862426758 -1.8335279226303100586 -2.0071136951446533203 1.0853573083877563477 -1.9376912117004394531 1.0079272985458374023 1.0213158130645751953 -0.96169447898864746094 0.81332457065582275391 0.22964729368686676025 0.15856276452541351318
-2.1270840167999267578 -2.0562112331390380859 -0.094255328178405761719 0.81074893474578857422 0.83240705728530883789 -0.89116078615188598633 -1.9311640262603759766 0.14656680822372436523 0.46293440461158752441 -0.50867444276809692383 -0.13267037272453308105 -0.55247014760971069336 -0.17233730852603912354 0.052282191812992095947 -2.1097402572631835938 -1.8364999294281005859 -2.1220293045043945312 0.12535880506038665771 -1.0589138269424438477 1.3495025634765625 -1.2948590517044067383 -1.0647433996200561523 -0.80341923236846923828 0.77573406696319580078 -0.62037909030914306641 0.82389861345291137695 -1.6147469282150268555 -1.3913909196853637695 -1.1375105381011962891 -0.63930714130401611328 -2.0225000381469726562 1.1603695154190063477 -0.5794779658317565918 -1.1432726383209228516 -1.1991133689880371094 -0.76175844669342041016 -0.35423439741134643555 0.47053995728492736816 -0.86126750707626342773 1.1765016317367553711
1.3791509866714477539 -2.0886225700378417969 0.21583913266658782959 1.4039919376373291016 0.40067765116691589355 -0.16410043835639953613 -0.19515652954578399658 1.4432216882705688477 1.439583897590637207 -1.0663744211196899414 -0.13071702420711517334 -1.4542325735092163086 0.15181232988834381104 -0.9980042576789855957 -2.1417818069458007812 0.102894611656665802 -1.3805418014526367188 -1.5610917806625366211 -2.1173191070556640625 0.55613237619400024414 -0.89349329471588134766 1.1108937263488769531 -0.6394259333610534668 1.2993824481964111328 -0.62174719572067260742 -0.96399360895156860352 -0.4309018254280090332 -0.67651981115341186523 -0.37566575407981872559 0.83997172117233276367 -1.973355412483215332 -0.35184940695762634277 -0.99272733926773071289 -0.86681598424911499023 -1.150553584098815918 -0.066212527453899383545 -1.1021569967269897461 -0.85751295089721679688 -0.56379431486129760742 0.86927199363708496094
-1.2488883733749389648 -0.5999457240104675293 0.84302806854248046875 0.04757030680775642395 0.88229131698608398438 -1.4167354106903076172 -0.76409226655960083008 0.058066934347152709961 -0.95148557424545288086 -1.1159576177597045898 -2.1579487323760986328 -0.1150359809398651123 1.2844696044921875 -0.25781914591789245605 0.80607962608337402344 0.051752433180809020996 -0.25278794765472412109 -0.64697980880737304688 1.1362825632095336914 0.55195802450180053711 -1.7324959039688110352 0.9184487462043762207 -0.63511121273040771484 -0.75003361701965332031 -0.394832611083984375 0.018260134384036064148 -0.54926961660385131836 0.83546853065490722656 -2.1294119358062744141 0.48942065238952636719 -2.0399277210235595703 0.26222079992294311523 0.80414605140686035156 -1.5059118270874023438 -0.9943230748176574707 -1.2643705606460571289 -0.72747004032135009766 -0.72973883152008056641 -0.4491176307201385498 -0.58271718025207519531
-0.45337337255477905273 0.032467659562826156616 1.531973719596862793 1.2921478748321533203 1.4496428966522216797 1.417615056037902832 0.51598989963531494141 -1.52509307861328125 -0.53617626428604125977 -0.24275435507297515869 0.11436813324689865112 -0.39404508471488952637 -2.2219905853271484375 0.52937936782836914062 -2.3577048778533935547 -1.0427078008651733398 -0.54364025592803955078 1.1683301925659179688 0.17584857344627380371 1.3657844066619873047 -2.34275054931640625 0.52883541584014892578 -1.0901851654052734375 -0.27009698748588562012 -0.7002423405647277832 -0.93560290336608886719 0.43828064203262329102 -0.52742731571197509766 0.82935416698455810547 0.83431607484817504883 -1.094739079475402832 0.14470511674880981445 -0.36634054780006408691 -0.1464716494083404541 -0.67604643106460571289 0.86984264850616455078 0.80446195602416992188 -0.46098148822784423828 -0.75846588611602783203 -0.34699723124504089355
-0.11280635744333267212 -0.10918153077363967896 -0.42359021306037902832 -0.43403089046478271484 -0.76591455936431884766 1.5358610153198242188 -0.46230611205101013184 -0.19361287355422973633 0.23514714837074279785 1.5415318012237548828 0.5800545811653137207 -1.5169898271560668945 1.4762198925018310547 0.52002704143524169922 -0.93661379814147949219 -0.57740539312362670898 -2.2169744968414306641 -2.2117683887481689453 0.17517593502998352051 -0.39688193798065185547 -0.75580286979675292969 -0.58145582675933837891 -2.2321519851684570312 -1.4179657697677612305 -0.38848412036895751953 1.1891649961471557617 -0.5686098933219909668 -0.86732465028762817383 -0.86839193105697631836 -0.97844535112380981445 -0.60151004791259765625 -0.15513412654399871826 0.82727086544036865234 -0.61273485422134399414 1.0356713533401489258 0.87852275371551513672 -1.2391723394393920898 -1.8193621635437011719 -0.64347374439239501953 -0.50700294971466064453
1.42009735107421875 -1.409997105598449707 0.94784933328628540039 -0.46805471181869506836 0.0097340717911720275879 -0.53733694553375244141 -1.4731464385986328125 1.3557955026626586914 -0.53368026018142700195 1.462304234504699707 -1.3821685314178466797 -0.79073429107666015625 -0.95741444826126098633 1.4299161434173583984 0.024889651685953140259 0.49745869636535644531 -0.16324146091938018799 -0.39909565448760986328 -0.31800594925880432129 0.089357137680053710938 -0.8255481719970703125 0.24206326901912689209 -0.11761850118637084961 -0.072890676558017730713 -0.14258861541748046875 -0.15778249502182006836 1.2916047573089599609 1.1201380491256713867 -1.0172933340072631836 1.3568477630615234375 0.84073901176452636719 -2.0271570682525634766 -1.9961888790130615234 1.0905554294586181641 -0.60496103763580322266 -0.0011249104281887412071 -1.852278590202331543 -0.99933320283889770508 -0.99774307012557983398 1.3667216300964355469
-0.62246370315551757812 -0.20963431894779205322 -0.41681653261184692383 -0.92373776435852050781 1.4783234596252441406 -0.01180013362318277359 -0.25053334236145019531 -0.59302145242691040039 -0.4745267033576965332 0.26327988505363464355 -0.59942847490310668945 -0.82280212640762329102 -1.4934620857238769531 -1.4979807138442993164 -2.1751070022583007812 -0.55742686986923217773 -0.6360988616943359375 -1.5618170499801635742 0.48963150382041931152 0.86846119165420532227 -0.78028714656829833984 -0.38133859634399414062 -1.4520722627639770508 0.88385480642318725586 -1.6581128835678100586 0.50567620992660522461 -1.5899416208267211914 -1.53476715087890625 -1.0422884225845336914 -1.2649321556091308594 -1.4481868743896484375 0.53615993261337280273 -1.7529511451721191406 -0.33910205960273742676 -1.8882845640182495117 -1.8763402700424194336 0.32277813553810119629 1.0643984079360961914 -1.3997048139572143555 0.77960413694381713867
0.71305984258651733398 -1.6837093830108642578 -0.37694561481475830078 0.68637561798095703125 -0.9889310002326965332 -1.2389206886291503906 -1.4775228500366210938 -0.037805229425430297852 -0.5892937779426574707 1.3987193107604980469 -0.13909590244293212891 -1.3501299619674682617 -1.7811799049377441406 -0.548213958740234375 1.5448927879333496094 0.30453783273696899414 0.088359594345092773438 0.24284909665584564209 -0.78214150667190551758 -0.7984396815299987793 -2.4190146923065185547 -2.1640980243682861328 -0.42120695114135742188 -0.27529042959213256836 -0.41827154159545898438 -0.30706176161766052246 -1.5884164571762084961 1.2433915138244628906 -0.56839346885681152344 0.19017314910888671875 -1.0834493637084960938 -1.0646883249282836914 1.173968195915222168 1.0661611557006835938 -0.49083563685417175293 -1.2354443073272705078 0.11586488783359527588 1.3050936460494995117 -1.0082002878189086914 -0.68086671829223632812
-2.19315338134765625 1.3921642303466796875 -0.25379711389541625977 -0.65403729677200317383 0.66907823085784912109 1.3924896717071533203 1.3826199769973754883 -2.0134711265563964844 -0.58955842256546020508 -0.11786552518606185913 1.3436520099639892578 -0.055588088929653167725 1.2826122045516967773 -2.4018623828887939453 -0.12977713346481323242 -0.40968608856201171875 -0.26242643594741821289 -0.5424938201904296875 1.402218937873840332 1.240478515625 -2.4424183368682861328 -2.1901233196258544922 0.15820643305778503418 -0.23867379128932952881 -0.92398303747177124023 -2.3932540416717529297 0.44678992033004760742 0.91499996185302734375 -0.91179168224334716797 -0.30825683474540710449 -0.43116909265518188477 -0.79768526554107666016 1.1220706701278686523 1.3449507951736450195 -0.76951766014099121094 1.0672163963317871094 -0.59736835956573486328 -0.4765243828296661377 -1.5040944814682006836 1.2789069414138793945
