layers/surface_solar_radiation_downwards.asc
ncols        290
nrows        290
xllcorner    68.000000000000
yllcorner    8.000000000000
cellsize     0.100000000000
NODATA_value -9999
[rows 270 to 287 of 290, columns 80 to 119 of 290]
1.4884423017501831055 1.7660088539123535156 2.2188942432403564453 0.68582737445831298828 0.56145322322845458984 2.0670328140258789062 -0.94902890920639038086 0.61937081813812255859 2.4394063949584960938 0.72483801841735839844 1.116862177848815918 -0.080343447625637054443 0.42268094420433044434 -1.2305839061737060547 -0.40699598193168640137 0.84959775209426879883 1.9532934427261352539 -0.79128509759902954102 1.1519662141799926758 -0.96259951591491699219 -1.1394941806793212891 1.2138119935989379883 2.275974273681640625 -0.1450885087251663208 2.2103900909423828125 -1.0354604721069335938 0.11847667396068572998 1.9165261983871459961 2.3152458667755126953 0.029928172007203102112 0.19635382294654846191 -0.99035739898681640625 -1.2009153366088867188 2.1873447895050048828 2.2093043327331542969 2.2125449180603027344 1.4091591835021972656 1.3759599924087524414 2.2803273200988769531 0.11935070902109146118
2.1209366321563720703 2.1494364738464355469 0.63530874252319335938 -1.4951363801956176758 -0.81417965888977050781 0.73707151412963867188 -0.15014639496803283691 2.3355801105499267578 0.59710240364074707031 0.92958360910415649414 -0.88833212852478027344 1.96227264404296875 0.89082902669906616211 0.13794650137424468994 2.0721743106842041016 -0.32046237587928771973 1.6483416557312011719 2.4040820598602294922 -0.78016835451126098633 0.94169014692306518555 -0.84432816505432128906 1.8513051271438598633 2.0478560924530029297 2.0292804241180419922 -1.0452741384506225586 0.050111081451177597046 1.0991646051406860352 -1.2000226974487304688 1.799805760383605957 2.3355720043182373047 1.837052464485168457 -0.24970664083957672119 1.2156392335891723633 1.0569727420806884766 -0.10253996402025222778 -0.054330177605152130127 1.8231134414672851562 0.64517319202423095703 -0.15304909646511077881 -0.69118046760559082031
-0.49310314655303955078 -0.24147450923919677734 1.7588262557983398438 1.4580225944519042969 2.2933659553527832031 -0.10795547068119049072 1.1001926660537719727 2.5232577323913574219 -0.59443253278732299805 1.3943969011306762695 2.4658861160278320312 -1.0658061504364013672 1.1829068660736083984 -0.59795022010803222656 0.12246470898389816284 2.5333957672119140625 -1.1862201690673828125 1.286143183708190918 -1.3081108331680297852 1.420531153678894043 0.044262647628784179688 1.6595543622970581055 0.94149047136306762695 1.1270008087158203125 -0.6568279266357421875 -0.96173751354217529297 -1.2125174999237060547 -0.99985647201538085938 0.1215351596474647522 1.9655114412307739258 1.0934581756591796875 1.9160854816436767578 0.98361814022064208984 -0.94862955808639526367 1.7243033647537231445 -0.13114091753959655762 2.1976253986358642578 -0.68871843814849853516 -0.88348853588104248047 1.8313714265823364258
0.65909969806671142578 -1.3018229007720947266 2.1449871063232421875 1.5544022321701049805 0.66717350482940673828 -0.33324372768402099609 1.4064023494720458984 2.5547199249267578125 -1.4577434062957763672 -1.5734369754791259766 -0.1167117580771446228 -1.4514749050140380859 -0.40465402603149414062 1.9132951498031616211 2.7554211616516113281 2.1695959568023681641 -1.2404935359954833984 0.8776060938835144043 1.793454289436340332 -1.1371346712112426758 0.041711971163749694824 1.3757959604263305664 -1.2603688240051269531 -1.255461573600769043 -1.0389850139617919922 1.8352553844451904297 2.3769073486328125 -1.0117237567901611328 -1.2641240358352661133 1.9377906322479248047 0.8151944279670715332 0.61919653415679931641 0.87086212635040283203 -1.050793766975402832 -0.15881145000457763672 -1.2975237369537353516 -0.14857734739780426025 -1.1499757766723632812 -0.48543518781661987305 0.91556972265243530273
-1.5629067420959472656 -0.6181576848030090332 0.73006719350814819336 -1.5700066089630126953 -1.5611281394958496094 -1.5779173374176025391 0.42841878533363342285 -0.93866568803787231445 1.640044093132019043 -1.3591436147689819336 1.8165106773376464844 1.7430105209350585938 -1.4266231060028076172 2.1576495170593261719 2.6068103313446044922 1.9593927860260009766 2.6004269123077392578 2.6071107387542724609 -1.3523725271224975586 1.1272039413452148438 -1.2463333606719970703 -1.0543347597122192383 1.3501670360565185547 -1.031558990478515625 -0.67057579755783081055 0.083292670547962188721 0.98097324371337890625 1.0809035301208496094 1.761444091796875 -1.153044581413269043 -0.88688445091247558594 1.8322858810424804688 2.1228816509246826172 1.2950582504272460938 -0.11453462392091751099 -1.1371544599533081055 1.557759404182434082 0.73960798978805541992 1.7262123823165893555 0.68780869245529174805
-0.8457190394401550293 1.5544073581695556641 1.4524552822113037109 1.0278468132019042969 1.5791236162185668945 0.99246180057525634766 1.0801461935043334961 -1.7065367698669433594 1.3541133403778076172 -0.54114425182342529297 -0.45877036452293395996 1.6183377504348754883 2.5489637851715087891 -1.3058704137802124023 -1.118208765983581543 1.0705226659774780273 2.1058416366577148438 -0.96979492902755737305 -0.9745051264762878418 2.0294780731201171875 0.9894644618034362793 -1.3056237697601318359 1.1062062978744506836 1.7346906661987304688 -0.85584467649459838867 1.0961146354675292969 1.1666353940963745117 2.3178815841674804688 -0.1908982396125793457 0.95006906986236572266 0.87991195917129516602 1.8321986198425292969 -1.0327634811401367188 2.0080196857452392578 -0.40470954775810241699 -0.93782907724380493164 1.516859889030456543 1.4755163192749023438 1.977677464485168457 1.163968205451965332
-1.4716242551803588867 -0.16102001070976257324 2.1955783367156982422 1.1376049518585205078 2.4095213413238525391 -0.56350082159042358398 -1.5492087602615356445 -1.4428803920745849609 1.5855392217636108398 -0.77193963527679443359 1.4965677261352539062 2.0444800853729248047 2.6076941490173339844 -0.054578058421611785889 2.6430554389953613281 2.0037131309509277344 -0.015508015640079975128 -0.29683840274810791016 1.7244539260864257812 -1.3027288913726806641 1.1148804426193237305 1.8274922370910644531 -0.99853271245956420898 1.2151038646697998047 1.2776119709014892578 -0.98733162879943847656 1.0749850273132324219 -0.22707289457321166992 -0.21170774102210998535 -1.0160857439041137695 0.78950172662734985352 -1.1521757841110229492 0.0031755615491420030594 0.85276681184768676758 1.4850678443908691406 -1.049259185791015625 -1.4075883626937866211 -1.181445002555847168 0.63801825046539306641 -1.2936187982559204102
0.58546626567840576172 -1.5236318111419677734 2.5739541053771972656 1.7283055782318115234 0.21426491439342498779 1.5563912391662597656 0.62282609939575195312 1.4386277198791503906 2.3342585563659667969 -0.16247543692588806152 -1.3178259134292602539 -1.2892649173736572266 -0.087890900671482086182 -0.35231977701187133789 -1.2012569904327392578 -0.26231756806373596191 2.4559524059295654297 1.3285291194915771484 2.5818035602569580078 -1.0824631452560424805 0.053829722106456756592 -1.2992086410522460938 1.3044338226318359375 -1.1623797416687011719 -0.70312350988388061523 1.708985447883605957 2.3159458637237548828 0.11468788236379623413 -1.0022393465042114258 1.3915252685546875 0.81718820333480834961 -0.21581239998340606689 1.7959158420562744141 -0.92553746700286865234 1.5790077447891235352 0.53039026260375976562 -0.26141083240509033203 1.0944793224334716797 -1.1063733100891113281 0.83982843160629272461
1.5444043874740600586 0.61012566089630126953 -1.4492595195770263672 1.7639448642730712891 0.11440944671630859375 2.1946947574615478516 1.6995961666107177734 1.1022307872772216797 1.4243681430816650391 2.4349312782287597656 -0.32940933108329772949 2.5774621963500976562 0.11702854931354522705 -0.87221556901931762695 2.6260960102081298828 1.1287566423416137695 -0.82694375514984130859 -0.030141154304146766663 -0.83051609992980957031 -1.3445277214050292969 -0.87645965814590454102 2.1596097946166992188 -1.3090076446533203125 1.6808704137802124023 -0.97038793563842773438 1.091467738151550293 1.1549506187438964844 1.7454760074615478516 0.13490866124629974365 2.1664087772369384766 1.5044701099395751953 1.7632795572280883789 0.73076260089874267578 0.53875148296356201172 1.382916569709777832 -0.78370022773742675781 -0.29512518644332885742 1.623860478401184082 -0.40124997496604919434 1.797595977783203125
2.5710289478302001953 1.1975340843200683594 2.1939511299133300781 -0.3449681401252746582 1.0341212749481201172 1.9078843593597412109 -0.81307923793792724609 2.5291173458099365234 0.047268632799386978149 1.2825670242309570312 -0.059175901114940643311 2.6760830879211425781 2.5628881454467773438 -0.097229033708572387695 -1.382511138916015625 1.9002538919448852539 1.0340696573257446289 -0.85158079862594604492 1.9106372594833374023 1.0398138761520385742 -1.0082517862319946289 -0.071798019111156463623 -0.33024248480796813965 1.7125874757766723633 1.6114345788955688477 -1.3545707464218139648 0.83502829074859619141 0.80992352962493896484 -1.3302500247955322266 0.1049955710768699646 1.6660022735595703125 2.0358595848083496094 -1.1476476192474365234 -0.95450681447982788086 0.77640283107757568359 -1.3294379711151123047 0.80700659751892089844 -0.3492927253246307373 -1.1338084936141967773 -0.090192832052707672119
1.1993466615676879883 -0.85438150167465209961 2.6187748908996582031 -1.5811113119125366211 1.2754805088043212891 2.6508603096008300781 1.3635939359664916992 1.3024960756301879883 2.5099990367889404297 2.3811786174774169922 1.9671157598495483398 2.3156602382659912109 1.1448417901992797852 0.92963349819183349609 -0.76451742649078369141 2.6176753044128417969 1.2933102846145629883 0.8363335728645324707 0.77376818656921386719 1.2879304885864257812 -0.23788066208362579346 1.2492563724517822266 1.8336501121520996094 -0.986583709716796875 2.2206664085388183594 -1.0486906766891479492 -0.29087120294570922852 2.0411167144775390625 0.15846766531467437744 -0.30638870596885681152 1.9901183843612670898 2.0353739261627197266 -1.3709309101104736328 -0.23649580776691436768 0.56984114646911621094 -1.0330195426940917969 -1.3394689559936523438 0.82165521383285522461 -0.2693322598934173584 1.3407883644104003906
1.811598658561706543 2.4764184951782226562 -1.0548017024993896484 -0.15544612705707550049 0.90376186370849609375 -1.4078574180603027344 2.5544021129608154297 1.2106803655624389648 2.2750637531280517578 1.5854716300964355469 1.0008510351181030273 2.5277409553527832031 -1.3647252321243286133 -0.28183904290199279785 2.090503692626953125 1.4118187427520751953 2.3101851940155029297 1.8405615091323852539 -0.031615097075700759888 2.1223309040069580078 -0.27318903803825378418 -0.74237298965454101562 0.73274308443069458008 0.93523925542831420898 1.8693238496780395508 -1.0248063802719116211 1.3576576709747314453 0.96097147464752197266 2.1610493659973144531 0.76933562755584716797 1.9697078466415405273 1.3723601102828979492 2.0312974452972412109 0.8268706202507019043 2.1103749275207519531 1.8810285329818725586 -0.81221210956573486328 -1.3524569272994995117 -1.3674807548522949219 1.3864061832427978516
-1.0810416936874389648 -0.075659111142158508301 -1.3783242702484130859 2.4599895477294921875 0.91175252199172973633 -1.3915678262710571289 2.603191375732421875 2.4902470111846923828 2.1682765483856201172 -1.3877024650573730469 -1.0974155664443969727 2.1194639205932617188 2.4733898639678955078 -0.91816860437393188477 1.5030620098114013672 2.1958839893341064453 -0.20898620784282684326 2.1833374500274658203 1.9185079336166381836 -1.3891367912292480469 -0.97871863842010498047 1.2776339054107666016 2.114475250244140625 0.87728333473205566406 -0.31850731372833251953 0.61411756277084350586 2.1546552181243896484 2.0379469394683837891 0.75349193811416625977 1.4981763362884521484 0.088004551827907562256 0.82735604047775268555 -0.8022606968879699707 -0.83977806568145751953 -1.0166202783584594727 -0.10781603306531906128 1.3663954734802246094 -0.35731011629104614258 1.1762404441833496094 1.1560713052749633789
0.019151816144585609436 -0.29208305478096008301 0.80049026012420654297 0.83424723148345947266 -1.1014006137847900391 -1.2535232305526733398 0.8303375244140625 1.9227576255798339844 0.80047565698623657227 1.0491688251495361328 0.90187776088714599609 -0.11987181007862091064 1.070425868034362793 -1.4196050167083740234 0.56299644708633422852 -0.16762542724609375 -1.4318742752075195312 -0.084322452545166015625 0.89548754692077636719 -1.3712717294692993164 1.8321257829666137695 0.8838393092155456543 -1.1529968976974487305 -1.0628267526626586914 1.7474181652069091797 0.69373977184295654297 2.1313061714172363281 -1.1363509893417358398 -1.2530081272125244141 1.7405498027801513672 -1.452780604362487793 -0.091032877564430236816 0.58743292093276977539 1.5401800870895385742 1.4045406579971313477 1.5103013515472412109 1.3313121795654296875 0.58685410022735595703 -1.2134733200073242188 1.3311688899993896484
2.3977396488189697266 0.010958412662148475647 2.4954636096954345703 2.5975496768951416016 -0.31899231672286987305 0.87360644340515136719 2.0116496086120605469 2.1389222145080566406 -1.1349773406982421875 2.1581630706787109375 -0.95952552556991577148 -1.078304290771484375 -1.1217892169952392578 1.7934091091156005859 1.7445554733276367188 0.85642737150192260742 0.55801218748092651367 -0.14336496591567993164 -1.024468541145324707 -0.93780195713043212891 0.49708902835845947266 -1.4169828891754150391 -1.4058204889297485352 0.44759553670883178711 -1.1357303857803344727 1.9859082698822021484 0.78157645463943481445 0.87957972288131713867 1.4429062604904174805 -1.3799871206283569336 0.39563095569610595703 -0.11145506054162979126 -0.44413548707962036133 -0.4989261925220489502 -1.2880944013595581055 1.4344851970672607422 1.3009325265884399414 1.3985803127288818359 -1.5478690862655639648 -0.5745512843132019043
-0.21468058228492736816 1.2721586227416992188 1.9435610771179199219 -0.29111778736114501953 0.75775450468063354492 0.7125937342643737793 1.9304225444793701172 -0.2536697089672088623 -0.15442104637622833252 1.4172953367233276367 -1.0937033891677856445 2.2331213951110839844 -0.1761872023344039917 0.31338149309158325195 1.8359856605529785156 0.73553001880645751953 0.78971779346466064453 0.92133724689483642578 1.3513293266296386719 -0.27445513010025024414 1.893421173095703125 -0.077118851244449615479 -0.36313229799270629883 -1.3247764110565185547 -0.24173314869403839111 1.8505240678787231445 0.69320356845855712891 1.5421423912048339844 1.5123124122619628906 1.3386358022689819336 -0.46403610706329345703 1.526549220085144043 -1.2385578155517578125 1.3488277196884155273 1.41394805908203125 0.31282806396484375 -0.024157159030437469482 1.0964465141296386719 0.49202555418014526367 -0.4762420952320098877
0.79161304235458374023 0.82989341020584106445 0.46631523966789245605 -0.35487949848175048828 -0.28407126665115356445 -0.24124427139759063721 -0.20480710268020629883 0.58576750755310058594 0.81442493200302124023 -0.27296397089958190918 0.50141233205795288086 -0.061385739594697952271 0.9035733342170715332 -0.10204850137233734131 1.1829800605773925781 0.7821178436279296875 2.0554835796356201172 -1.2592765092849731445 -0.36266794800758361816 0.72951287031173706055 1.7229645252227783203 0.91985684633255004883 1.3851281404495239258 1.7341371774673461914 -1.2410473823547363281 -1.1926474571228027344 -1.5115541219711303711 1.6536645889282226562 -1.2510943412780761719 0.82300007343292236328 -0.34637451171875 1.2975637912750244141 1.1932632923126220703 1.5390137434005737305 1.2203110456466674805 1.5016191005706787109 1.2730572223663330078 -1.4959053993225097656 -0.4824059605598449707 0.1724901348352432251
1.0390079021453857422 2.2241113185882568359 -1.3855721950531005859 -1.3872045278549194336 -1.5434421300888061523 2.2976763248443603516 -0.1946620643138885498 -0.31098309159278869629 -1.4535763263702392578 -1.4389259815216064453 2.1781926155090332031 -0.27674844861030578613 0.6500313878059387207 -0.35624411702156066895 -0.30498662590980529785 -0.21133117377758026123 0.65308731794357299805 -1.4452494382858276367 -0.33687156438827514648 1.0310420989990234375 0.39493766427040100098 0.82023209333419799805 1.1520268917083740234 -1.2474139928817749023 1.5366981029510498047 0.26681303977966308594 0.26156666874885559082 1.5652426481246948242 1.5560715198516845703 -0.43977648019790649414 -1.2605121135711669922 1.2893552780151367188 0.33835804462432861328 -1.3615401983261108398 -0.55210822820663452148 -0.48749870061874389648 1.0868307352066040039 0.49426895380020141602 -1.6558693647384643555 0.71997380256652832031
