layers/total_precipitation.asc
ncols        290
nrows        290
xllcorner    68.000000000000
yllcorner    8.000000000000
cellsize     0.100000000000
NODATA_value -9999
[rows 162 to 179 of 290, columns 200 to 239 of 290]
0.50451147556304931641 -0.32105308771133422852 1.9013365507125854492 -0.4270311892032623291 -0.60640299320220947266 0.54291486740112304688 1.3340550661087036133 1.8326822519302368164 -0.66260886192321777344 -0.66177725791931152344 0.34416812658309936523 -0.65850335359573364258 -0.62140733003616333008 -0.43095698952674865723 0.92973232269287109375 -0.44044592976570129395 -0.10855892300605773926 -0.084537304937839508057 0.30750358104705810547 1.3489867448806762695 -0.23591731488704681396 1.4747661352157592773 0.49336639046669006348 0.26225429773330688477 1.6293102502822875977 0.80003988742828369141 0.44312816858291625977 1.3959044218063354492 -0.63503611087799072266 0.39919972419738769531 1.2125196456909179688 -0.61894899606704711914 1.8122643232345581055 1.7114291191101074219 -0.11623864620923995972 0.8714510798454284668 0.79659330844879150391 -0.66003262996673583984 0.73107600212097167969 -0.60097151994705200195
1.3097722530364990234 2.4881534576416015625 -0.059511505067348480225 -0.64451849460601806641 -0.66450905799865722656 0.095560409128665924072 -0.5722134709358215332 -0.31830117106437683105 -0.23360233008861541748 -0.66222095489501953125 0.072631247341632843018 1.2064325809478759766 0.95582020282745361328 1.1083132028579711914 1.0545361042022705078 -0.40119689702987670898 -0.62956088781356811523 -0.53233420848846435547 0.93165010213851928711 1.0856468677520751953 -0.6345660090446472168 0.82584106922149658203 -0.32023096084594726562 1.7085219621658325195 0.81362241506576538086 -0.64622998237609863281 1.3903913497924804688 1.4990395307540893555 -0.083772428333759307861 1.2500159740447998047 -0.6429080963134765625 1.1606595516204833984 -0.65545022487640380859 -0.5035190582275390625 0.86834639310836791992 1.4410866498947143555 0.46853974461555480957 -0.63298338651657104492 0.25929224491119384766 0.073438972234725952148
-0.42594373226165771484 0.96736174821853637695 0.79536741971969604492 -0.61993205547332763672 -0.64696651697158813477 -0.66427838802337646484 -0.29738304018974304199 0.77117908000946044922 -0.4988040924072265625 -0.38883179426193237305 -0.56605869531631469727 -0.66023647785186767578 1.7985849380493164062 -0.63690078258514404297 0.904087066650390625 0.52522939443588256836 1.1958550214767456055 1.6945111751556396484 0.57535028457641601562 0.28270393610000610352 -0.34287935495376586914 -0.6391207575798034668 1.4934386014938354492 2.3607478141784667969 -0.65848356485366821289 0.92047518491744995117 0.46591466665267944336 -0.48362010717391967773 0.89571267366409301758 -0.66170138120651245117 -0.22049298882484436035 -0.60597032308578491211 -0.28309637308120727539 -0.61810064315795898438 -0.61944359540939331055 -0.37737447023391723633 0.23233173787593841553 0.50222355127334594727 0.77885800600051879883 0.26004248857498168945
-0.66119545698165893555 -0.50373870134353637695 0.50962793827056884766 -0.66129970550537109375 1.3260315656661987305 -0.15780957043170928955 -0.47130656242370605469 -0.35404559969902038574 1.6244817972183227539 -0.087697088718414306641 0.42654600739479064941 1.6285803318023681641 -0.55321502685546875 0.83813893795013427734 0.027947479858994483948 -0.48868456482887268066 -0.46798074245452880859 -0.5984706878662109375 0.49960109591484069824 0.12750974297523498535 1.0155305862426757812 -0.3661517798900604248 1.6893682479858398438 -0.40099391341209411621 -0.4122378230094909668 0.75597667694091796875 -0.66106629371643066406 -0.65565317869186401367 1.6856031417846679688 0.81876760721206665039 -0.057269591838121414185 0.73806053400039672852 2.7733166217803955078 -0.55650687217712402344 0.18689733743667602539 0.74185633659362792969 2.1473624706268310547 0.95407068729400634766 0.91426950693130493164 -0.52110499143600463867
0.50806814432144165039 -0.19283749163150787354 -0.66208845376968383789 -0.65583944320678710938 -0.37214171886444091797 1.8523911237716674805 -0.64238709211349487305 0.54507452249526977539 0.76592427492141723633 -0.16093270480632781982 -0.66097873449325561523 0.11106678098440170288 1.6044546365737915039 0.093747757375240325928 -0.41264602541923522949 0.99211210012435913086 -0.51619344949722290039 0.91745889186859130859 -0.38088116049766540527 0.65410757064819335938 -0.42943495512008666992 -0.60657328367233276367 -0.59909147024154663086 0.85617220401763916016 0.80514121055603027344 -0.62059903144836425781 2.0551648139953613281 -0.59076386690139770508 1.4546276330947875977 -0.27829483151435852051 1.4689877033233642578 1.9575520753860473633 0.64294016361236572266 0.29940694570541381836 0.27889081835746765137 -0.41918194293975830078 -0.36760315299034118652 -0.51988047361373901367 1.1359246969223022461 1.7375011444091796875
-0.64839261770248413086 -0.3181012272834777832 1.4339263439178466797 1.6381250619888305664 -0.65443557500839233398 -0.38589653372764587402 -0.66245019435882568359 0.53550416231155395508 -0.21196807920932769775 -0.66140949726104736328 0.70323586463928222656 1.7063535451889038086 1.7274512052536010742 -0.58572965860366821289 -0.63083249330520629883 -0.60718256235122680664 -0.66283494234085083008 -0.52225512266159057617 1.3845148086547851562 0.62753373384475708008 1.6530334949493408203 -0.66138184070587158203 1.8902046680450439453 0.51584619283676147461 -0.44526574015617370605 0.43479737639427185059 -0.38373297452926635742 1.3978830575942993164 -0.66289478540420532227 0.90547746419906616211 -0.64062541723251342773 2.1367082595825195312 0.10699342191219329834 -0.63875180482864379883 -0.41444736719131469727 2.4448883533477783203 -0.23202855885028839111 -0.62437903881072998047 1.4852859973907470703 -0.33202219009399414062
-0.6588656306266784668 0.43146112561225891113 0.62432634830474853516 -0.44039878249168395996 0.28341892361640930176 -0.16796644032001495361 -0.21034720540046691895 1.4215577840805053711 1.2470700740814208984 2.0808398723602294922 -0.41575196385383605957 0.83684289455413818359 -0.66064435243606567383 -0.63165843486785888672 0.28719946742057800293 0.76682364940643310547 1.2939267158508300781 -0.53479522466659545898 1.9274477958679199219 -0.65584516525268554688 1.3812886476516723633 2.3694403171539306641 -0.32343575358390808105 1.8055740594863891602 -0.65245002508163452148 1.6751675605773925781 1.8503285646438598633 1.5713437795639038086 2.9394876956939697266 1.8432732820510864258 -0.51042193174362182617 3.1694407463073730469 -0.13024848699569702148 2.8098669052124023438 1.5703271627426147461 -0.29535907506942749023 2.1928157806396484375 0.43120732903480529785 -0.46099814772605895996 1.9740819931030273438
0.5444781184196472168 0.019473616033792495728 0.66187596321105957031 1.5909090042114257812 0.2353331446647644043 -0.66288650035858154297 0.81254392862319946289 -0.66221845149993896484 0.39987355470657348633 0.73340183496475219727 2.0426666736602783203 0.51855617761611938477 -0.64427292346954345703 1.3135020732879638672 1.9102441072463989258 0.77707976102828979492 -0.48525947332382202148 0.46995329856872558594 -0.38353931903839111328 0.97459900379180908203 -0.5975354313850402832 -0.53558623790740966797 2.2740709781646728516 -0.64415919780731201172 1.3975957632064819336 -0.53942966461181640625 -0.42629250884056091309 -0.31198623776435852051 0.35573861002922058105 0.97447115182876586914 0.87955141067504882812 -0.65586459636688232422 3.6120274066925048828 -0.65873497724533081055 2.6324608325958251953 3.1408371925354003906 -0.44660666584968566895 -0.14782093465328216553 0.57184135913848876953 0.0027367679867893457413
-0.45981439948081970215 -0.54122090339660644531 1.1285538673400878906 2.2539381980895996094 -0.65648680925369262695 -0.29559215903282165527 0.024201396852731704712 -0.24469652771949768066 -0.22702418267726898193 -0.0037302423734217882156 -0.52739471197128295898 -0.39964690804481506348 -0.44244015216827392578 -0.65468686819076538086 0.45677283406257629395 0.98235666751861572266 1.4760212898254394531 0.58952212333679199219 0.87582987546920776367 1.7404921054840087891 0.63495337963104248047 -0.17051617801189422607 1.2786077260971069336 2.486980438232421875 3.0673367977142333984 1.6176156997680664062 -0.64478331804275512695 2.0250327587127685547 0.93249899148941040039 2.3525736331939697266 2.4050724506378173828 -0.64914542436599731445 1.1061215400695800781 1.0448300838470458984 -0.63404333591461181641 -0.41311052441596984863 -0.54194438457489013672 3.7206349372863769531 -0.51884406805038452148 1.5547105073928833008
-0.64087927341461181641 0.8109118342399597168 0.18226416409015655518 1.2148348093032836914 0.74839371442794799805 2.98509979248046875 -0.010310656391084194183 -0.65984499454498291016 1.8343330621719360352 2.7670772075653076172 2.4678552150726318359 1.69207763671875 -0.53096431493759155273 1.245859980583190918 1.1406493186950683594 0.89667934179306030273 0.42862862348556518555 1.9169716835021972656 -0.57984638214111328125 0.39217385649681091309 -0.56686586141586303711 0.66104882955551147461 -0.64241689443588256836 0.57189702987670898438 2.7542357444763183594 -0.46422439813613891602 -0.46422997117042541504 -0.64291179180145263672 -0.54829365015029907227 1.1090279817581176758 3.2621426582336425781 1.2897028923034667969 1.4225369691848754883 -0.6624361872673034668 3.7485857009887695312 5.1674838066101074219 0.59812617301940917969 5.3105831146240234375 -0.58176916837692260742 0.2181396782398223877
-0.55641353130340576172 1.5554254055023193359 2.2389278411865234375 -0.27463075518608093262 -0.65993809700012207031 0.84387242794036865234 0.81345599889755249023 1.2934569120407104492 -0.65595483779907226562 -0.072397284209728240967 -0.63633203506469726562 0.099837213754653930664 -0.66230297088623046875 1.1132923364639282227 -0.64465707540512084961 0.48324725031852722168 1.799100041389465332 -0.15235295891761779785 1.7605519294738769531 0.59506738185882568359 -0.62685620784759521484 0.77113103866577148438 -0.65697789192199707031 -0.61105293035507202148 0.69334709644317626953 0.94724106788635253906 0.98855644464492797852 3.1818218231201171875 -0.4974174201488494873 1.3287731409072875977 -0.58238673210144042969 -0.30988982319831848145 0.74222850799560546875 3.783538818359375 -0.40749207139015197754 -0.26334908604621887207 -0.65546840429306030273 0.044377762824296951294 1.6906847953796386719 -0.18781018257141113281
0.91296821832656860352 -0.5669155120849609375 -0.66055959463119506836 -0.57374250888824462891 -0.66057300567626953125 -0.0015110390959307551384 -0.21830339729785919189 -0.66065961122512817383 -0.66214996576309204102 -0.65958291292190551758 -0.6617386937141418457 0.2169980853796005249 0.54480218887329101562 -0.078318633139133453369 0.52957081794738769531 0.47295087575912475586 1.4780786037445068359 -0.51253551244735717773 -0.38497832417488098145 -0.45161941647529602051 0.70499449968338012695 0.61375665664672851562 0.85642641782760620117 1.8366235494613647461 2.6876273155212402344 -0.63270276784896850586 2.6488652229309082031 -0.59821414947509765625 -0.46785387396812438965 -0.65256232023239135742 0.86044025421142578125 -0.54036498069763183594 -0.47170650959014892578 -0.24550095200538635254 -0.60430878400802612305 3.6960687637329101562 1.2694853544235229492 -0.44757711887359619141 4.0242099761962890625 -0.38924291729927062988
-0.18786357343196868896 -0.095016457140445709229 -0.56409972906112670898 -0.27050405740737915039 -0.56747168302536010742 -0.65566235780715942383 -0.067820206284523010254 -0.64820760488510131836 -0.2422694861888885498 -0.65141344070434570312 2.2672212123870849609 1.377621769905090332 0.80154836177825927734 -0.65444725751876831055 -0.45797526836395263672 0.26921132206916809082 0.23301590979099273682 0.15986277163028717041 -0.61389404535293579102 0.77018845081329345703 -0.64586317539215087891 1.5641237497329711914 -0.46801459789276123047 -0.54950219392776489258 0.71783024072647094727 -0.66144680976867675781 0.78105115890502929688 -0.45567557215690612793 2.3823893070220947266 -0.28758960962295532227 1.3351942300796508789 3.4470486640930175781 -0.60811269283294677734 3.4918262958526611328 -0.35208213329315185547 4.6517920494079589844 0.80117255449295043945 3.9608490467071533203 2.9251844882965087891 -0.35317972302436828613
-0.4134356081485748291 1.6143301725387573242 -0.66137498617172241211 -0.30641323328018188477 -0.074684567749500274658 0.4324868321418762207 0.045284565538167953491 2.3128709793090820312 -0.53056573867797851562 -0.65303337574005126953 1.0906113386154174805 0.67794126272201538086 0.65023791790008544922 -0.64106446504592895508 -0.65178114175796508789 0.58917021751403808594 0.53566050529479980469 0.19248464703559875488 -0.58596843481063842773 -0.61761307716369628906 -0.51648575067520141602 2.6864199638366699219 -0.54560148715972900391 -0.54743802547454833984 1.1068625450134277344 0.61128240823745727539 -0.5270748138427734375 0.32557100057601928711 -0.61541730165481567383 -0.65452235937118530273 3.2642323970794677734 5.022853851318359375 -0.23869493603706359863 3.6129958629608154297 -0.64157825708389282227 3.8731436729431152344 -0.63178151845932006836 1.4813598394393920898 0.028572941198945045471 -0.38607132434844970703
0.73884975910186767578 0.31381532549858093262 1.4590378999710083008 -0.65856826305389404297 -0.65967017412185668945 0.36851623654365539551 0.61176252365112304688 -0.040996305644512176514 -0.63058668375015258789 1.3773721456527709961 0.2615012824535369873 0.16887113451957702637 0.85676056146621704102 0.7885443568229675293 0.95519363880157470703 2.2469875812530517578 -0.48331567645072937012 1.9581737518310546875 -0.46454951167106628418 -0.66088443994522094727 1.152062535285949707 -0.59924179315567016602 1.4519561529159545898 2.1195416450500488281 -0.59605515003204345703 1.8086067438125610352 0.73178088665008544922 1.2162438631057739258 -0.60476207733154296875 -0.60955941677093505859 2.5765242576599121094 1.2314548492431640625 2.98101043701171875 3.5229947566986083984 1.3940294981002807617 4.3706274032592773438 0.49934738874435424805 -0.021400595083832740784 3.0529804229736328125 1.6585793495178222656
0.65965306758880615234 0.24218951165676116943 -0.44820699095726013184 3.07048797607421875 1.4421027898788452148 -0.65683186054229736328 -0.38275584578514099121 1.3670064210891723633 -0.16727502644062042236 -0.40726771950721740723 0.84152996540069580078 2.5007131099700927734 1.360970616340637207 0.98650801181793212891 0.62573987245559692383 2.1476662158966064453 1.3478307723999023438 -0.66189020872116088867 -0.64379107952117919922 -0.66262376308441162109 0.04322322458028793335 1.6799870729446411133 1.6335628032684326172 -0.34949079155921936035 2.1318774223327636719 3.5679421424865722656 3.6718714237213134766 -0.54152828454971313477 2.3587942123413085938 -0.3459301292896270752 -0.55722850561141967773 1.6563459634780883789 0.5706831812858581543 -0.18577341735363006592 5.2361779212951660156 0.12341589480638504028 3.3389754295349121094 0.078165583312511444092 -0.32095959782600402832 4.3587927818298339844
-0.62892639636993408203 1.6148543357849121094 0.46228945255279541016 -0.46145877242088317871 0.52847599983215332031 0.92986392974853515625 0.9520047307014465332 0.34434902667999267578 2.4353117942810058594 -0.63185822963714599609 0.97603154182434082031 -0.10948839038610458374 1.600567936897277832 -0.62251603603363037109 1.0100848674774169922 0.58502954244613647461 0.6375477910041809082 -0.2658240199089050293 1.2080551385879516602 -0.65112155675888061523 -0.23783932626247406006 -0.64250200986862182617 1.6723254919052124023 1.3460594415664672852 1.6224623918533325195 3.1787629127502441406 0.52502232789993286133 1.3670361042022705078 2.3133866786956787109 3.2008309364318847656 -0.30584853887557983398 3.6520166397094726562 -0.27421581745147705078 -0.33874332904815673828 3.9836282730102539062 -0.43503934144973754883 -0.25496146082878112793 -0.086526654660701751709 5.2010478973388671875 3.2796137332916259766
-0.59809672832489013672 1.5547968149185180664 -0.66320574283599853516 -0.036626495420932769775 2.9830348491668701172 1.3059771060943603516 0.57215392589569091797 -0.55243200063705444336 -0.66291564702987670898 1.3004337549209594727 -0.54714280366897583008 2.6850211620330810547 1.9858622550964355469 -0.51618611812591552734 -0.51528441905975341797 -0.34417200088500976562 3.3739724159240722656 -0.61676865816116333008 -0.50748485326766967773 3.0302698612213134766 -0.53409463167190551758 0.3191356956958770752 1.9317166805267333984 2.8970265388488769531 0.71607702970504760742 -0.60544031858444213867 -0.61618697643280029297 -0.62826132774353027344 1.0953295230865478516 2.0203211307525634766 1.7692149877548217773 2.218029022216796875 1.6940325498580932617 -0.49739554524421691895 4.5321855545043945312 -0.23059424757957458496 -0.45131143927574157715 2.5915520191192626953 -0.4193764030933380127 3.8648712635040283203
