layers/total_precipitation.asc
ncols        290
nrows        290
xllcorner    68.000000000000
yllcorner    8.000000000000
cellsize     0.100000000000
NODATA_value -9999
[rows 108 to 125 of 290, columns 40 to 79 of 290]
-9999 -9999 -9999 -9999 -9999 -9999 -9999 -9999 -9999 2.3908421993255615234 -0.31407010555267333984 -0.66445624828338623047 -0.6202850341796875 -0.66130542755126953125 0.39845800399780273438 2.8656222820281982422 0.4813963770866394043 -0.6395180821418762207 -0.6436074376106262207 -0.66421073675155639648 1.6083436012268066406 -0.65011447668075561523 -0.51353538036346435547 -0.65196567773818969727 -0.66456776857376098633 -0.47585695981979370117 -0.64315694570541381836 0.27886345982551574707 -0.60993808507919311523 -0.66409665346145629883 -0.6487191319465637207 -0.65887802839279174805 0.45277807116508483887 -0.66456663608551025391 -0.31194999814033508301 -0.66002142429351806641 -0.49639201164245605469 1.4567875862121582031 -0.45818665623664855957 -0.663848876953125
-9999 -9999 -9999 -9999 -9999 -9999 -9999 -9999 -9999 -9999 0.59359973669052124023 -0.57303470373153686523 6.3908858299255371094 -0.57650196552276611328 -0.66450762748718261719 1.3379491567611694336 1.0964697599411010742 4.225460052490234375 0.96399766206741333008 -0.66430103778839111328 0.18702341616153717041 0.23868170380592346191 -0.65011698007583618164 -0.38623127341270446777 0.47283199429512023926 -0.65102589130401611328 -0.65906691551208496094 -0.65437930822372436523 -0.65101987123489379883 -0.43746393918991088867 -0.60598409175872802734 -0.5003731846809387207 1.389981389045715332 -0.64430981874465942383 -0.43026995658874511719 -0.39988088607788085938 -0.16016088426113128662 -0.62554085254669189453 -0.61110758781433105469 -0.14904204010963439941
-9999 -9999 -9999 -9999 -9999 -9999 -9999 -9999 -9999 -0.60942351818084716797 6.2863435745239257812 -0.65980881452560424805 -0.66372328996658325195 -0.56055790185928344727 0.99846518039703369141 -0.61155545711517333984 -0.41181263327598571777 -0.65747225284576416016 2.8078072071075439453 -0.55596143007278442383 -0.63246864080429077148 0.58032280206680297852 -0.62568581104278564453 -0.63966155052185058594 -0.64003235101699829102 -0.66079944372177124023 -0.44180130958557128906 -0.63993173837661743164 0.31093487143516540527 0.32069095969200134277 0.51906186342239379883 0.52839541435241699219 0.79876446723937988281 -0.59144806861877441406 -0.59967851638793945312 0.43268185853958129883 -0.65770518779754638672 -0.58212691545486450195 -0.62236297130584716797 -0.52330285310745239258
-9999 -9999 -9999 -9999 -9999 -9999 -9999 -9999 -9999 -0.55841600894927978516 -0.66411483287811279297 0.29163178801536560059 -0.62322843074798583984 4.41353607177734375 2.7273466587066650391 -0.6285387873649597168 2.8555219173431396484 -0.55720490217208862305 -0.66325980424880981445 0.81690728664398193359 0.61411452293395996094 -0.65507674217224121094 -0.66435205936431884766 -0.66341388225555419922 -0.42451256513595581055 -0.5807094573974609375 -0.63611298799514770508 -0.62392967939376831055 -0.64042985439300537109 -0.64763593673706054688 -0.64108753204345703125 1.4411015510559082031 1.8149771690368652344 -0.1478878408670425415 -0.66097354888916015625 0.69024425745010375977 -0.60800468921661376953 -0.37762165069580078125 0.31188380718231201172 -0.65829443931579589844
-9999 -9999 -9999 -9999 -9999 -9999 -9999 -9999 0.003516011405736207962 6.1005215644836425781 3.4717082977294921875 3.435459136962890625 4.025646209716796875 3.4773838520050048828 -0.65960723161697387695 -0.63654553890228271484 1.7058014869689941406 4.3356366157531738281 3.8816668987274169922 2.879596710205078125 0.95235222578048706055 0.25093954801559448242 0.0092633897438645362854 0.02328734472393989563 0.24853859841823577881 -0.36408621072769165039 -0.4155552983283996582 -0.63814008235931396484 -0.49732360243797302246 -0.66321128606796264648 -0.39070585370063781738 1.5073034763336181641 -0.66060906648635864258 0.15365964174270629883 0.29736524820327758789 -0.50664466619491577148 1.4081367254257202148 -0.66241949796676635742 -0.58990269899368286133 -0.62504220008850097656
-9999 -9999 -9999 -9999 -9999 -9999 -9999 -9999 -9999 -0.65206247568130493164 -0.66249215602874755859 -0.66168218851089477539 4.342609405517578125 1.2423630952835083008 -0.66459774971008300781 5.5988445281982421875 -0.65481323003768920898 -0.55179709196090698242 -0.62080538272857666016 -0.49696758389472961426 -0.42523616552352905273 1.4722845554351806641 -0.64506703615188598633 -0.65584963560104370117 0.084265977144241333008 -0.63006228208541870117 -0.6529909968376159668 -0.4644495844841003418 -0.64297050237655639648 -0.65257984399795532227 0.64574384689331054688 -0.58112645149230957031 -0.66414076089859008789 0.016307190060615539551 -0.54868662357330322266 1.3136564493179321289 -0.63449651002883911133 -0.66130352020263671875 -0.66436362266540527344 -0.66421860456466674805
-9999 -9999 -9999 -9999 -9999 -9999 -9999 -9999 2.8779783248901367188 2.1584334373474121094 2.9076609611511230469 -0.64371305704116821289 -0.6358661651611328125 0.2034117579460144043 0.25694304704666137695 4.7362608909606933594 -0.37573993206024169922 -0.5964940190315246582 0.94314754009246826172 -0.64074993133544921875 0.75413990020751953125 -0.66413390636444091797 -0.46360293030738830566 -0.66078001260757446289 0.49886605143547058105 -0.66130071878433227539 0.66076189279556274414 -0.21471944451332092285 -0.26174676418304443359 -0.62456101179122924805 -0.38861352205276489258 1.5858118534088134766 -0.62567651271820068359 -0.65010851621627807617 -0.65507501363754272461 0.39804127812385559082 -0.66461998224258422852 0.75230050086975097656 1.3701677322387695312 -0.65363919734954833984
-9999 -9999 -9999 -9999 -9999 -9999 -9999 -9999 0.07195281982421875 0.096041113138198852539 3.9669022560119628906 -0.29567113518714904785 -0.60958993434906005859 2.1690893173217773438 7.0733237266540527344 0.2669823765754699707 1.6250486373901367188 -0.66433876752853393555 -0.50598478317260742188 -0.65078413486480712891 1.4475109577178955078 0.47880595922470092773 0.79331827163696289062 -0.66459494829177856445 0.18988806009292602539 0.65154302120208740234 -0.65072304010391235352 1.0545923709869384766 -0.41644155979156494141 -0.082627400755882263184 -0.66406995058059692383 -0.64142620563507080078 -0.60064810514450073242 -0.65795665979385375977 0.87081998586654663086 0.36413341760635375977 -0.42629286646842956543 -0.65096890926361083984 0.94297873973846435547 0.4280121922492980957
-9999 -9999 -9999 -9999 -9999 -9999 -9999 -0.66185402870178222656 -0.66173177957534790039 1.5957773923873901367 2.2499229907989501953 -0.63626825809478759766 -0.63909232616424560547 -0.65552741289138793945 6.7346434593200683594 -0.56495016813278198242 -0.66432207822799682617 2.7184636592864990234 1.2598900794982910156 -0.59014660120010375977 -0.66456639766693115234 -0.59715223312377929688 -0.66357582807540893555 -0.65327167510986328125 -0.076996989548206329346 -0.55599427223205566406 -0.54912817478179931641 0.63835805654525756836 -0.65525317192077636719 1.6629838943481445312 -0.54126244783401489258 -0.66456663608551025391 -0.66451501846313476562 -0.64514869451522827148 -0.60193878412246704102 -0.62842321395874023438 -0.66140353679656982422 -0.64592671394348144531 -0.61166787147521972656 -0.62433063983917236328
-9999 -9999 -9999 -9999 -9999 -9999 -9999 -9999 0.22097158432006835938 -0.66233193874359130859 -0.66448193788528442383 -0.66451036930084228516 2.8753786087036132812 -0.66457319259643554688 -0.48496228456497192383 1.3460021018981933594 1.1033741235733032227 -0.66459774971008300781 1.5489369630813598633 0.92888969182968139648 0.17293944954872131348 -0.62967884540557861328 -0.655780792236328125 -0.41716206073760986328 0.86225366592407226562 -0.66450941562652587891 0.18809026479721069336 -0.66163718700408935547 -0.65357488393783569336 0.25426128506660461426 1.303633570671081543 1.3599665164947509766 -0.63597768545150756836 0.33792844414710998535 0.58383107185363769531 -0.58322167396545410156 -0.66177725791931152344 0.078556768596172332764 0.53273105621337890625 -0.63216108083724975586
-9999 -9999 -9999 -9999 -9999 -9999 -9999 -9999 -0.65327739715576171875 2.1984460353851318359 0.043064318597316741943 0.86660248041152954102 -0.65469592809677124023 -0.60012608766555786133 -0.63706529140472412109 -0.056591335684061050415 -0.48022568225860595703 -0.66401439905166625977 -0.61155140399932861328 -0.61457943916320800781 -0.65781480073928833008 -0.61323630809783935547 -0.64507782459259033203 -0.64578068256378173828 -0.63935089111328125 1.2667661905288696289 0.44842216372489929199 0.45526331663131713867 -0.66178309917449951172 -0.66458165645599365234 -0.54208636283874511719 -0.64411365985870361328 -0.13784503936767578125 1.4127844572067260742 -0.65190070867538452148 -0.66028505563735961914 -0.6207167506217956543 -0.61722987890243530273 0.50813978910446166992 -0.61109822988510131836
-9999 -9999 -9999 -9999 -9999 -9999 -9999 1.1253843307495117188 1.6094495058059692383 -0.50279277563095092773 -0.65360665321350097656 -0.44835054874420166016 -0.61964315176010131836 5.1136302947998046875 -0.65557134151458740234 -0.64576923847198486328 -0.61209177970886230469 -0.097867980599403381348 1.4207681417465209961 -0.62442290782928466797 -0.045804318040609359741 0.55238884687423706055 -0.66369932889938354492 -0.54373437166213989258 -0.61424112319946289062 -0.48545438051223754883 -0.63551962375640869141 -0.6514924168586730957 -0.65662246942520141602 0.31809291243553161621 -0.65997534990310668945 -0.60706496238708496094 0.62041354179382324219 -0.55128318071365356445 -0.59259748458862304688 -0.65718412399291992188 0.85730117559432983398 -0.66416913270950317383 -0.66447424888610839844 -0.66446226835250854492
-9999 -9999 -9999 -9999 -9999 -9999 -9999 -0.30563265085220336914 -0.65431034564971923828 2.8510589599609375 -0.49659079313278198242 -0.52083313465118408203 1.9517550468444824219 -0.66461998224258422852 2.8260481357574462891 -0.59919714927673339844 -0.66419219970703125 -0.35691720247268676758 1.1982989311218261719 0.22226870059967041016 0.3674729466438293457 -0.66457474231719970703 -0.63756090402603149414 -0.4884204864501953125 -0.32399594783782958984 -0.60197722911834716797 -0.4824199378490447998 -0.66365349292755126953 1.1385310888290405273 -0.63381350040435791016 -0.57651525735855102539 -0.64726614952087402344 -0.61188977956771850586 0.87974417209625244141 -0.50325870513916015625 -0.66298353672027587891 -0.16683281958103179932 -0.45372807979583740234 -0.61563706398010253906 0.89535772800445556641
-9999 -9999 -9999 -9999 -9999 -9999 -9999 -9999 -0.63781398534774780273 -0.66450899839401245117 -0.63904243707656860352 1.5494729280471801758 2.2173326015472412109 -0.59662348031997680664 -0.66107946634292602539 -0.27538961172103881836 -0.64922314882278442383 0.71300584077835083008 -0.66418868303298950195 0.58009964227676391602 -0.65969377756118774414 -0.65482920408248901367 -0.66431725025177001953 -0.66448128223419189453 -0.49471706151962280273 1.8588538169860839844 -0.65130144357681274414 -0.66453862190246582031 -0.64912968873977661133 -0.66461998224258422852 -0.011383224278688430786 -0.59696358442306518555 0.73323458433151245117 -0.65364831686019897461 -0.6430670619010925293 -0.50038349628448486328 0.86471921205520629883 -0.66433852910995483398 1.3548592329025268555 0.92946887016296386719
-9999 -9999 -9999 -9999 -9999 -9999 -9999 -9999 -0.65918421745300292969 1.3477427959442138672 5.1467976570129394531 1.8027951717376708984 -0.65905511379241943359 -0.64377492666244506836 -0.21465605497360229492 3.6027588844299316406 -0.25254893302917480469 -0.55919033288955688477 2.4029998779296875 -0.031956810504198074341 1.5187932252883911133 -0.66390603780746459961 0.89447927474975585938 -0.60510200262069702148 -0.65952759981155395508 0.5948498845100402832 0.99051523208618164062 0.19122850894927978516 0.63647854328155517578 0.24783907830715179443 -0.56362473964691162109 1.2788522243499755859 -0.44352838397026062012 -0.60910248756408691406 -0.63020670413970947266 -0.63229691982269287109 0.99927431344985961914 -0.51038599014282226562 1.8196177482604980469 -0.66335856914520263672
-9999 -9999 -9999 -9999 -9999 -9999 -9999 -9999 -0.42758402228355407715 -0.47938805818557739258 5.127956390380859375 -0.65025907754898071289 -0.66428387165069580078 -0.66456085443496704102 -0.64909529685974121094 -0.63712000846862792969 -0.66261112689971923828 0.75391846895217895508 -0.66148436069488525391 1.8849710226058959961 -0.65713018178939819336 -0.62937456369400024414 -0.65701705217361450195 -0.13599304854869842529 -0.38379329442977905273 -0.66457056999206542969 0.72723186016082763672 1.3864321708679199219 1.2377616167068481445 1.5194313526153564453 -0.64523607492446899414 -0.64653694629669189453 -0.66444975137710571289 1.2407878637313842773 1.7525371313095092773 1.1913938522338867188 0.13896819949150085449 -0.63011455535888671875 -0.51819533109664916992 0.23695015907287597656
-9999 -9999 -9999 -9999 -9999 -9999 -9999 -9999 -9999 -0.66255170106887817383 -0.62869381904602050781 -0.4909006953239440918 -0.64812219142913818359 -0.50201880931854248047 -0.66414666175842285156 -0.64107882976531982422 1.2650098800659179688 -0.66186785697937011719 -0.36146575212478637695 0.24071404337882995605 1.6472980976104736328 -0.66324502229690551758 0.64275330305099487305 -0.66449791193008422852 0.89057528972625732422 0.36894285678863525391 -0.66250795125961303711 0.20667956769466400146 -0.64063054323196411133 -0.53534817695617675781 0.029756786301732063293 -0.63923847675323486328 1.7545940876007080078 -0.65861588716506958008 -0.55244523286819458008 -0.65858447551727294922 -0.44815009832382202148 -0.66452491283416748047 -0.66409677267074584961 1.1119931936264038086
-9999 -9999 -9999 -9999 -9999 -9999 -9999 -9999 -9999 -0.6568737030029296875 4.3179917335510253906 -0.62744414806365966797 0.11635042726993560791 0.85472917556762695312 3.0504598617553710938 3.4584767818450927734 -0.56733375787734985352 -0.58897310495376586914 1.1501131057739257812 -0.66461998224258422852 1.884919285774230957 -0.25549644231796264648 -0.068228192627429962158 0.76826447248458862305 -0.66450411081314086914 -0.53348600864410400391 -0.65666800737380981445 -0.66425055265426635742 -0.63155758380889892578 -0.66179281473159790039 -0.66171550750732421875 -0.66425609588623046875 -0.65968567132949829102 0.94017595052719116211 -0.65989542007446289062 -0.33404043316841125488 -0.56769597530364990234 -0.58069640398025512695 -0.32085424661636352539 1.9890360832214355469
