layers/total_precipitation.asc
ncols        290
nrows        290
xllcorner    68.000000000000
yllcorner    8.000000000000
cellsize     0.100000000000
NODATA_value -9999
[rows 180 to 197 of 290, columns 120 to 159 of 290]
0.55835723876953125 -0.19914941489696502686 -0.63588583469390869141 0.64650440216064453125 -0.66220641136169433594 1.3818643093109130859 -0.29996341466903686523 1.3407915830612182617 1.252901911735534668 -0.65555560588836669922 -0.65165156126022338867 0.63786268234252929688 1.1660143136978149414 1.4544603824615478516 -0.57406926155090332031 -0.55316919088363647461 -0.2532570958137512207 -0.058558940887451171875 0.013005738146603107452 -0.64178496599197387695 0.802959442138671875 0.94164967536926269531 -0.54242628812789916992 -0.62084281444549560547 -0.57271635532379150391 -0.46709638833999633789 -0.57221072912216186523 0.072146460413932800293 -0.6363156437873840332 -0.53369051218032836914 1.8620400428771972656 -0.39618352055549621582 -0.28905531764030456543 0.56361091136932373047 -0.59914404153823852539 -0.55083072185516357422 -0.6507142186164855957 -0.65075469017028808594 -0.66432422399520874023 -0.57136303186416625977
-0.59492474794387817383 -0.64648938179016113281 -0.27389627695083618164 -0.53799289464950561523 0.89421862363815307617 -0.66086584329605102539 -0.58972728252410888672 -0.64942491054534912109 0.49792313575744628906 -0.48103767633438110352 0.56346929073333740234 0.52357304096221923828 -0.50451862812042236328 -0.64757066965103149414 -0.38289716839790344238 -0.6308072209358215332 -0.2699222266674041748 0.23084472119808197021 1.7121585607528686523 -0.66449338197708129883 -0.66061729192733764648 0.012846833094954490662 -0.57825714349746704102 -0.66189408302307128906 -0.62140679359436035156 -0.65433925390243530273 -0.66044121980667114258 -0.65026164054870605469 -0.65528070926666259766 1.0576376914978027344 -0.077922761440277099609 -0.29993522167205810547 -0.4861151278018951416 -0.66359782218933105469 0.43475845456123352051 -0.66385787725448608398 -0.66415381431579589844 2.0510573387145996094 2.0366852283477783203 -0.59933286905288696289
-0.65818887948989868164 -0.6578095555305480957 1.1780992746353149414 -0.60116118192672729492 -0.04114470258355140686 -0.631427764892578125 -0.48987188935279846191 1.3729630708694458008 -0.50164693593978881836 -0.45288416743278503418 -0.12589670717716217041 -0.65761005878448486328 -0.48685321211814880371 -0.65252804756164550781 -0.63698899745941162109 1.1344523429870605469 -0.66451036930084228516 -0.23134036362171173096 -0.50554293394088745117 -0.28634792566299438477 -0.63107258081436157227 -0.65267431735992431641 -0.23896087706089019775 -0.49700057506561279297 1.0965198278427124023 -0.65704399347305297852 -0.4765707552433013916 1.3846707344055175781 -0.32243552803993225098 0.71693170070648193359 -0.33935558795928955078 -0.30050483345985412598 -0.66394126415252685547 -0.56948077678680419922 -0.29826322197914123535 1.1548213958740234375 0.84731429815292358398 0.65522009134292602539 -0.55191951990127563477 -0.64692848920822143555
-0.65231859683990478516 0.85825759172439575195 -0.15951141715049743652 0.74507069587707519531 -0.59548169374465942383 1.3220188617706298828 -0.64723825454711914062 0.16756081581115722656 -0.57585197687149047852 -0.66441285610198974609 -0.51575797796249389648 -0.45530843734741210938 -0.64302855730056762695 -0.095356583595275878906 -0.49797728657722473145 -0.085103757679462432861 -0.51382297277450561523 -0.44839045405387878418 0.84041589498519897461 -0.16850484907627105713 -0.66448646783828735352 -0.40872970223426818848 -0.37191474437713623047 -0.64699786901473999023 -0.65065485239028930664 -0.37277257442474365234 -0.58349215984344482422 1.0041660070419311523 -0.5343227386474609375 1.0137829780578613281 1.5740464925765991211 -0.5539067387580871582 -0.60157150030136108398 -0.55355608463287353516 -0.64325565099716186523 -0.66424781084060668945 0.84464800357818603516 -0.56581139564514160156 -0.33340352773666381836 0.59102809429168701172
-0.65798795223236083984 -0.35061100125312805176 -0.45018169283866882324 -0.60234808921813964844 1.222591400146484375 -0.41832184791564941406 -0.61727070808410644531 -0.63111490011215209961 1.3269888162612915039 -0.49646291136741638184 -0.51177936792373657227 -0.47758078575134277344 0.58036637306213378906 1.5014889240264892578 0.25924882292747497559 1.1524872779846191406 0.27299767732620239258 -0.068710513412952423096 -0.44541072845458984375 0.35900163650512695312 -0.32312127947807312012 -0.39997342228889465332 -0.27379068732261657715 2.1897466182708740234 -0.66451036930084228516 -0.45877149701118469238 -0.56897062063217163086 -0.34088861942291259766 -0.65050733089447021484 -0.65818488597869873047 1.0925612449645996094 -0.31321445107460021973 -0.66447198390960693359 0.71987920999526977539 -0.039648693054914474487 1.8226493597030639648 0.9046757817268371582 1.2256360054016113281 0.86391949653625488281 -0.54436552524566650391
-0.30328205227851867676 -0.13470482826232910156 -0.46851208806037902832 -0.092058300971984863281 -0.60520958900451660156 0.611339569091796875 -0.64684307575225830078 1.2698732614517211914 -0.47456973791122436523 -0.63613885641098022461 0.41065999865531921387 -0.65568655729293823242 -0.65543645620346069336 -0.54278254508972167969 -0.62521517276763916016 -0.63407278060913085938 -0.63777017593383789062 2.3164958953857421875 0.63394749164581298828 -0.086345091462135314941 -0.4090156853199005127 0.32312664389610290527 2.8940343856811523438 -0.66442114114761352539 -0.62900727987289428711 2.8149366378784179688 -0.58589410781860351562 -0.61393243074417114258 -0.35185259580612182617 -0.28484624624252319336 -0.61085242033004760742 1.4749951362609863281 -0.64041650295257568359 1.3809343576431274414 -0.53179907798767089844 -0.66402965784072875977 -0.51174592971801757812 -0.66001433134078979492 -0.66413962841033935547 -0.32125312089920043945
-0.6502215266227722168 -0.55005347728729248047 -0.26455989480018615723 -0.12982217967510223389 0.8909537196159362793 0.43089187145233154297 -0.088367745280265808105 -0.66451036930084228516 1.0296844244003295898 1.3584045171737670898 0.31769764423370361328 -0.37885081768035888672 -0.48895946145057678223 -0.62096095085144042969 0.78203439712524414062 -0.66451036930084228516 0.53964173793792724609 1.2687010765075683594 -0.55996376276016235352 -0.39075955748558044434 -0.4278952479362487793 -0.30995067954063415527 -0.27926328778266906738 -0.65790671110153198242 -0.56508880853652954102 0.98412376642227172852 -0.22313612699508666992 -0.29951006174087524414 -0.63879036903381347656 -0.58924955129623413086 1.2477333545684814453 0.32074123620986938477 -0.077572651207447052002 1.392210841178894043 -0.26971173286437988281 1.109624028205871582 -0.54217314720153808594 -0.28719300031661987305 -0.28690105676651000977 -0.65910989046096801758
-0.63499671220779418945 -0.66370970010757446289 -0.49737751483917236328 -0.61479020118713378906 -0.094424687325954437256 0.66820573806762695312 -0.14871771633625030518 -0.17123411595821380615 0.50439745187759399414 0.039351101964712142944 0.18190805613994598389 1.4115827083587646484 -0.65086591243743896484 -0.24131856858730316162 -0.5695953369140625 -0.66352027654647827148 1.4302827119827270508 -0.56458699703216552734 1.3107025623321533203 -0.55872100591659545898 -0.56842577457427978516 -0.65724569559097290039 -0.65096724033355712891 -0.66462618112564086914 -0.25729316473007202148 -0.65486139059066772461 -0.64051038026809692383 -0.47292789816856384277 -0.10736439377069473267 -0.6644725799560546875 -0.61818253993988037109 1.279239654541015625 1.5694866180419921875 -0.65594542026519775391 -0.6490891575813293457 0.87667202949523925781 1.2339867353439331055 -0.46898958086967468262 -0.46299970149993896484 2.2980744838714599609
-0.63533878326416015625 0.78112542629241943359 -0.63681048154830932617 1.0706293582916259766 -0.66114586591720581055 -0.64034980535507202148 -0.13656263053417205811 -0.12544238567352294922 -0.66451036930084228516 0.73887503147125244141 1.2103034257888793945 -0.65567159652709960938 0.45681869983673095703 1.3795802593231201172 1.4046447277069091797 -0.56405103206634521484 -0.48142772912979125977 -0.63509887456893920898 1.7691117525100708008 -0.65907788276672363281 1.2793786525726318359 1.3996390104293823242 -0.65989106893539428711 0.4485073387622833252 -0.65381121635437011719 -0.66409951448440551758 -0.53292000293731689453 -0.54052001237869262695 -0.55037856101989746094 -0.66080391407012939453 -0.66411328315734863281 1.0557761192321777344 -0.22527499496936798096 -0.65324574708938598633 1.0713288784027099609 -0.52831149101257324219 2.8778843879699707031 -0.66120266914367675781 -0.46406090259552001953 0.72254616022109985352
-0.21876509487628936768 -0.46040111780166625977 -0.66171056032180786133 -0.60483860969543457031 -0.15563660860061645508 -0.59815496206283569336 0.62514841556549072266 -0.60685777664184570312 -0.64337182044982910156 -0.35523748397827148438 -0.32922613620758056641 -0.31847685575485229492 -0.65766948461532592773 1.3523743152618408203 -0.45636945962905883789 -0.58835136890411376953 -0.076979838311672210693 -0.66400158405303955078 1.4088100194931030273 -0.66337639093399047852 -0.552692413330078125 -0.66395574808120727539 -0.66424643993377685547 -0.40723130106925964355 -0.39086943864822387695 1.163233637809753418 1.5546861886978149414 -0.59517902135848999023 -0.66221970319747924805 -0.050186064094305038452 -0.66455674171447753906 -0.24316062033176422119 -0.54943811893463134766 0.5952885746955871582 0.71413660049438476562 -0.42428353428840637207 3.1000277996063232422 1.2441141605377197266 1.1447358131408691406 -0.46363463997840881348
0.56224954128265380859 -0.66337949037551879883 -0.57717531919479370117 0.67643409967422485352 0.49697899818420410156 0.73279875516891479492 -0.43572187423706054688 0.54293864965438842773 1.267810821533203125 0.97881960868835449219 -0.1351989060640335083 1.3374971151351928711 0.66774719953536987305 1.3673735857009887695 0.75479513406753540039 -0.65640455484390258789 1.3785016536712646484 1.3341878652572631836 0.43920156359672546387 0.40253534913063049316 -0.64935255050659179688 0.78877586126327514648 -0.64475244283676147461 -0.6459903717041015625 3.0083858966827392578 -0.65071439743041992188 -0.57077831029891967773 -0.43043276667594909668 -0.41390892863273620605 0.80786496400833129883 -0.65138608217239379883 -0.61340177059173583984 -0.42196291685104370117 1.0303550958633422852 2.0930199623107910156 -0.66174530982971191406 1.7111160755157470703 -0.15118056535720825195 -0.42834877967834472656 -0.41537329554557800293
0.67375648021697998047 -0.48313701152801513672 -0.51382881402969360352 -0.65965574979782104492 0.84723544120788574219 -0.65173989534378051758 -0.073548525571823120117 0.67420679330825805664 -0.522449493408203125 -0.53150969743728637695 -0.63952594995498657227 -0.55744022130966186523 0.80473291873931884766 -0.40703767538070678711 -0.45673111081123352051 -0.4159647524356842041 1.7547857761383056641 -0.44525837898254394531 -0.41504260897636413574 2.5649297237396240234 1.9654130935668945312 1.9686613082885742188 -0.66429919004440307617 -0.66456151008605957031 -0.22324053943157196045 -0.22439485788345336914 -0.65048372745513916016 -0.65819466114044189453 -0.55890214443206787109 1.3484518527984619141 -0.35523137450218200684 1.7400404214859008789 -0.64542859792709350586 -0.15291094779968261719 1.4307979345321655273 -0.62447714805603027344 -0.34302639961242675781 2.2797172069549560547 -0.64005327224731445312 -0.34858462214469909668
0.55999588966369628906 -0.57589352130889892578 -0.056347161531448364258 -0.66422516107559204102 0.82469022274017333984 -0.29058125615119934082 0.73098635673522949219 0.606952667236328125 0.65418642759323120117 -0.045609809458255767822 1.0135924816131591797 -0.60814237594604492188 -0.63842165470123291016 0.91034120321273803711 0.53444045782089233398 -0.57934182882308959961 -0.42256078124046325684 -0.6019967198371887207 -0.63008540868759155273 -0.6393197178840637207 -0.20876483619213104248 -0.63095510005950927734 -0.64357596635818481445 -0.44852837920188903809 -0.64803421497344970703 -0.65144783258438110352 -0.59415787458419799805 -0.57442957162857055664 -0.65823328495025634766 -0.55712938308715820312 0.97731202840805053711 0.25754877924919128418 -0.64235401153564453125 -0.5002987980842590332 -0.13058049976825714111 -0.6640300750732421875 -0.62230700254440307617 -0.59441357851028442383 -0.44704723358154296875 1.9287426471710205078
-0.64668101072311401367 0.16284966468811035156 1.4257138967514038086 1.4853080511093139648 -0.4932765960693359375 0.98881727457046508789 -0.080043107271194458008 1.0906500816345214844 1.2813653945922851562 -0.64097207784652709961 -0.57033759355545043945 -0.66423022747039794922 -0.66418856382369995117 -0.63754218816757202148 -0.47089391946792602539 -0.64416116476058959961 -0.5757796168327331543 -0.63139897584915161133 -0.60156738758087158203 -0.65675783157348632812 -0.33189353346824645996 -0.64644026756286621094 1.161623835563659668 1.2662388086318969727 2.6905050277709960938 2.5367639064788818359 -0.65078663825988769531 -0.3381557762622833252 0.1427869647741317749 0.26938062906265258789 0.077246621251106262207 -0.63919007778167724609 -0.46633794903755187988 3.5885460376739501953 2.0036005973815917969 2.0122296810150146484 0.73879617452621459961 -0.47774598002433776855 -0.43711084127426147461 -0.50069200992584228516
-0.10105455666780471802 -0.17422057688236236572 -0.13491176068782806396 0.74757170677185058594 -0.18841402232646942139 -0.60382634401321411133 -0.60630178451538085938 0.30040225386619567871 -0.66243886947631835938 -0.13151036202907562256 -0.66227036714553833008 1.0959743261337280273 0.88760745525360107422 -0.6631526947021484375 -0.65960979461669921875 0.64195835590362548828 -0.66387128829956054688 -0.63337266445159912109 -0.48702734708786010742 4.4050936698913574219 -0.48980000615119934082 -0.65988290309906005859 0.14761091768741607666 -0.56491667032241821289 -0.66445618867874145508 -0.66067987680435180664 -0.64186280965805053711 -0.66303956508636474609 -0.54842078685760498047 2.6564128398895263672 -0.63571637868881225586 -0.6627902984619140625 1.0438872575759887695 -0.087226450443267822266 1.6839156150817871094 1.1337494850158691406 -0.45341885089874267578 0.09811557084321975708 -0.58821147680282592773 -0.30350258946418762207
1.5968167781829833984 -0.24439013004302978516 -0.53774017095565795898 -0.45570749044418334961 -0.50950682163238525391 -0.4370594322681427002 1.4468019008636474609 -0.06260134279727935791 0.81575745344161987305 -0.41474947333335876465 -0.66453450918197631836 1.7312933206558227539 0.10042829066514968872 -0.6492150425910949707 -0.66358894109725952148 -0.6639029383659362793 0.81409215927124023438 -0.4314918816089630127 2.6827969551086425781 -0.42590305209159851074 -0.35025060176849365234 2.2350401878356933594 -0.46183961629867553711 4.4080638885498046875 -0.65626358985900878906 -0.39410951733589172363 -0.50011974573135375977 0.33647146821022033691 0.42659446597099304199 1.1814837455749511719 0.93402850627899169922 2.3744990825653076172 -0.62836629152297973633 0.14583100378513336182 3.2947661876678466797 -0.59543746709823608398 -0.62430143356323242188 3.3154587745666503906 1.4634804725646972656 -0.32384282350540161133
-0.66032290458679199219 -0.63322967290878295898 -0.44445207715034484863 -0.54154682159423828125 -0.66456645727157592773 0.73166418075561523438 -0.61571073532104492188 -0.36597228050231933594 -0.59759390354156494141 -0.65127134323120117188 -0.21405160427093505859 0.73469060659408569336 2.3820984363555908203 1.7553790807723999023 2.0246465206146240234 -0.4684658348560333252 2.3742086887359619141 -0.64975965023040771484 1.1769760847091674805 -0.65144354104995727539 -0.33882492780685424805 -0.66214174032211303711 0.17198263108730316162 -0.51846903562545776367 0.44972440600395202637 0.4978675544261932373 -0.64184343814849853516 0.5158329010009765625 1.0537767410278320312 -0.66003835201263427734 2.3869218826293945312 2.8397269248962402344 1.629719853401184082 -0.5493132472038269043 1.8259552717208862305 -0.61589485406875610352 -0.48203220963478088379 -0.14389850199222564697 -0.61880648136138916016 -0.56650280952453613281
-0.58294314146041870117 -0.66174829006195068359 1.1608432531356811523 -0.64365363121032714844 -0.63309621810913085938 -0.46247705817222595215 1.0955977439880371094 -0.66338461637496948242 -0.37958678603172302246 -0.65752184391021728516 1.3393664360046386719 -0.65772199630737304688 -0.12627117335796356201 -0.49285814166069030762 -0.15628151595592498779 0.70724320411682128906 -0.53957986831665039062 -0.5348040461540222168 -0.43715745210647583008 -0.65471875667572021484 0.56109988689422607422 -0.47251436114311218262 -0.51672023534774780273 -0.65917384624481201172 -0.66160851716995239258 0.31972581148147583008 -0.51139026880264282227 0.44627049565315246582 3.1271257400512695312 -0.56782579421997070312 1.2720841169357299805 -0.6514574885368347168 5.7029895782470703125 -0.51997458934783935547 1.1305661201477050781 -0.60987585783004760742 -0.3449122011661529541 4.0994715690612792969 1.8496663570404052734 1.7633610963821411133
