layers/total_precipitation.asc
ncols        290
nrows        290
xllcorner    68.000000000000
yllcorner    8.000000000000
cellsize     0.100000000000
NODATA_value -9999
[rows 216 to 233 of 290, columns 120 to 159 of 290]
2.1685986518859863281 -0.060775451362133026123 0.69089734554290771484 -0.21574459969997406006 -0.46816414594650268555 0.13580989837646484375 -0.51303040981292724609 -0.057115506380796432495 -0.20203489065170288086 0.85752367973327636719 -0.65582257509231567383 2.3201000690460205078 0.97912371158599853516 2.6528897285461425781 2.4397833347320556641 0.21387815475463867188 -0.25090235471725463867 0.11450773477554321289 -0.084182284772396087646 -0.00090615701628848910332 -0.62473833560943603516 -0.37349531054496765137 -0.17574368417263031006 2.1851980686187744141 -0.42110219597816467285 1.9284434318542480469 0.12916131317615509033 0.084027536213397979736 -0.33946317434310913086 -0.023516204208135604858 -0.31465375423431396484 0.43911775946617126465 -0.52725231647491455078 0.27546131610870361328 -0.19178377091884613037 -0.33325245976448059082 -0.65287917852401733398 -0.6627667546272277832 -0.66280984878540039062 0.81433618068695068359
1.5613553524017333984 0.86681205034255981445 0.16553290188312530518 -0.65814983844757080078 -0.65245968103408813477 -0.27438366413116455078 -0.64009970426559448242 0.095207951962947845459 -0.19544665515422821045 -0.29750412702560424805 -0.49357211589813232422 -0.3345794975757598877 -0.49199658632278442383 -0.38215517997741699219 -0.3675435483455657959 -0.16472151875495910645 2.1782705783843994141 -0.51792407035827636719 -0.11834570765495300293 0.023646835237741470337 0.062511548399925231934 -0.64240145683288574219 0.99648851156234741211 0.98154205083847045898 1.1808154582977294922 -0.63629698753356933594 -0.5420182347297668457 -0.059815984219312667847 0.95280396938323974609 -0.064288258552551269531 -0.30999496579170227051 -0.4944082796573638916 -0.55604839324951171875 -0.43381264805793762207 0.18040852248668670654 -0.52778536081314086914 -0.5952351689338684082 -0.62712746858596801758 0.9597523808479309082 -0.66276228427886962891
-0.10971015691757202148 -0.12776510417461395264 -0.48898732662200927734 -0.51455771923065185547 3.0044307708740234375 1.7800873517990112305 -0.5580692291259765625 0.1045396849513053894 1.7146162986755371094 1.4705920219421386719 2.3594460487365722656 -0.45428580045700073242 0.53979134559631347656 -0.19080401957035064697 -0.091369584202766418457 0.94025844335556030273 1.2297765016555786133 0.43635246157646179199 2.0666017532348632812 -0.4932231903076171875 0.68242967128753662109 -0.57948982715606689453 1.6634480953216552734 0.041913948953151702881 0.07156241685152053833 0.21523040533065795898 -0.39727488160133361816 -0.49467015266418457031 -0.48774793744087219238 -0.12820604443550109863 0.17547273635864257812 0.15365321934223175049 -0.5318120121955871582 -0.62455219030380249023 -0.57907581329345703125 0.3373120427131652832 -0.55361449718475341797 0.34101104736328125 0.25374183058738708496 -0.63209384679794311523
0.1636184006929397583 -0.48333367705345153809 -0.5426667332649230957 0.39213678240776062012 1.1654831171035766602 4.3172516822814941406 -0.63053804636001586914 3.9614465236663818359 3.5448832511901855469 -0.036737296730279922485 -0.14214064180850982666 -0.22811836004257202148 -0.3412418067455291748 -0.12598396837711334229 -0.51829928159713745117 -0.27394950389862060547 2.0680336952209472656 1.7375078201293945312 0.43417713046073913574 1.9854376316070556641 1.9247266054153442383 0.39193445444107055664 -0.16506828367710113525 0.38158059120178222656 0.24170324206352233887 0.092862747609615325928 -0.26597818732261657715 -0.46062949299812316895 -0.23395669460296630859 -0.59956282377243041992 -0.2560590207576751709 -0.63023489713668823242 0.1634591519832611084 -0.60641872882843017578 -0.66086167097091674805 -0.6266377568244934082 -0.66139799356460571289 0.28550952672958374023 -0.5692641139030456543 0.037898857146501541138
0.49781304597854614258 3.9929854869842529297 -0.16058494150638580322 -0.081432141363620758057 0.8253631591796875 0.047177273780107498169 1.0474036931991577148 -0.10043834149837493896 0.84445071220397949219 0.68860530853271484375 -0.33559277653694152832 0.12876152992248535156 -0.29861298203468322754 -0.14546032249927520752 -0.56674146652221679688 -0.50398916006088256836 1.8066275119781494141 0.15186965465545654297 0.908855438232421875 -0.10335316509008407593 0.28786513209342956543 -0.074381910264492034912 0.00035288496292196214199 -0.6356938481330871582 -0.38797050714492797852 -0.28692799806594848633 -0.43186330795288085938 -0.58126085996627807617 -0.48845729231834411621 -0.28356245160102844238 -0.40996468067169189453 -0.57860839366912841797 -0.63428390026092529297 -0.064400702714920043945 -0.1396694481372833252 -0.66084361076354980469 -0.6384639739990234375 -0.56386780738830566406 -0.46009778976440429688 -0.053864590823650360107
0.64820617437362670898 -0.22075201570987701416 -0.30781716108322143555 0.1430985182523727417 3.7187561988830566406 0.10592215508222579956 -0.04630269855260848999 0.12064329534769058228 0.46705070137977600098 -0.60401356220245361328 0.090976037085056304932 0.33800148963928222656 0.82194590568542480469 -0.36394026875495910645 0.070747397840023040771 0.046563230454921722412 1.48729705810546875 -0.082934312522411346436 -0.19774739444255828857 -0.24377061426639556885 1.3834021091461181641 0.25902095437049865723 -0.17051143944263458252 -0.36352518200874328613 -0.56103682518005371094 -0.59464210271835327148 0.22435687482357025146 0.14765910804271697998 0.089883588254451751709 -0.60818260908126831055 -0.59400373697280883789 0.017856821417808532715 -0.45200851559638977051 -0.61102581024169921875 -0.44799348711967468262 -0.58272421360015869141 -0.40430304408073425293 -0.52921080589294433594 -0.62916445732116699219 -0.58593010902404785156
0.27820855379104614258 -0.030174162238836288452 0.022568143904209136963 0.30870813131332397461 0.13497863709926605225 2.2134191989898681641 0.018616786226630210876 0.10793817043304443359 1.3463332653045654297 -0.35784387588500976562 0.40220981836318969727 -0.36693626642227172852 0.29324281215667724609 0.67172539234161376953 0.31263822317123413086 -0.42905476689338684082 -0.10603028535842895508 -0.60464298725128173828 -0.57765436172485351562 -0.11680805683135986328 -0.52618807554244995117 0.45441940426826477051 -0.54867029190063476562 -0.57814401388168334961 0.018331972882151603699 -0.30719491839408874512 -0.075850829482078552246 -0.022551137953996658325 -0.58372789621353149414 -0.62346565723419189453 -0.60060298442840576172 -0.51282012462615966797 -0.19639135897159576416 0.27204504609107971191 -0.36586153507232666016 -0.59979557991027832031 -0.66047823429107666016 -0.5617465972900390625 0.53774541616439819336 -0.6524950861930847168
-0.082239255309104919434 -0.1411543041467666626 -0.0014380989596247673035 -0.34667050838470458984 0.27964928746223449707 1.4813796281814575195 -0.33119985461235046387 -0.3174381554126739502 -0.30848017334938049316 0.097937993705272674561 -0.49252727627754211426 -0.51660442352294921875 -0.17498765885829925537 -0.49472713470458984375 0.12791073322296142578 -0.62977552413940429688 -0.19262756407260894775 -0.49405831098556518555 -0.41540801525115966797 -0.32923775911331176758 -0.51431012153625488281 -0.36412805318832397461 -0.55083048343658447266 -0.59052580595016479492 -0.62907505035400390625 -0.18654830753803253174 -0.53820234537124633789 -0.53409719467163085938 0.057947449386119842529 -0.58175647258758544922 0.3185933232307434082 -0.55824685096740722656 0.40200418233871459961 -0.60338860750198364258 -0.60508495569229125977 -0.53873527050018310547 -0.35614219307899475098 -0.38597273826599121094 0.39494749903678894043 -0.56027460098266601562
0.041195318102836608887 -0.22288724780082702637 0.22965683043003082275 -0.55726945400238037109 -0.13581585884094238281 -0.42223903536796569824 0.60154056549072265625 0.70104783773422241211 0.59408879280090332031 -0.6071624755859375 -0.53849375247955322266 0.66097807884216308594 -0.66050451993942260742 0.53367084264755249023 -0.50638687610626220703 -0.51415550708770751953 -0.089461632072925567627 -0.068943917751312255859 -0.52384150028228759766 -0.40189903974533081055 -0.5831508636474609375 -0.16037172079086303711 -0.57393121719360351562 -0.2537263333797454834 -0.49312555789947509766 -0.092773206532001495361 -0.53578364849090576172 -0.53977346420288085938 -0.30541709065437316895 -0.65228885412216186523 -0.65469861030578613281 -0.58809351921081542969 0.57107281684875488281 -0.50505197048187255859 0.43458896875381469727 -0.61469656229019165039 -0.069239370524883270264 0.41818577051162719727 -0.094751745462417602539 -0.55058538913726806641
0.50429958105087280273 1.2074171304702758789 0.17733453214168548584 -0.46575337648391723633 -0.55795568227767944336 -0.28817638754844665527 -0.59701335430145263672 0.20822025835514068604 -0.60998141765594482422 -0.45990896224975585938 -0.55100905895233154297 -0.29356506466865539551 -0.10985760390758514404 0.036587323993444442749 -0.63535797595977783203 0.48504564166069030762 0.020622987300157546997 -0.44915878772735595703 -0.63401991128921508789 -0.63862556219100952148 -0.64228290319442749023 0.46090576052665710449 -0.42318934202194213867 -0.46143302321434020996 -0.65777724981307983398 -0.21469964087009429932 -0.44182246923446655273 -0.43428531289100646973 -0.64994847774505615234 0.50702059268951416016 -0.52015161514282226562 -0.17035466432571411133 -0.53341543674468994141 -0.63308215141296386719 -0.22383616864681243896 0.084307834506034851074 -0.539516448974609375 0.10168824344873428345 -0.59146273136138916016 -0.10215551406145095825
-0.23575215041637420654 -0.565021514892578125 0.70890957117080688477 -0.1139966920018196106 -0.3342438042163848877 -0.53980463743209838867 -0.42087852954864501953 0.11867200583219528198 -0.50775110721588134766 -0.18672735989093780518 -0.6500256657600402832 -0.39910581707954406738 -0.45469704270362854004 -0.61031001806259155273 -0.57230621576309204102 -0.50776040554046630859 -0.35643395781517028809 -0.59291231632232666016 -0.63926196098327636719 -0.63600647449493408203 -0.54181760549545288086 0.27212378382682800293 -0.551860809326171875 0.20839861035346984863 -0.48701980710029602051 -0.56184583902359008789 -0.54807895421981811523 -0.58044278621673583984 -0.51081752777099609375 -0.52176582813262939453 -0.15346033871173858643 -0.58177125453948974609 -0.59145140647888183594 -0.61876404285430908203 0.48311221599578857422 0.18182894587516784668 0.52868866920471191406 0.30117949843406677246 -0.41463872790336608887 -0.52902656793594360352
0.76624000072479248047 -0.48184692859649658203 -0.25282150506973266602 -0.16729412972927093506 -0.24617117643356323242 -0.51112854480743408203 -0.41787648200988769531 -0.2689774632453918457 -0.59629130363464355469 -0.26465913653373718262 -0.49806284904479980469 -0.28598502278327941895 -0.58959943056106567383 -0.48467776179313659668 -0.58683091402053833008 -0.4395389258861541748 -0.57140123844146728516 -0.48768842220306396484 0.13226465880870819092 0.53212589025497436523 -0.25657123327255249023 -0.5489934086799621582 -0.49442449212074279785 -0.41126066446304321289 -0.59157389402389526367 -0.64366865158081054688 -0.15254572033882141113 -0.56084865331649780273 -0.030575549229979515076 -0.30035468935966491699 -0.33800294995307922363 -0.51007318496704101562 -0.20412705838680267334 -0.53589224815368652344 -0.60369914770126342773 -0.48912182450294494629 -0.59103196859359741211 -0.56205785274505615234 -0.53678739070892333984 -0.46842506527900695801
-0.47758018970489501953 -0.41619753837585449219 -0.35241225361824035645 -0.56280601024627685547 -0.65127664804458618164 -0.4800415337085723877 -0.48477914929389953613 -0.64848268032073974609 -0.022470036521553993225 -0.6344534754753112793 -0.58139854669570922852 -0.63658446073532104492 0.3437569737434387207 -0.029001822695136070251 -0.65168648958206176758 -0.5865917205810546875 -0.62479442358016967773 -0.50945734977722167969 -0.60512942075729370117 0.47005870938301086426 0.42897433042526245117 -0.54296571016311645508 -0.64656680822372436523 -0.48076099157333374023 -0.50470381975173950195 -0.53259754180908203125 -0.4995892643928527832 -0.6476421356201171875 0.27528348565101623535 -0.65632271766662597656 -0.57879501581192016602 -0.51174318790435791016 -0.64146947860717773438 0.077632427215576171875 -0.57400178909301757812 -0.60479325056076049805 -0.5828908085823059082 -0.50755381584167480469 -0.60866814851760864258 -0.63148862123489379883
-0.31685417890548706055 -0.54969096183776855469 -0.49651902914047241211 0.19468951225280761719 -0.32246312499046325684 -0.49980065226554870605 -0.62208384275436401367 0.13421745598316192627 -0.25945240259170532227 -0.23355636000633239746 0.27981698513031005859 -0.066355504095554351807 -0.53935837745666503906 -0.53586667776107788086 0.36107653379440307617 -0.50115054845809936523 0.52442908287048339844 -0.51315081119537353516 0.059763658791780471802 0.59311097860336303711 -0.54031026363372802734 -0.54690831899642944336 -0.61995863914489746094 -0.65745919942855834961 -0.50610846281051635742 -0.46542254090309143066 -0.55678087472915649414 -0.5204181671142578125 -0.46401652693748474121 -0.54726815223693847656 -0.65299129486083984375 -0.54176276922225952148 -0.63763314485549926758 -0.58223223686218261719 -0.65012383460998535156 -0.59951382875442504883 -0.56437069177627563477 0.16590611636638641357 -0.28226619958877563477 0.4817097783088684082
-0.59133857488632202148 -0.44319286942481994629 -0.46313816308975219727 -0.46093514561653137207 -0.38236969709396362305 -0.31178367137908935547 -0.53763520717620849609 -0.16882456839084625244 -0.60615479946136474609 -0.64587491750717163086 -0.49164488911628723145 -0.48803541064262390137 0.040728066116571426392 -0.61013078689575195312 0.044574182480573654175 -0.55243265628814697266 -0.093875467777252197266 0.64084148406982421875 -0.44403481483459472656 -0.28246527910232543945 -0.27635458111763000488 -0.54342657327651977539 -0.65207302570343017578 -0.65371108055114746094 -0.54022729396820068359 -0.17605553567409515381 -0.50780808925628662109 -0.58585000038146972656 0.72336804866790771484 -0.61841219663619995117 -0.57909220457077026367 -0.65307182073593139648 -0.61373531818389892578 -0.66202455759048461914 -0.60325360298156738281 -0.49952995777130126953 -0.41550666093826293945 -0.21004436910152435303 -0.054988868534564971924 -0.19537532329559326172
-0.57241266965866088867 -0.32496809959411621094 -0.2534064948558807373 -0.37903174757957458496 -0.63561040163040161133 -0.64901757240295410156 -0.51464170217514038086 -0.5025126338005065918 -0.60968297719955444336 -0.38669145107269287109 -0.60960483551025390625 -0.086527876555919647217 -0.50470280647277832031 -0.5372746586799621582 -0.57101136445999145508 -0.25874614715576171875 -0.52013945579528808594 -0.42397326231002807617 -0.40117982029914855957 -0.55048716068267822266 -0.61124962568283081055 0.35563310980796813965 -0.57547497749328613281 -0.34611630439758300781 -0.33330243825912475586 -0.23370324075222015381 -0.63749372959136962891 0.52483254671096801758 -0.15015111863613128662 -0.14421309530735015869 -0.59680372476577758789 -0.43612903356552124023 -0.5864155888557434082 -0.11319200694561004639 -0.58782744407653808594 0.35119843482971191406 -0.61402815580368041992 -0.41059258580207824707 -0.58784919977188110352 -0.63365739583969116211
-0.46880397200584411621 -0.64933514595031738281 -0.54667019844055175781 -0.47508352994918823242 -0.078832298517227172852 -0.48728656768798828125 -0.5582294464111328125 -0.62340825796127319336 -0.37493211030960083008 0.38401168584823608398 -0.57207643985748291016 -0.64649260044097900391 -0.45285394787788391113 0.33903783559799194336 -0.59591954946517944336 -0.58294016122817993164 0.54887861013412475586 -0.52828204631805419922 0.068593062460422515869 -0.53873229026794433594 -0.54026526212692260742 -0.62077611684799194336 -0.55815947055816650391 -0.66072690486907958984 -0.64530086517333984375 -0.37495195865631103516 0.31500676274299621582 -0.64083790779113769531 -0.62824970483779907227 -0.55668723583221435547 -0.32923546433448791504 -0.16569022834300994873 -0.6304607391357421875 -0.34571117162704467773 -0.55702877044677734375 -0.6246935725212097168 -0.65958380699157714844 -0.46018123626708984375 -0.64255595207214355469 0.092037223279476165771
-0.50641113519668579102 -0.64022588729858398438 -0.47569948434829711914 0.002170700347051024437 -0.06638059765100479126 -0.55383193492889404297 -0.13514000177383422852 -0.21552707254886627197 -0.35084143280982971191 -0.25141349434852600098 -0.44169312715530395508 -0.48252668976783752441 0.51185268163681030273 -0.65774285793304443359 -0.4106146693229675293 -0.55357009172439575195 0.38027435541152954102 -0.52257841825485229492 -0.50004297494888305664 -0.5622437596321105957 -0.56018358469009399414 -0.53142410516738891602 -0.16711629927158355713 -0.66236078739166259766 -0.38109976053237915039 -0.66393756866455078125 -0.62842142581939697266 -0.64217674732208251953 -0.63489359617233276367 -0.65653085708618164062 -0.55711370706558227539 -0.63241714239120483398 -0.66325551271438598633 -0.62841582298278808594 -0.6628691554069519043 -0.66062998771667480469 -0.60715198516845703125 -0.18645521998405456543 -0.14546905457973480225 -0.29054573178291320801
