layers/wind_speed.asc
ncols        290
nrows        290
xllcorner    68.000000000000
yllcorner    8.000000000000
cellsize     0.100000000000
NODATA_value -9999
[rows 126 to 143 of 290, columns 120 to 159 of 290]
-0.20426714420318603516 -0.12819607555866241455 -0.22402043640613555908 -0.38924604654312133789 -0.077174462378025054932 -0.54859006404876708984 -0.041528951376676559448 0.19516505300998687744 -0.56942999362945556641 -0.42133066058158874512 0.37775596976280212402 -0.6782887578010559082 0.19183471798896789551 -0.52885472774505615234 0.096711575984954833984 0.16554792225360870361 -0.62581354379653930664 -0.57649999856948852539 -0.066035255789756774902 -0.18868792057037353516 -0.33120033144950866699 0.051901824772357940674 0.69268578290939331055 -0.73197972774505615234 0.14373467862606048584 -0.30115857720375061035 0.73130166530609130859 -0.095131911337375640869 -0.28340667486190795898 -0.54571646451950073242 -0.62566697597503662109 -0.28476926684379577637 -1.0675033330917358398 -0.37535521388053894043 -0.34494119882583618164 0.12819999456405639648 0.29392319917678833008 -0.25172513723373413086 -0.59387123584747314453 -0.045885805040597915649
0.57275825738906860352 -0.68449723720550537109 0.03963373228907585144 0.60353875160217285156 -0.33702540397644042969 -0.1599944382905960083 -0.23479643464088439941 0.1035027727484703064 -0.046220865100622177124 -0.78768533468246459961 -0.27635687589645385742 0.96098870038986206055 0.88875633478164672852 0.088734462857246398926 0.028848996385931968689 1.5973799228668212891 0.21718394756317138672 -0.25079771876335144043 -0.80560076236724853516 -0.69706577062606811523 -0.3825721442699432373 0.092575110495090484619 -1.1361478567123413086 0.84851759672164916992 -0.7233600616455078125 0.17040258646011352539 -1.1935805082321166992 -1.1796556711196899414 0.30767717957496643066 -0.70361524820327758789 -0.78910285234451293945 -0.57594430446624755859 0.072394862771034240723 -0.34757092595100402832 -0.28509944677352905273 -0.98840528726577758789 -0.032152347266674041748 -0.52447831630706787109 0.3082758486270904541 -0.83516353368759155273
-0.18982067704200744629 -0.67371910810470581055 -0.3394444882869720459 0.63366031646728515625 -0.58920484781265258789 -0.20741438865661621094 -0.6045004725456237793 0.049084238708019256592 -0.19921344518661499023 -0.11384506523609161377 0.22038629651069641113 0.13601151108741760254 -0.86046731472015380859 -0.30060863494873046875 -0.60843557119369506836 -0.66010671854019165039 -0.0077589894644916057587 0.20463864505290985107 0.0072369282133877277374 0.15872399508953094482 0.041524827480316162109 -0.3241983950138092041 -0.55137598514556884766 -0.68084454536437988281 0.13508155941963195801 -0.42110660672187805176 0.015325759537518024445 -1.1900134086608886719 -0.61006724834442138672 0.19137462973594665527 -0.38480591773986816406 -0.29753658175468444824 -0.49701473116874694824 -0.97943955659866333008 -0.66710633039474487305 -0.82756632566452026367 -0.81173723936080932617 -0.49761918187141418457 -0.38587483763694763184 -0.18255473673343658447
0.12154592573642730713 -0.27766832709312438965 -0.19447700679302215576 -0.1154998093843460083 0.1481990814208984375 -0.64473605155944824219 -0.23379206657409667969 -0.75422650575637817383 0.95129561424255371094 -0.58908319473266601562 -0.1018187105655670166 -0.55373030900955200195 -0.39198717474937438965 -0.084721170365810394287 -0.090622067451477050781 0.67093658447265625 0.020230131223797798157 -0.91839045286178588867 -0.69311749935150146484 -0.19409671425819396973 -0.72820657491683959961 0.030636200681328773499 -0.33151739835739135742 0.66376966238021850586 0.61284410953521728516 -0.88527566194534301758 -0.6607367396354675293 -0.98726236820220947266 -0.51672250032424926758 -0.14494402706623077393 -0.76018524169921875 0.40195220708847045898 -0.86599630117416381836 -0.42600762844085693359 -0.69701409339904785156 -0.42924892902374267578 -0.75518816709518432617 -1.0983666181564331055 -0.67160391807556152344 -0.63646090030670166016
-0.54092609882354736328 -0.0948789939284324646 -0.69077259302139282227 0.015766130760312080383 -0.091258838772773742676 0.32526063919067382812 -0.86953103542327880859 0.10110268741846084595 0.10512621700763702393 -0.082022622227668762207 -0.30557143688201904297 -0.50655949115753173828 -0.11947545409202575684 0.82728862762451171875 0.027866087853908538818 1.0214556455612182617 -0.70158654451370239258 0.096449099481105804443 -1.1313958168029785156 0.77079296112060546875 -0.037673056125640869141 -0.80594050884246826172 -0.40957337617874145508 -0.32763791084289550781 -0.83962684869766235352 -0.23690009117126464844 -0.23711670935153961182 -0.50129270553588867188 -0.46289426088333129883 -1.1865743398666381836 -0.52248382568359375 -0.65995842218399047852 -0.82842648029327392578 -1.0850156545639038086 -0.4846223294734954834 -0.35410779714584350586 0.21960730850696563721 -0.29490959644317626953 0.16179704666137695312 -0.66320532560348510742
0.82791852951049804688 -0.17094750702381134033 -0.16662319004535675049 0.015828344970941543579 0.86350023746490478516 -0.046702507883310317993 -0.022210339084267616272 0.93350309133529663086 -0.75298303365707397461 -1.2538760900497436523 -0.52345699071884155273 0.98305869102478027344 0.95513045787811279297 -1.136584162712097168 -0.15065218508243560791 -0.65020710229873657227 -0.42601728439331054688 -0.1853437572717666626 0.043804556131362915039 0.78681224584579467773 -0.08558991551399230957 -1.1294330358505249023 1.2094931602478027344 0.19293005764484405518 0.098996892571449279785 -0.61608433723449707031 -0.58783990144729614258 0.62969738245010375977 -0.10294780135154724121 -0.59490996599197387695 -0.39554584026336669922 -0.67784351110458374023 -0.36735716462135314941 -0.98468315601348876953 -0.59121334552764892578 -0.83138889074325561523 -0.67539638280868530273 -0.19807885587215423584 -1.0181962251663208008 -0.50100320577621459961
-0.94177609682083129883 -0.61195987462997436523 -0.40649443864822387695 -0.57546257972717285156 0.66275757551193237305 -0.060937333852052688599 -0.78272521495819091797 -0.95766079425811767578 -1.0299713611602783203 -0.7829348444938659668 0.25540876388549804688 -0.28506305813789367676 -0.55049914121627807617 -0.97496825456619262695 0.060043007135391235352 0.38583779335021972656 -0.70367658138275146484 -1.0712014436721801758 0.72713863849639892578 -0.58237957954406738281 -0.79562366008758544922 -0.67689901590347290039 -0.71054869890213012695 -0.55514669418334960938 -0.21868169307708740234 -0.0073446417227387428284 0.079571746289730072021 -0.90049529075622558594 0.012472391128540039062 -0.21519348025321960449 -0.40392947196960449219 -0.4175650179386138916 -0.65066635608673095703 -0.36995071172714233398 -0.44568774104118347168 -0.87996286153793334961 -0.61306977272033691406 -0.79722905158996582031 -0.27993047237396240234 -0.45824027061462402344
-0.56601297855377197266 -0.88128983974456787109 -0.2625166773796081543 -0.2100614011287689209 -0.30283191800117492676 -0.96389776468276977539 -0.33550575375556945801 0.17606632411479949951 -0.37352776527404785156 -0.29335683584213256836 -0.86494648456573486328 -0.84006190299987792969 -0.97374320030212402344 -0.3638363182544708252 -0.92237716913223266602 -0.39615198969841003418 -0.60074377059936523438 -0.6920229792594909668 -0.64411026239395141602 0.04698708653450012207 -0.4404411017894744873 0.025128096342086791992 0.63358610868453979492 -0.58715510368347167969 -0.35855776071548461914 -0.69049435853958129883 -0.85350668430328369141 -0.73567563295364379883 -1.1493796110153198242 -1.0998671054840087891 -0.09409472346305847168 -0.44071862101554870605 -0.32738652825355529785 -1.0006281137466430664 -0.42541325092315673828 -0.23197233676910400391 -0.10114107280969619751 -0.28181466460227966309 -0.74622452259063720703 -0.38042783737182617188
-0.60870581865310668945 -0.33898946642875671387 -0.24634703993797302246 -0.74766522645950317383 -0.2692127227783203125 -1.0054996013641357422 -0.29772850871086120605 -1.0223337411880493164 -0.55122190713882446289 -0.82720434665679931641 -0.42071440815925598145 -0.59056210517883300781 -0.3681729435920715332 -0.89886850118637084961 -0.7318674921989440918 -1.1379784345626831055 -0.62044852972030639648 0.027031293138861656189 -0.10600783675909042358 0.76438766717910766602 -0.17513602972030639648 -0.18403302133083343506 -0.70338988304138183594 -0.38770127296447753906 -0.32292088866233825684 -0.77639585733413696289 -1.1045945882797241211 -0.95594859123229980469 -0.98375070095062255859 -0.30017507076263427734 -0.25491416454315185547 -0.97864919900894165039 -1.1463339328765869141 -0.15209499001502990723 -0.56989490985870361328 -0.9660612940788269043 -0.8709049224853515625 -1.2959579229354858398 -0.2548592686653137207 -0.92091661691665649414
-1.2466056346893310547 -0.50192219018936157227 -0.55995804071426391602 -0.43039661645889282227 -0.77919620275497436523 -0.7442906498908996582 -0.25286477804183959961 -0.85954624414443969727 -0.51340687274932861328 -0.99689322710037231445 -0.056284662336111068726 -0.45016324520111083984 -0.72682994604110717773 -0.7330277562141418457 -0.72832649946212768555 -0.71273726224899291992 -0.67164444923400878906 -0.30723014473915100098 -0.2647304236888885498 -1.2147878408432006836 -0.90123230218887329102 0.55893248319625854492 -0.80885291099548339844 -0.36625257134437561035 -0.78378826379776000977 -1.1175081729888916016 -0.75007557868957519531 -0.78082239627838134766 -0.49378800392150878906 -0.32907918095588684082 0.2369810640811920166 -0.65595841407775878906 -1.0014771223068237305 0.15263381600379943848 -0.77108293771743774414 -0.61645412445068359375 -0.99655604362487792969 -0.502567291259765625 -0.53820681571960449219 -1.124177098274230957
-0.79044669866561889648 -0.23456963896751403809 -0.49797293543815612793 -0.9482701420783996582 -1.14299774169921875 -0.091990046203136444092 -0.43084034323692321777 -0.42163997888565063477 -0.54739606380462646484 -1.202976226806640625 0.50238090753555297852 -0.25897538661956787109 -0.37737205624580383301 -0.92536759376525878906 -0.37893876433372497559 -1.2582427263259887695 0.52623379230499267578 -0.5008996129035949707 -0.51280313730239868164 -0.56049978733062744141 -1.2487990856170654297 -0.42657965421676635742 -0.12495783716440200806 -0.65239691734313964844 -0.55017876625061035156 -0.85738635063171386719 -0.91535240411758422852 -1.1714073419570922852 -0.52672201395034790039 0.5041790008544921875 -0.54570090770721435547 -0.88483059406280517578 -0.66870677471160888672 -0.52488738298416137695 -1.0260481834411621094 -0.44202327728271484375 -1.2519530057907104492 -0.94234585762023925781 -0.84424239397048950195 -0.8344027400016784668
-0.64410227537155151367 -1.1822837591171264648 -0.84261107444763183594 -0.31357976794242858887 -0.71296733617782592773 -1.2156127691268920898 -1.0307303667068481445 0.048811394721269607544 -0.098188087344169616699 -0.93312186002731323242 -0.52335184812545776367 -0.61461776494979858398 -0.16321548819541931152 -0.15235716104507446289 -1.0486890077590942383 -0.30605664849281311035 -0.66630995273590087891 -0.78017646074295043945 -0.37104004621505737305 0.57409828901290893555 -1.0501362085342407227 -0.88503807783126831055 -0.47108975052833557129 -0.52386087179183959961 -0.95489364862442016602 -0.21500745415687561035 0.1941871345043182373 0.15883164107799530029 -0.79537367820739746094 -0.91359800100326538086 -0.46768662333488464355 -1.0586228370666503906 -0.11303263157606124878 -0.68012249469757080078 0.12305977940559387207 -0.94433325529098510742 -0.62635695934295654297 -0.38849785923957824707 -0.88323819637298583984 -0.24912539124488830566
-0.82773166894912719727 -0.65262407064437866211 -0.88677650690078735352 -0.53774273395538330078 -0.94021528959274291992 -0.43418368697166442871 -1.2489355802536010742 0.42857211828231811523 -0.90260577201843261719 -0.40586712956428527832 0.37268355488777160645 -0.1574160456657409668 -0.41859295964241027832 -0.24447138607501983643 0.556949615478515625 -0.90305817127227783203 -0.23665845394134521484 -0.1059217303991317749 -0.072928518056869506836 -0.67480272054672241211 -0.80376744270324707031 -0.77548593282699584961 -0.65474903583526611328 -0.59753781557083129883 0.12342736870050430298 -0.63317668437957763672 -0.85065543651580810547 -1.1134847402572631836 -0.67554551362991333008 -0.67207348346710205078 -0.41526588797569274902 -0.29670372605323791504 0.40259507298469543457 -0.34046226739883422852 -1.0178188085556030273 -0.98297524452209472656 -0.85186606645584106445 -0.40957987308502197266 -0.55835300683975219727 -0.071887664496898651123
-0.17971469461917877197 -0.73743724822998046875 -0.26304030418395996094 -0.71428567171096801758 -0.46785983443260192871 -0.88077718019485473633 -1.0975387096405029297 -0.40553683042526245117 -0.40677693486213684082 -0.29369613528251647949 -0.36266493797302246094 0.48128050565719604492 -1.3292899131774902344 -1.1235278844833374023 -1.0134334564208984375 -0.62782609462738037109 -0.21249148249626159668 -0.62682312726974487305 -0.72852426767349243164 -0.61992812156677246094 -0.63204687833786010742 0.098253794014453887939 -1.2399727106094360352 -0.59540587663650512695 -1.066730499267578125 -0.61205774545669555664 -0.43456509709358215332 -0.65825384855270385742 -0.58657234907150268555 -0.36655610799789428711 -0.55966919660568237305 -0.7880236506462097168 -0.14289942383766174316 -1.1987051963806152344 -0.82778602838516235352 -0.86346548795700073242 -1.0473525524139404297 -1.2395462989807128906 -0.99236387014389038086 -0.76849442720413208008
-0.30526149272918701172 -0.50272679328918457031 -0.89865636825561523438 -0.54954034090042114258 -0.63591903448104858398 -0.56900840997695922852 -0.10923264920711517334 -0.40318655967712402344 0.52581250667572021484 -0.95203840732574462891 -0.55689996480941772461 -0.91100895404815673828 -1.0495892763137817383 -1.314993739128112793 -0.30964639782905578613 -0.58003449440002441406 -0.20415948331356048584 -0.59227997064590454102 -0.94241249561309814453 -0.90651029348373413086 -1.0499535799026489258 -0.76385271549224853516 0.12965762615203857422 -0.53267633914947509766 -1.1017224788665771484 -0.6197630763053894043 0.44747292995452880859 -0.39217808842658996582 -0.68020272254943847656 -0.99811613559722900391 -0.56058394908905029297 -0.76883459091186523438 -0.050771471112966537476 -0.15196567773818969727 -0.70244681835174560547 -0.049832176417112350464 -0.4743887484073638916 -0.039291411638259887695 -1.2145929336547851562 -0.024422261863946914673
-0.89477080106735229492 -0.42222481966018676758 -0.55099481344223022461 -0.011411269195377826691 -0.32293471693992614746 -0.50296735763549804688 -0.68751853704452514648 -0.50034469366073608398 -0.11780159920454025269 -0.62917852401733398438 -0.56837892532348632812 0.4431928098201751709 -0.47601392865180969238 -1.2030169963836669922 -0.79130703210830688477 -0.81196373701095581055 -1.0411461591720581055 -0.54565823078155517578 -0.93259429931640625 0.16513946652412414551 -0.64426451921463012695 -0.80971008539199829102 -1.2871390581130981445 -0.45941662788391113281 -0.48018556833267211914 -0.8877041935920715332 -0.74634522199630737305 -0.57889783382415771484 -0.67498695850372314453 -1.2563946247100830078 -0.21535420417785644531 -0.35198715329170227051 -0.14164388179779052734 -0.8457476496696472168 -0.092211857438087463379 0.001933153136633336544 -0.3340359032154083252 -0.69497859477996826172 -0.87303054332733154297 -1.2603603601455688477
-0.084170401096343994141 -0.61180531978607177734 -0.77639883756637573242 -0.13150648772716522217 -0.028828823938965797424 -0.76556658744812011719 -0.23347307741641998291 -0.32840478420257568359 -0.90998536348342895508 -1.1456007957458496094 -0.46624472737312316895 -0.96026223897933959961 -0.74650400876998901367 -1.0432848930358886719 -0.98293834924697875977 -0.53082191944122314453 -0.39971727132797241211 -0.65560042858123779297 -0.98378199338912963867 -0.077591456472873687744 -1.0702919960021972656 0.15379095077514648438 -0.78480333089828491211 -0.4259554743766784668 -0.74785304069519042969 -1.21434783935546875 -1.1862611770629882812 -1.1166250705718994141 -0.89084905385971069336 -0.99143207073211669922 -0.26774013042449951172 -0.48402571678161621094 -0.65034884214401245117 -1.1036964654922485352 0.50286602973937988281 -1.0952674150466918945 -0.64342540502548217773 -1.0768077373504638672 -0.50975310802459716797 -0.86262476444244384766
-0.67240577936172485352 0.47001847624778747559 0.46400901675224304199 -0.14304256439208984375 -0.66936022043228149414 0.042202260345220565796 0.2878977656364440918 -0.39036363363265991211 -0.3816636502742767334 0.14130918681621551514 -0.9037736058235168457 -0.75198644399642944336 -0.71820819377899169922 -0.74518364667892456055 -0.4782396852970123291 -0.88279557228088378906 -0.15358006954193115234 -1.1865382194519042969 -1.234383702278137207 -0.71657276153564453125 -1.1191622018814086914 -0.59357410669326782227 -1.1966273784637451172 -0.34118890762329101562 -0.91909521818161010742 -1.040848851203918457 -0.87064468860626220703 -0.72353971004486083984 -0.89730191230773925781 -1.0319670438766479492 -0.72327685356140136719 -0.84794443845748901367 -1.0084019899368286133 -0.071056127548217773438 -0.099020540714263916016 -0.6586850285530090332 -0.5558159947395324707 -1.0251778364181518555 -0.88386273384094238281 -0.88125312328338623047
