layers/wind_speed.asc
ncols        290
nrows        290
xllcorner    68.000000000000
yllcorner    8.000000000000
cellsize     0.100000000000
NODATA_value -9999
[rows 144 to 161 of 290, columns 120 to 159 of 290]
-0.37040114402770996094 -0.42048183083534240723 -0.25671243667602539062 -0.53403568267822265625 -0.72152495384216308594 -0.65522664785385131836 -0.57762485742568969727 -0.49196591973304748535 -0.084199368953704833984 0.48702669143676757812 -0.9705321192741394043 0.63145053386688232422 -1.0960646867752075195 -1.0708444118499755859 -1.0129976272583007812 -0.86483412981033325195 -0.91424381732940673828 -0.57358193397521972656 -0.93628972768783569336 -1.1936058998107910156 -1.1829737424850463867 -0.74100565910339355469 -1.3114657402038574219 -0.74523371458053588867 -0.91045004129409790039 -0.0047533405013382434845 -0.93052619695663452148 -0.47476467490196228027 -0.94021213054656982422 -0.6905243992805480957 -0.20544603466987609863 -0.95369279384613037109 -1.1318761110305786133 -0.62029051780700683594 -0.6712372899055480957 -0.18537476658821105957 -0.62424826622009277344 -0.037480216473340988159 -0.34725427627563476562 -0.89484053850173950195
0.085097126662731170654 -0.95568042993545532227 -0.93184000253677368164 -0.27789705991744995117 -0.061792254447937011719 0.42744007706642150879 -0.57823383808135986328 -0.32278242707252502441 -0.48987507820129394531 -1.1050535440444946289 0.31187728047370910645 0.44792568683624267578 -0.37338167428970336914 -0.46549177169799804688 -0.96383637189865112305 -0.69482618570327758789 -0.94472563266754150391 -0.57467377185821533203 -0.69482004642486572266 -0.77387136220932006836 -0.61768990755081176758 -1.3612416982650756836 -0.8414490818977355957 -0.76423978805541992188 -0.97162848711013793945 -0.73369997739791870117 -1.0234040021896362305 -0.85966730117797851562 -0.65029567480087280273 -0.70285278558731079102 -0.65754145383834838867 -1.0031508207321166992 -0.56031215190887451172 -0.85984581708908081055 -0.18276150524616241455 -0.76904112100601196289 -0.82615864276885986328 -1.0574175119400024414 -1.037387847900390625 0.39911440014839172363
-0.30407923460006713867 -0.93307894468307495117 -0.19492174685001373291 -0.83136528730392456055 -0.064770862460136413574 0.17338353395462036133 -0.51792871952056884766 -0.53202861547470092773 -0.2654126286506652832 0.49023267626762390137 -0.15199363231658935547 -0.53687232732772827148 -0.70820713043212890625 -0.87076008319854736328 -0.53412646055221557617 0.036736242473125457764 -0.86841052770614624023 -1.0151808261871337891 -0.30158582329750061035 -0.74600595235824584961 -0.61745077371597290039 -0.32058605551719665527 -0.16372387111186981201 -0.84622120857238769531 -0.71218585968017578125 -0.19683632254600524902 -0.60798752307891845703 -0.77120411396026611328 -0.90381783246994018555 -0.59386295080184936523 -0.92457485198974609375 -1.0843271017074584961 -1.1696027517318725586 -0.79343944787979125977 -1.0676426887512207031 0.37230947613716125488 -0.61262267827987670898 -0.78127884864807128906 -0.95117181539535522461 -1.1821043491363525391
0.58462327718734741211 0.11220906674861907959 0.14222946763038635254 -0.80286383628845214844 -0.07728090137243270874 -0.59388804435729980469 -0.18884935975074768066 -0.39784353971481323242 0.41818660497665405273 -0.098346665501594543457 -0.2509587407112121582 -0.49795922636985778809 -0.56058973073959350586 -0.99744939804077148438 -0.43475520610809326172 0.35958117246627807617 -0.63669657707214355469 -1.2173024415969848633 -0.8550307154655456543 -0.68992537260055541992 -0.54512894153594970703 -0.70863193273544311523 -0.15680387616157531738 -0.6699199676513671875 -0.71863895654678344727 -0.76620072126388549805 -0.13410227000713348389 -0.60059320926666259766 -0.79184877872467041016 -0.58401447534561157227 -0.57007443904876708984 -0.58713245391845703125 -0.22806856036186218262 -0.73952913284301757812 -0.82880008220672607422 -1.163704991340637207 -0.73477232456207275391 -0.2502282559871673584 -0.60046100616455078125 -0.47582128643989562988
-0.41387420892715454102 0.10957944393157958984 -0.97560167312622070312 -0.058080710470676422119 -1.090763092041015625 -0.33546781539916992188 -0.47629895806312561035 0.0024545441847294569016 -0.045823086053133010864 -0.30231979489326477051 -0.4973163604736328125 0.13179056346416473389 -0.62914395332336425781 -0.13269422948360443115 -0.557140350341796875 -0.072763733565807342529 -0.36727675795555114746 -0.50368732213973999023 -0.10621774941682815552 -0.46756270527839660645 -0.58957093954086303711 0.23599256575107574463 -0.014512576162815093994 -1.2085931301116943359 -0.46272704005241394043 -0.7331759333610534668 -0.69678151607513427734 -0.68483066558837890625 -0.60574746131896972656 0.078167781233787536621 -0.18165355920791625977 -0.86192214488983154297 -0.36888474225997924805 -0.67217719554901123047 -0.48066323995590209961 -0.61796385049819946289 -0.85076141357421875 -0.41122984886169433594 -0.10914542526006698608 -0.70396476984024047852
0.019601695239543914795 0.21568240225315093994 0.086579568684101104736 0.42889922857284545898 -0.21932049095630645752 -0.069548167288303375244 -0.232471466064453125 -0.98443800210952758789 0.39957082271575927734 0.21358574926853179932 -0.21937629580497741699 -0.046594142913818359375 -0.5360940098762512207 -0.11395017057657241821 -0.98101860284805297852 0.45818984508514404297 -0.54125356674194335938 -1.0213676691055297852 -0.28531405329704284668 -0.23120962083339691162 0.39777275919914245605 -0.49743762612342834473 0.053813148289918899536 -0.34103661775588989258 -0.78862208127975463867 -0.46960771083831787109 -0.52744489908218383789 -0.38881206512451171875 -0.29480633139610290527 -0.035753190517425537109 -0.15481731295585632324 -0.0088446708396077156067 -0.38278165459632873535 -0.58079904317855834961 -1.2766143083572387695 -0.33290976285934448242 -0.47901448607444763184 -0.54128432273864746094 -0.7114251255989074707 -0.11371677368879318237
0.62402802705764770508 -0.096700355410575866699 -0.073362685739994049072 -0.28574892878532409668 -0.88933748006820678711 -0.872547149658203125 0.43349447846412658691 0.0097099021077156066895 0.62067216634750366211 0.044649820774793624878 0.5755913853645324707 0.10833253711462020874 -0.17984257638454437256 -1.0014841556549072266 -0.13385026156902313232 -0.46082231402397155762 -0.22347566485404968262 -0.006796413566917181015 -0.02273294888436794281 -0.56036394834518432617 -0.51297801733016967773 -0.026278695091605186462 -0.32945206761360168457 -0.27032423019409179688 0.26072198152542114258 -0.60538959503173828125 -0.57473474740982055664 -0.86213254928588867188 -0.71552842855453491211 0.13532349467277526855 -0.51264774799346923828 -0.5644480586051940918 -0.14409144222736358643 -0.53130882978439331055 -0.55465543270111083984 -0.50073200464248657227 -0.29896748065948486328 0.2817478179931640625 -0.43387007713317871094 -0.31188160181045532227
-0.36704069375991821289 0.087582506239414215088 -1.0599844455718994141 -0.79886806011199951172 0.68422031402587890625 -1.0303797721862792969 -1.056804656982421875 1.1896686553955078125 -1.0228058099746704102 -0.087273940443992614746 -0.20635280013084411621 0.072817340493202209473 -0.37266358733177185059 0.38357430696487426758 -1.0153092145919799805 -0.98647588491439819336 0.33951985836029052734 -0.39566883444786071777 -0.63573598861694335938 0.19184549152851104736 -0.513935089111328125 -0.63312679529190063477 -0.33898389339447021484 0.28941294550895690918 -0.77565532922744750977 -0.86973589658737182617 -0.54471212625503540039 -0.99916356801986694336 -0.40246492624282836914 0.023278983309864997864 -0.2908477485179901123 -0.29587462544441223145 -0.48392537236213684082 -0.18320666253566741943 -0.45162656903266906738 -1.2391421794891357422 -0.40300774574279785156 -1.2214208841323852539 -0.58026444911956787109 -0.79439294338226318359
0.016830159351229667664 -0.56952178478240966797 -0.1522350609302520752 0.535282135009765625 -0.014312314800918102264 0.28415197134017944336 -0.11925506591796875 -0.048228863626718521118 0.04051132500171661377 -0.25728142261505126953 -0.21786071360111236572 0.37102231383323669434 -0.72570985555648803711 0.37557220458984375 -0.46821075677871704102 -0.70597124099731445312 -0.3773511052131652832 -0.59659618139266967773 -0.64091438055038452148 -0.95049297809600830078 -0.28418931365013122559 -0.76886653900146484375 0.33345061540603637695 -0.8341738581657409668 -0.89496111869812011719 -0.92395251989364624023 -0.38889431953430175781 -0.55621135234832763672 -0.77448564767837524414 0.012920793145895004272 -0.15015611052513122559 -0.81050765514373779297 0.19617815315723419189 -0.62746262550354003906 -0.47349694371223449707 -1.1514717340469360352 -0.057290136814117431641 0.041789744049310684204 -0.13084603846073150635 -0.64602684974670410156
0.138742789626121521 0.049010131508111953735 -0.094110272824764251709 0.042432814836502075195 -0.71809810400009155273 0.88692206144332885742 -0.0872020721435546875 -0.38543963432312011719 -0.44522002339363098145 0.33723181486129760742 0.71498817205429077148 -0.047824580222368240356 0.39215588569641113281 0.0110448421910405159 -0.44434875249862670898 0.00098917994182556867599 -0.098456859588623046875 -0.13322578370571136475 -0.60750699043273925781 -0.47026002407073974609 -0.2519931793212890625 -0.2008282393217086792 -0.71607434749603271484 -0.82124841213226318359 -0.37917816638946533203 -0.12399017810821533203 0.54768311977386474609 -0.002090880880132317543 -0.2383273392915725708 -0.68076455593109130859 0.24277389049530029297 -0.12223601341247558594 0.22935993969440460205 0.18175567686557769775 -0.075971066951751708984 0.10287941992282867432 -0.97561395168304443359 0.076301284134387969971 -0.077877618372440338135 0.043938029557466506958
0.057574503123760223389 -0.26647433638572692871 -0.96951544284820556641 0.063929706811904907227 -0.024283196777105331421 0.14333629608154296875 0.0475521869957447052 -0.12474548071622848511 0.36995410919189453125 0.36959242820739746094 -0.90759158134460449219 -0.18813806772232055664 0.084562927484512329102 0.24521566927433013916 -0.79660707712173461914 -0.18519411981105804443 -0.295192718505859375 0.78544336557388305664 0.031069863587617874146 -0.48247423768043518066 -0.23491008579730987549 -0.47028654813766479492 0.43881106376647949219 0.1495787501335144043 -0.8341858983039855957 0.26923972368240356445 -0.1596937328577041626 -0.11955108493566513062 -1.056200861930847168 0.16925397515296936035 -1.1915001869201660156 -0.25657704472541809082 -0.083615563809871673584 -0.51760232448577880859 -0.048522140830755233765 0.74652677774429321289 -0.30335128307342529297 0.0028669608291238546371 -0.079577907919883728027 -0.84508472681045532227
-0.27252250909805297852 0.34772104024887084961 0.23882061243057250977 -0.2510980069637298584 0.13005326688289642334 -0.51206034421920776367 -1.0590910911560058594 -0.61980187892913818359 0.29538449645042419434 0.99393850564956665039 -0.4267190396785736084 0.11250803619623184204 0.32329067587852478027 -0.71779334545135498047 0.20697875320911407471 0.35340559482574462891 0.39037773013114929199 0.25891801714897155762 0.89083868265151977539 -0.30317929387092590332 -0.11830265820026397705 -0.29839456081390380859 -0.16215573251247406006 -1.1077233552932739258 -0.68563216924667358398 0.31599098443984985352 -1.0685436725616455078 -0.52936255931854248047 -0.13095581531524658203 -0.16452012956142425537 -0.39403054118156433105 -0.50734609365463256836 -1.2539496421813964844 -0.041055340319871902466 -0.58886694908142089844 -1.113135218620300293 -1.3337123394012451172 0.81260144710540771484 -0.31791934370994567871 -0.41227039694786071777
0.27265533804893493652 0.19015851616859436035 0.22358448803424835205 0.20382173359394073486 -0.34119755029678344727 -0.93496119976043701172 -1.1105506420135498047 0.39207211136817932129 -1.1421847343444824219 0.12161596864461898804 0.42460024356842041016 0.37673148512840270996 0.082343280315399169922 -0.15247201919555664062 -1.0176947116851806641 -0.2168200761079788208 -0.58106774091720581055 -0.81666553020477294922 0.11349470913410186768 0.49409681558609008789 -0.38480052351951599121 -0.027085836976766586304 -0.51962274312973022461 0.39074409008026123047 0.11015339195728302002 0.43845424056053161621 0.41370907425880432129 0.28609329462051391602 -0.1368945389986038208 -0.63107973337173461914 -0.52799189090728759766 0.3694610893726348877 0.22919617593288421631 -0.69059723615646362305 -0.033054642379283905029 -0.5038267970085144043 -0.7888469696044921875 -0.87306141853332519531 -0.21027854084968566895 -1.250897526741027832
0.38328969478607177734 -0.31270584464073181152 0.10438352078199386597 -1.144158482551574707 0.68967330455780029297 -0.12719324231147766113 -0.096840538084506988525 0.075520463287830352783 -0.15001054108142852783 0.086756043136119842529 -1.0607628822326660156 0.078553967177867889404 -0.28812959790229797363 0.29365187883377075195 0.025427268818020820618 0.31832337379455566406 0.050972998142242431641 -0.024910207837820053101 0.43236914277076721191 0.42571967840194702148 -1.0143188238143920898 -0.0044560995884239673615 0.36982011795043945312 -0.94525635242462158203 0.36836442351341247559 -0.54332774877548217773 -1.0216915607452392578 0.42153066396713256836 0.27039197087287902832 -0.047760333865880966187 -0.36346253752708435059 -1.1673569679260253906 -0.4151681065559387207 0.24712546169757843018 -0.78534114360809326172 -0.076659888029098510742 -1.1323739290237426758 -0.58601433038711547852 0.38327625393867492676 -0.041572358459234237671
0.17447775602340698242 0.23090113699436187744 -1.0185823440551757812 -0.72393816709518432617 0.39431503415107727051 -0.1885528266429901123 -0.027229579165577888489 0.19957843422889709473 -0.036752872169017791748 -0.083154246211051940918 -0.18671600520610809326 0.085242390632629394531 0.17953124642372131348 -0.36695724725723266602 -0.096223488450050354004 0.17246985435485839844 -0.84934055805206298828 0.33400097489356994629 0.38348221778869628906 -0.1138865351676940918 -0.45285761356353759766 0.16507136821746826172 -0.57360595464706420898 -0.92132878303527832031 -0.93893414735794067383 -0.22297368943691253662 -0.20741195976734161377 0.20818327367305755615 -0.13503180444240570068 0.0083136633038520812988 -0.37888559699058532715 0.22824853658676147461 -0.62459605932235717773 0.1871004253625869751 -0.78109079599380493164 -0.1685202866792678833 0.11003587394952774048 -0.58505648374557495117 -0.82072013616561889648 -1.3125923871994018555
-0.14861531555652618408 0.62099099159240722656 -0.6970316767692565918 0.89539688825607299805 -0.59045845270156860352 -0.99843603372573852539 0.33942633867263793945 0.34451520442962646484 0.47151383757591247559 0.1201681867241859436 -0.87396180629730224609 0.60199254751205444336 0.16198022663593292236 -0.11209577322006225586 0.16410686075687408447 0.049565374851226806641 -0.011985013261437416077 -0.45706868171691894531 0.32923457026481628418 0.045405529439449310303 -0.30401396751403808594 0.25815385580062866211 -1.1686710119247436523 -0.7027390599250793457 -0.088718056678771972656 -0.74486321210861206055 -0.067925848066806793213 -0.59633016586303710938 -0.38850161433219909668 -0.091587588191032409668 -0.52584183216094970703 0.4731655418872833252 -0.23559422791004180908 0.44105803966522216797 -1.1226420402526855469 -0.41352951526641845703 0.43332836031913757324 -0.65481173992156982422 -0.83912676572799682617 0.017579868435859680176
-0.38069650530815124512 -1.1437016725540161133 0.47865617275238037109 0.025713631883263587952 0.012790674343705177307 1.3687355518341064453 -0.091484509408473968506 -0.32266706228256225586 0.069509677588939666748 0.31430411338806152344 -0.11299817264080047607 -0.31976976990699768066 0.325351715087890625 -0.30436509847640991211 -0.077396377921104431152 0.40363094210624694824 -0.46408709883689880371 -0.33708873391151428223 -1.3133767843246459961 -0.20662869513034820557 -0.69365203380584716797 -0.88653749227523803711 0.18775762617588043213 -0.60579276084899902344 -1.2344323396682739258 0.33423826098442077637 -0.4900607764720916748 -0.66029149293899536133 -0.1880747377872467041 0.058064788579940795898 0.24573624134063720703 -0.14373676478862762451 0.020171577110886573792 0.012885416857898235321 -0.16258685290813446045 -0.11149173974990844727 -0.17595627903938293457 0.046739555895328521729 -0.95054155588150024414 -0.38247537612915039062
-1.0850805044174194336 0.6329066157341003418 -0.11778584122657775879 0.41565048694610595703 -0.12006861716508865356 0.65291565656661987305 1.3549656867980957031 -0.17527367174625396729 0.097209893167018890381 0.62219679355621337891 -1.0287698507308959961 0.746349334716796875 0.19952984154224395752 -1.2443085908889770508 -0.24632528424263000488 -1.3206199407577514648 0.1750364452600479126 0.21130684018135070801 -0.51783865690231323242 0.11947022378444671631 -0.18320512771606445312 -0.17621164023876190186 0.24196279048919677734 -0.33307301998138427734 -0.4269568026065826416 -0.73837232589721679688 -0.54987370967864990234 -0.18232174217700958252 -0.16147544980049133301 -0.1227900385856628418 -0.35074257850646972656 0.020132642239332199097 -0.10740904510021209717 -0.99115109443664550781 0.93567568063735961914 -0.96492683887481689453 -0.5898342132568359375 0.11116689443588256836 -0.56240361928939819336 -0.61740624904632568359
