layers/wind_speed.asc
ncols        290
nrows        290
xllcorner    68.000000000000
yllcorner    8.000000000000
cellsize     0.100000000000
NODATA_value -9999
[rows 252 to 269 of 290, columns 160 to 199 of 290]
1.6192933320999145508 1.6836783885955810547 1.7235529422760009766 -0.84962195158004760742 -0.038427848368883132935 -0.78086000680923461914 0.19798173010349273682 -0.7057927250862121582 -0.3693002164363861084 0.71790367364883422852 1.1269361972808837891 -1.1688139438629150391 0.35387647151947021484 2.0591745376586914062 1.6482750177383422852 1.4461771249771118164 -0.23249992728233337402 -0.75814801454544067383 2.5212857723236083984 -0.4035206139087677002 0.52322334051132202148 -1.2129808664321899414 0.33510518074035644531 0.30561622977256774902 0.90833050012588500977 1.1210194826126098633 0.14237676560878753662 -0.71993660926818847656 0.51294535398483276367 0.72418493032455444336 0.62593042850494384766 0.097742974758148193359 0.42207005620002746582 0.43473365902900695801 1.0993162393569946289 2.1577603816986083984 0.36664521694183349609 -0.56305181980133056641 0.86065506935119628906 3.3663511276245117188
1.6391135454177856445 2.7523744106292724609 1.7220330238342285156 -0.3524577021598815918 0.1217830851674079895 2.5444848537445068359 -0.86386722326278686523 2.5819153785705566406 0.89081406593322753906 0.45788082480430603027 -0.3532619178295135498 -0.51380205154418945312 2.2692356109619140625 0.99008697271347045898 1.121602177619934082 1.1784607172012329102 0.1319554448127746582 0.16655623912811279297 0.50454252958297729492 -1.2429114580154418945 -0.53599727153778076172 -1.1233158111572265625 2.1080663204193115234 -0.40707245469093322754 1.0129942893981933594 2.2573137283325195312 0.046387217938899993896 1.5745369195938110352 1.6784306764602661133 0.35305204987525939941 0.92562478780746459961 1.505074620246887207 0.77021962404251098633 1.4174970388412475586 1.0581829547882080078 0.9164517521858215332 2.1287531852722167969 2.5050253868103027344 1.5191026926040649414 0.16168186068534851074
2.5115478038787841797 0.37376415729522705078 1.3908953666687011719 2.9385192394256591797 0.74450141191482543945 0.77485775947570800781 1.1932709217071533203 2.1790511608123779297 1.4660397768020629883 1.1769136190414428711 0.099631831049919128418 1.4623677730560302734 0.58813303709030151367 0.59196364879608154297 0.58086431026458740234 0.04851273074746131897 2.0194423198699951172 -0.29617583751678466797 0.14211724698543548584 1.936221003532409668 0.30654656887054443359 0.28490310907363891602 -0.24221901595592498779 -0.20791697502136230469 2.6086254119873046875 1.3510072231292724609 0.38379591703414916992 0.61595618724822998047 -0.1479527205228805542 1.2122732400894165039 0.79664254188537597656 0.47717869281768798828 0.11462298035621643066 0.62269270420074462891 2.0573496818542480469 1.9690465927124023438 0.25963518023490905762 -0.22157277166843414307 0.95413428544998168945 2.6922848224639892578
2.5476346015930175781 1.1125996112823486328 0.99833589792251586914 2.0815231800079345703 -0.16330575942993164062 0.78303396701812744141 1.2326277494430541992 1.8393843173980712891 1.6701302528381347656 0.072200804948806762695 1.8787132501602172852 0.0018621975323185324669 -0.56856560707092285156 -0.39525386691093444824 0.85765343904495239258 -0.37993398308753967285 1.5004885196685791016 0.64555317163467407227 -0.64653199911117553711 -0.16559880971908569336 -0.1057694554328918457 0.83904534578323364258 1.4737708568572998047 -0.14352105557918548584 0.65527206659317016602 1.2367229461669921875 1.2144014835357666016 -0.43091180920600891113 0.90632444620132446289 1.3985559940338134766 0.91272145509719848633 1.3148462772369384766 0.51184260845184326172 1.9301021099090576172 1.4023239612579345703 0.490657806396484375 0.058814294636249542236 1.9345444440841674805 0.63436174392700195312 -0.38737007975578308105
0.0034225082490593194962 0.077558860182762145996 0.0011850701412186026573 0.15344217419624328613 0.33952069282531738281 0.86829370260238647461 -0.48687532544136047363 0.14167647063732147217 -0.58870393037796020508 0.81985741853713989258 1.251851201057434082 -0.2317435145378112793 0.90027165412902832031 2.7218871116638183594 0.62178081274032592773 1.6798502206802368164 0.28390106558799743652 1.3817107677459716797 2.0899968147277832031 1.942110896110534668 -0.57455903291702270508 0.13686154782772064209 -0.32356670498847961426 2.5196528434753417969 1.4037966728210449219 2.2067394256591796875 2.1789515018463134766 0.66662353277206420898 1.4137064218521118164 0.43670901656150817871 0.61368089914321899414 -0.16625915467739105225 0.13115796446800231934 -0.26461616158485412598 -0.42103606462478637695 1.0535427331924438477 1.4395440816879272461 -0.43323209881782531738 0.79066991806030273438 2.6892418861389160156
-0.58963418006896972656 0.4227117002010345459 -0.76264631748199462891 1.4104789495468139648 -0.46949934959411621094 1.8061586618423461914 0.57089716196060180664 -0.37634491920471191406 0.27323842048645019531 2.0606565475463867188 0.08931522071361541748 0.36688512563705444336 0.25154015421867370605 0.12518630921840667725 0.56663048267364501953 2.6204576492309570312 -0.26142874360084533691 3.1468617916107177734 2.2006220817565917969 -0.50026291608810424805 3.0526311397552490234 0.68024271726608276367 2.292881011962890625 -0.078825861215591430664 1.3700407743453979492 1.9212883710861206055 -0.0031074360013008117676 2.0172531604766845703 1.8246743679046630859 1.797755122184753418 1.4819399118423461914 0.71662825345993041992 1.2059684991836547852 1.2867574691772460938 0.095619894564151763916 3.5121109485626220703 1.3252214193344116211 0.69636082649230957031 0.16360762715339660645 2.7086627483367919922
0.69457268714904785156 1.4915603399276733398 1.0735608339309692383 0.093472935259342193604 1.6086812019348144531 0.10221368074417114258 1.9738192558288574219 0.67603743076324462891 1.245949864387512207 -1.0906133651733398438 2.1725566387176513672 0.26720395684242248535 0.34933733940124511719 2.2799837589263916016 1.8080376386642456055 1.9258650541305541992 1.7587493658065795898 -0.26267331838607788086 1.6919252872467041016 1.8628506660461425781 2.7521870136260986328 2.5689215660095214844 0.64845669269561767578 0.91957950592041015625 1.4982421398162841797 0.79741597175598144531 -0.065400719642639160156 -0.7984307408332824707 2.5796453952789306641 0.97523045539855957031 -0.0074052284471690654755 1.8912022113800048828 0.69374662637710571289 0.92822289466857910156 1.630139470100402832 -0.62884163856506347656 1.3386731147766113281 1.4808901548385620117 1.5033383369445800781 2.9445912837982177734
1.0433062314987182617 1.2863563299179077148 0.67701131105422973633 -0.11763782799243927002 1.57822418212890625 0.77909517288208007812 0.24140419065952301025 1.5689880847930908203 1.7225258350372314453 -0.32492166757583618164 0.19695104658603668213 3.2298159599304199219 0.15820829570293426514 0.48646128177642822266 1.8314723968505859375 1.6531496047973632812 3.2468066215515136719 0.30380156636238098145 2.0322210788726806641 1.1491627693176269531 1.2874472141265869141 0.53358876705169677734 1.6583386659622192383 1.4635926485061645508 1.5196559429168701172 -0.25749629735946655273 1.645351409912109375 0.60859429836273193359 0.023402189835906028748 1.3686289787292480469 2.4421024322509765625 2.7367296218872070312 1.6624386310577392578 1.3788744211196899414 -0.24057239294052124023 1.4009349346160888672 0.1117475554347038269 -0.18396043777465820312 0.9839083552360534668 1.2702485322952270508
0.54248142242431640625 1.14678955078125 1.067256927490234375 -0.15889096260070800781 1.1126521825790405273 1.1449888944625854492 1.5343961715698242188 0.16073250770568847656 0.94129699468612670898 0.27175009250640869141 1.5061936378479003906 1.6903216838836669922 0.033991646021604537964 0.19343274831771850586 3.1149046421051025391 1.1269165277481079102 0.44377854466438293457 0.54836153984069824219 0.55355817079544067383 2.7089943885803222656 0.056093689054250717163 0.24641397595405578613 0.94464230537414550781 1.042925715446472168 2.4086678028106689453 0.80763292312622070312 -0.19918660819530487061 2.6172201633453369141 1.9745353460311889648 -0.13383622467517852783 2.1287569999694824219 1.0494343042373657227 1.2151043415069580078 2.3107788562774658203 1.881808161735534668 2.0667397975921630859 0.80215251445770263672 -0.019759729504585266113 2.0894439220428466797 1.6644244194030761719
-0.56359720230102539062 0.14650031924247741699 0.55788767337799072266 -0.18143297731876373291 0.76405626535415649414 3.2923178672790527344 0.52667599916458129883 2.9606487751007080078 -0.21334731578826904297 0.83233481645584106445 0.30637162923812866211 1.0718848705291748047 2.6714534759521484375 -0.046076409518718719482 -0.044407330453395843506 1.1604372262954711914 0.35645690560340881348 -0.31299698352813720703 0.34457275271415710449 2.0186998844146728516 2.2510445117950439453 0.069175638258457183838 1.1701461076736450195 0.55467575788497924805 1.1697469949722290039 0.69443690776824951172 0.60628080368041992188 0.56422430276870727539 0.060720030218362808228 2.5397534370422363281 0.28882965445518493652 2.1559965610504150391 0.34476771950721740723 0.79005610942840576172 0.91592192649841308594 3.0979373455047607422 2.9874854087829589844 0.14247690141201019287 2.3468048572540283203 1.514208674430847168
0.99881005287170410156 0.64646297693252563477 0.63726603984832763672 0.099487178027629852295 2.4096434116363525391 0.79341417551040649414 -0.22572651505470275879 1.7660284042358398438 2.2722415924072265625 0.050755556672811508179 0.87476038932800292969 -0.072488144040107727051 1.4347050189971923828 2.6036207675933837891 0.50309395790100097656 1.1578208208084106445 0.34652799367904663086 1.9079490900039672852 2.2153251171112060547 -0.198818206787109375 2.4546096324920654297 0.48782265186309814453 0.43315473198890686035 -0.045597512274980545044 0.71577948331832885742 0.95561498403549194336 3.4240634441375732422 1.390618443489074707 2.0226011276245117188 0.99859249591827392578 2.230091094970703125 1.4665129184722900391 0.77525442838668823242 0.94337260723114013672 0.21993342041969299316 0.046483889222145080566 2.1701672077178955078 1.8644803762435913086 -0.52417069673538208008 0.98631125688552856445
1.6436716318130493164 1.8690829277038574219 1.1972621679306030273 1.1987707614898681641 0.59350675344467163086 1.7948524951934814453 1.057272791862487793 1.7969923019409179688 1.3843196630477905273 2.7716829776763916016 0.055247101932764053345 1.9161244630813598633 0.2654756009578704834 0.46306097507476806641 0.83027833700180053711 0.84494173526763916016 0.77266263961791992188 -0.081138625741004943848 0.55155026912689208984 1.3054941892623901367 1.6925994157791137695 0.20862343907356262207 -0.10957583785057067871 2.0786890983581542969 1.1924101114273071289 -0.21968248486518859863 1.6549266576766967773 -0.52494955062866210938 1.588206171989440918 1.4494016170501708984 2.7576487064361572266 1.0261108875274658203 0.93239176273345947266 0.013134066946804523468 0.89555364847183227539 0.87958598136901855469 1.9284807443618774414 2.0460052490234375 0.93668079376220703125 0.1886663287878036499
1.2269626855850219727 3.0898928642272949219 1.2477499246597290039 0.22744566202163696289 0.3862488865852355957 1.3419263362884521484 0.22880226373672485352 0.62764978408813476562 0.26311179995536804199 1.6219612360000610352 1.3954056501388549805 0.93704962730407714844 1.328734278678894043 1.9410396814346313477 1.0967652797698974609 1.4785560369491577148 -0.38740292191505432129 -0.15671655535697937012 -0.23912410438060760498 0.47660881280899047852 0.1076247096061706543 2.3544182777404785156 1.5882471799850463867 2.6180787086486816406 0.0078015229664742946625 -0.065934009850025177002 1.5977194309234619141 2.2441086769104003906 0.68658238649368286133 -0.39771738648414611816 1.0976356267929077148 1.334514617919921875 1.3713791370391845703 1.9303070306777954102 -0.60879236459732055664 1.4514739513397216797 0.35134992003440856934 0.65951049327850341797 1.8415699005126953125 2.7073228359222412109
2.2746870517730712891 0.82271152734756469727 2.8032877445220947266 1.3284106254577636719 -0.18807250261306762695 2.7437467575073242188 1.0663274526596069336 2.6663386821746826172 1.5538046360015869141 0.20977793633937835693 0.44762662053108215332 0.77515804767608642578 1.9385634660720825195 1.0107989311218261719 0.99957835674285888672 1.2756098508834838867 0.30304515361785888672 0.92987602949142456055 0.11920642852783203125 1.2097321748733520508 1.0410594940185546875 0.87052708864212036133 0.027213765308260917664 0.71598398685455322266 2.3563594818115234375 3.0093746185302734375 1.8313022851943969727 0.53835582733154296875 1.3164101839065551758 0.17963159084320068359 2.6252913475036621094 0.65552538633346557617 1.6997629404067993164 -0.53909337520599365234 0.079220220446586608887 0.54340380430221557617 0.80155050754547119141 0.13252411782741546631 0.91130393743515014648 2.2164640426635742188
3.4165697097778320312 1.7345125675201416016 1.7703127861022949219 0.54790472984313964844 0.51928949356079101562 1.0109349489212036133 1.8029930591583251953 0.45142346620559692383 1.3423737287521362305 0.42649751901626586914 1.5840598344802856445 1.9530897140502929688 1.6847994327545166016 -0.16251599788665771484 1.3192876577377319336 1.4467638731002807617 1.0247104167938232422 0.43926849961280822754 1.1870138645172119141 0.80171579122543334961 0.090055577456951141357 1.5837265253067016602 -0.46307703852653503418 -0.40642896294593811035 0.64548343420028686523 1.5688735246658325195 0.62620526552200317383 1.3728373050689697266 1.9664735794067382812 1.5286238193511962891 -0.55560028553009033203 1.427143096923828125 2.2445223331451416016 1.4549196958541870117 1.2366418838500976562 1.9438936710357666016 1.7790348529815673828 0.95072716474533081055 1.9882614612579345703 1.0352027416229248047
0.97931331396102905273 0.57376140356063842773 1.3210620880126953125 0.75095880031585693359 2.1390542984008789062 1.3573541641235351562 2.7830915451049804688 1.8546112775802612305 1.2354892492294311523 2.9233672618865966797 1.5934464931488037109 1.5970871448516845703 -0.44474294781684875488 -0.55050933361053466797 2.2169735431671142578 0.9612515568733215332 0.72348493337631225586 2.0842890739440917969 0.79172408580780029297 1.4983720779418945312 1.393933415412902832 1.5703439712524414062 1.1447629928588867188 1.6890170574188232422 0.21017764508724212646 2.1418900489807128906 0.70124799013137817383 0.34411633014678955078 2.3044903278350830078 1.0031324625015258789 2.7753026485443115234 2.0823724269866943359 0.46918857097625732422 3.1971471309661865234 1.4839442968368530273 3.4105546474456787109 1.8161883354187011719 0.32969343662261962891 0.88566035032272338867 0.17704993486404418945
1.4463382959365844727 2.4251027107238769531 1.1523984670639038086 1.7542607784271240234 0.72101938724517822266 -0.021902423352003097534 0.91956895589828491211 0.98942577838897705078 0.8124205470085144043 0.18396882712841033936 1.7197223901748657227 0.44711998105049133301 -0.25645169615745544434 -0.56644797325134277344 1.2079566717147827148 0.42011561989784240723 1.990330815315246582 1.2861065864562988281 1.2099862098693847656 2.0307629108428955078 0.96722996234893798828 0.95081889629364013672 1.0927088260650634766 0.30013993382453918457 1.4130705595016479492 1.1716535091400146484 1.1577093601226806641 3.4512395858764648438 -0.31346297264099121094 0.85254091024398803711 1.5180959701538085938 1.3981866836547851562 0.64057999849319458008 2.9828128814697265625 0.8146165013313293457 1.922183990478515625 0.88307684659957885742 0.78226584196090698242 1.0898878574371337891 1.8492628335952758789
1.9547669887542724609 1.83716583251953125 0.94395548105239868164 2.8416419029235839844 1.0317327976226806641 1.4583485126495361328 3.2647125720977783203 2.4258959293365478516 -0.56059640645980834961 0.21341821551322937012 2.3189878463745117188 0.11284126341342926025 2.8225085735321044922 3.3812081813812255859 1.0882298946380615234 1.9291185140609741211 -0.57334655523300170898 1.8345052003860473633 3.2403807640075683594 0.19526335597038269043 0.97638809680938720703 0.84081637859344482422 2.9759633541107177734 2.2032635211944580078 1.5757224559783935547 0.39150181412696838379 0.19348998367786407471 1.9885255098342895508 1.3001536130905151367 1.6643527746200561523 2.2181897163391113281 0.49114271998405456543 -0.024846469983458518982 3.2875461578369140625 2.4600176811218261719 1.5943834781646728516 0.71320289373397827148 1.7664399147033691406 0.50998681783676147461 2.8762922286987304688
