layers/wind_speed.asc
ncols        290
nrows        290
xllcorner    68.000000000000
yllcorner    8.000000000000
cellsize     0.100000000000
NODATA_value -9999
[rows 72 to 89 of 290, columns 80 to 119 of 290]
3.0657446384429931641 -0.6042544245719909668 -0.13300397992134094238 -0.80938762426376342773 -1.1800775527954101562 0.20885103940963745117 -0.6143550872802734375 1.8534042835235595703 1.8363345861434936523 0.1765050739049911499 0.33159479498863220215 0.5536295771598815918 1.5898454189300537109 -0.43602225184440612793 0.0081961499527096748352 -0.38651597499847412109 0.36871004104614257812 0.56958520412445068359 -0.10612992197275161743 -0.17015245556831359863 -0.20341821014881134033 0.30633747577667236328 0.53885674476623535156 -0.35017433762550354004 0.43082663416862487793 0.55049550533294677734 0.87272953987121582031 -0.42364424467086791992 0.71842592954635620117 1.4588608741760253906 1.2089828252792358398 1.7873425483703613281 0.56221395730972290039 0.32462102174758911133 1.0392909049987792969 0.54554527997970581055 0.28107485175132751465 0.54916745424270629883 -0.56339043378829956055 1.7733132839202880859
1.9979833364486694336 0.72937631607055664062 1.9878560304641723633 -0.95321619510650634766 2.0319337844848632812 2.2810046672821044922 2.6855151653289794922 3.6377086639404296875 0.71908450126647949219 3.2276148796081542969 1.1701046228408813477 -0.48630991578102111816 0.32521814107894897461 2.4057979583740234375 1.2344869375228881836 1.6453322172164916992 0.0045092059299349784851 0.0036967750638723373413 -0.41531041264533996582 0.48708584904670715332 0.035288669168949127197 -0.44040024280548095703 -0.44456699490547180176 0.96747916936874389648 0.30457893013954162598 0.24544478952884674072 0.41467460989952087402 0.87354987859725952148 0.85527914762496948242 0.55789542198181152344 -0.41311058402061462402 1.7439675331115722656 0.40701913833618164062 0.97043371200561523438 0.52508366107940673828 0.60164713859558105469 0.48979210853576660156 1.5611385107040405273 0.48039102554321289062 1.7294182777404785156
-0.63861858844757080078 -0.84152334928512573242 3.2153551578521728516 0.57744681835174560547 2.0533699989318847656 2.7324049472808837891 0.74588555097579956055 2.2267589569091796875 1.5890897512435913086 -0.48658955097198486328 3.1449246406555175781 -0.4633127748966217041 2.0029008388519287109 -0.033168192952871322632 0.49869489669799804688 -0.67207914590835571289 0.009345467202365398407 0.45368975400924682617 0.12735909223556518555 1.7329603433609008789 0.096891812980175018311 1.2253907918930053711 -0.50654768943786621094 0.038715783506631851196 -0.40654334425926208496 0.17650181055068969727 1.0044319629669189453 1.1735875606536865234 1.322623133659362793 0.40926286578178405762 0.22750391066074371338 -1.0003201961517333984 -0.57848519086837768555 -0.034480258822441101074 0.24374724924564361572 -0.22970318794250488281 1.7634494304656982422 1.8170799016952514648 0.95336592197418212891 2.0074636936187744141
1.2471495866775512695 0.43810331821441650391 3.2896714210510253906 0.19179598987102508545 -0.34332814812660217285 2.4339287281036376953 -0.90901041030883789062 0.81511360406875610352 2.9666988849639892578 1.4696934223175048828 3.0438749790191650391 0.68541473150253295898 -0.84455668926239013672 -0.61321145296096801758 0.39399155974388122559 0.92739498615264892578 -0.27202114462852478027 -0.17806105315685272217 -0.35053580999374389648 0.056851632893085479736 0.64311975240707397461 0.30042222142219543457 0.26702746748924255371 1.4386147260665893555 -0.131488800048828125 0.21202249825000762939 0.33397313952445983887 0.30280077457427978516 -0.40761134028434753418 1.0692399740219116211 0.48284578323364257812 0.95151865482330322266 1.4940763711929321289 0.95718979835510253906 -0.30144178867340087891 0.24339501559734344482 1.0024759769439697266 0.53686678409576416016 -0.47589579224586486816 0.56991881132125854492
-0.84490472078323364258 0.42652782797813415527 2.7407345771789550781 0.62191665172576904297 2.1907696723937988281 -1.1298781633377075195 -0.12179554253816604614 -0.44814994931221008301 -0.7729727625846862793 1.4155945777893066406 1.2502464056015014648 -0.35246950387954711914 0.3913885653018951416 -0.67136734724044799805 0.59641289710998535156 -0.068364284932613372803 2.784488677978515625 0.78086644411087036133 0.39696133136749267578 2.3964731693267822266 -1.2485640048980712891 0.30583131313323974609 0.087571725249290466309 0.05838612094521522522 0.24006731808185577393 0.0047248173505067825317 0.7200705409049987793 0.33950787782669067383 0.84219563007354736328 1.1924149990081787109 0.019635546952486038208 1.2312463521957397461 -0.54425793886184692383 -0.68138200044631958008 1.5867308378219604492 1.6596654653549194336 0.66022002696990966797 1.0778681039810180664 1.6842769384384155273 0.88457685708999633789
2.3493001461029052734 0.42624482512474060059 0.60507029294967651367 0.53786480426788330078 -0.071053378283977508545 -0.77272337675094604492 -1.1163880825042724609 0.29261550307273864746 -0.26123276352882385254 0.11768759042024612427 1.5998908281326293945 0.66702181100845336914 0.71246486902236938477 1.5372704267501831055 1.3570464849472045898 -0.22052583098411560059 0.60504734516143798828 0.17478679120540618896 0.33872470259666442871 -0.29801854491233825684 0.21509888768196105957 0.083331778645515441895 -0.010892317630350589752 0.84715032577514648438 0.21633553504943847656 0.40644782781600952148 -0.66782957315444946289 0.42443576455116271973 0.30866518616676330566 -0.8218593597412109375 -0.52495974302291870117 0.34197056293487548828 0.38097214698791503906 0.98967975378036499023 0.82929390668869018555 1.2255728244781494141 0.054753158241510391235 0.44738164544105529785 -0.7313817143440246582 -0.10848923772573471069
2.5093381404876708984 0.47024700045585632324 -1.1499264240264892578 0.96521168947219848633 1.338634490966796875 2.0960068702697753906 2.1593942642211914062 0.91352468729019165039 -0.21528914570808410645 -0.76090800762176513672 -0.14354118704795837402 0.1642879098653793335 0.99621862173080444336 -0.34024369716644287109 1.4475837945938110352 1.675572514533996582 0.81948190927505493164 -0.83854430913925170898 0.29170578718185424805 -0.044919062405824661255 -0.75782233476638793945 0.26927742362022399902 1.1174086332321166992 0.38630926609039306641 -0.203913077712059021 0.16630464792251586914 -0.40738829970359802246 0.39092603325843811035 0.43017277121543884277 0.084179587662220001221 1.8886742591857910156 -0.8150889277458190918 0.20844218134880065918 0.15677668154239654541 -0.57902860641479492188 -0.52908033132553100586 2.1798954010009765625 0.25382649898529052734 0.16346469521522521973 1.497126460075378418
1.9747411012649536133 -0.10389502346515655518 0.5085404515266418457 -0.48225650191307067871 2.3286690711975097656 1.4395717382431030273 0.83085191249847412109 -0.51773226261138916016 0.17582184076309204102 -0.73958241939544677734 1.5915093421936035156 0.54941391944885253906 -0.042957719415426254272 -0.21103627979755401611 -0.035733673721551895142 1.2664078474044799805 -0.72515583038330078125 0.41392338275909423828 -0.78118109703063964844 1.3221361637115478516 0.28952121734619140625 0.052138783037662506104 0.095334857702255249023 -0.65568125247955322266 -0.34868547320365905762 1.121313929557800293 0.45337727665901184082 -0.023122798651456832886 -0.044610336422920227051 0.64688974618911743164 0.6162001490592956543 0.54119443893432617188 0.1741085350513458252 -0.040436662733554840088 -0.022914506494998931885 0.4647999107837677002 -0.55848592519760131836 0.56855440139770507812 -0.42825514078140258789 0.69545972347259521484
0.34030809998512268066 0.37180992960929870605 1.8905652761459350586 2.6633055210113525391 0.75517767667770385742 0.024179141968488693237 -0.31461513042449951172 0.44119426608085632324 0.30764779448509216309 -0.9104588627815246582 0.2858606874942779541 0.93830102682113647461 0.91676366329193115234 0.13062752783298492432 0.2047748565673828125 0.78250330686569213867 1.4913450479507446289 0.18199619650840759277 0.050882626324892044067 -0.20867787301540374756 -0.33038595318794250488 -0.44881743192672729492 0.51034116744995117188 0.27661797404289245605 0.21842272579669952393 1.5926361083984375 0.65480506420135498047 0.23823152482509613037 0.5462080836296081543 0.19289997220039367676 0.45225986838340759277 1.3501349687576293945 0.49476796388626098633 -0.54739344120025634766 0.33702176809310913086 -0.70298469066619873047 1.2247115373611450195 0.093177825212478637695 -0.36695632338523864746 0.40173345804214477539
-0.68817085027694702148 0.5638453364372253418 -1.1364282369613647461 -0.3356514275074005127 0.78509002923965454102 -0.22944700717926025391 0.75233274698257446289 -0.93992984294891357422 0.099878348410129547119 -0.87850236892700195312 0.016974816098809242249 0.026346437633037567139 -0.081644460558891296387 -0.12392868101596832275 0.37107822299003601074 0.69712507724761962891 -0.67156523466110229492 0.33692580461502075195 -0.49887666106224060059 -0.8258717656135559082 -0.25882068276405334473 -1.1207154989242553711 -0.74353235960006713867 0.091251045465469360352 -1.0310244560241699219 -1.0124083757400512695 0.17386832833290100098 -0.58755803108215332031 0.31723564863204956055 0.55230438709259033203 1.3578815460205078125 -0.25605544447898864746 -0.65786021947860717773 0.80691057443618774414 -0.83686542510986328125 0.3243313133716583252 -0.77980917692184448242 0.43172568082809448242 -0.74248957633972167969 1.6007101535797119141
0.16963021457195281982 0.77406710386276245117 0.46853005886077880859 -0.60044771432876586914 -1.1352212429046630859 2.1206150054931640625 0.74127709865570068359 1.3417984247207641602 1.2798463106155395508 0.51506447792053222656 2.7705261707305908203 0.38473564386367797852 0.19876660406589508057 0.50425016880035400391 0.21910931169986724854 -0.39227464795112609863 1.4342899322509765625 -0.61819946765899658203 -0.29374015331268310547 2.0471630096435546875 -0.53598099946975708008 -0.88776886463165283203 -0.42137295007705688477 -0.30788299441337585449 -0.23254750669002532959 -0.76103347539901733398 -0.79248440265655517578 -0.76854175329208374023 1.9851546287536621094 -0.37729206681251525879 0.066421888768672943115 0.71893709897994995117 0.6512934565544128418 1.304770350456237793 0.29980161786079406738 0.68281054496765136719 -0.20474705100059509277 -0.1663589775562286377 0.92951166629791259766 -0.8787975311279296875
-0.98701280355453491211 -0.26343482732772827148 2.5270993709564208984 0.50961166620254516602 0.53999692201614379883 0.23857674002647399902 1.3294045925140380859 -0.80411875247955322266 0.9273732304573059082 -0.4507363736629486084 1.1803340911865234375 -1.0586837530136108398 -0.69395744800567626953 -0.39825302362442016602 0.68713498115539550781 1.6516582965850830078 1.3364613056182861328 -0.47537279129028320312 -0.34667098522186279297 -0.71978688240051269531 1.2527709007263183594 -0.76083266735076904297 -0.19903005659580230713 0.54919391870498657227 -0.72525525093078613281 0.40343800187110900879 0.6996739506721496582 1.5980291366577148438 0.35470253229141235352 -0.58023357391357421875 0.68084472417831420898 0.070040315389633178711 0.13136941194534301758 0.42196288704872131348 0.24005247652530670166 -0.35644301772117614746 -0.31450217962265014648 0.5906321406364440918 0.58458650112152099609 -0.17613905668258666992
0.61824792623519897461 -0.64266598224639892578 0.86447674036026000977 -0.52560710906982421875 -0.71095395088195800781 0.21401067078113555908 0.11007135361433029175 -0.82076001167297363281 -0.75076138973236083984 -0.78032886981964111328 0.46381303668022155762 -0.99760878086090087891 0.20550779998302459717 0.98205232620239257812 1.155696868896484375 0.0079934485256671905518 -0.64575636386871337891 -1.3227611780166625977 -0.47742012143135070801 -0.65584063529968261719 0.49906045198440551758 1.4824959039688110352 0.68098825216293334961 0.80349272489547729492 0.51584380865097045898 -0.72215229272842407227 0.34677481651306152344 -0.49109634757041931152 0.24094745516777038574 1.0251685380935668945 0.45725461840629577637 -1.0240232944488525391 0.51613408327102661133 0.91018939018249511719 0.71457791328430175781 -0.11686829477548599243 0.71333342790603637695 0.33510985970497131348 0.58375638723373413086 0.30687084794044494629
0.0058744396083056926727 4.0417642593383789062 -0.41090252995491027832 0.31422340869903564453 1.5314333438873291016 0.48026740550994873047 -0.90390312671661376953 0.1854025721549987793 -0.037035983055830001831 -0.85293900966644287109 -0.35591024160385131836 -0.24854096770286560059 -0.70016980171203613281 -1.0572953224182128906 -0.63451987504959106445 0.4595902562141418457 0.97090190649032592773 0.45612034201622009277 -0.80170291662216186523 -0.0086318040266633033752 1.1423777341842651367 1.2459642887115478516 -0.56927889585494995117 1.2153841257095336914 -0.47506314516067504883 2.5983383655548095703 -0.20662584900856018066 0.91306281089782714844 1.9249203205108642578 -0.47818538546562194824 0.63774341344833374023 0.30866122245788574219 0.45153975486755371094 1.9336252212524414062 0.98359972238540649414 0.21871426701545715332 1.1638582944869995117 -0.85135293006896972656 -0.013340792618691921234 0.024988930672407150269
1.4738690853118896484 2.3747811317443847656 0.53419321775436401367 -0.081186503171920776367 -0.52560365200042724609 -0.62917619943618774414 1.4293211698532104492 -0.16981913149356842041 2.1993415355682373047 -1.0139088630676269531 1.4118887186050415039 -0.77877020835876464844 0.40931674838066101074 0.029969442635774612427 0.56061756610870361328 0.28390797972679138184 -1.1478703022003173828 -1.011942744255065918 0.58136200904846191406 -0.71545064449310302734 -0.42343440651893615723 0.46179029345512390137 -0.97210443019866943359 -0.98998612165451049805 0.65506404638290405273 0.052229359745979309082 0.31054192781448364258 0.37807291746139526367 2.6831259727478027344 0.29341104626655578613 0.81324940919876098633 0.25038757920265197754 0.29202976822853088379 -0.40198224782943725586 -0.21056114137172698975 -0.50331556797027587891 -0.5326334834098815918 -0.61498737335205078125 -0.17967474460601806641 0.11135312914848327637
0.3970387876033782959 1.3913292884826660156 2.3201494216918945312 4.70352935791015625 0.12340754270553588867 3.8679149150848388672 3.4215199947357177734 1.571381688117980957 1.4664227962493896484 0.15973556041717529297 -0.707332611083984375 -0.84867078065872192383 -0.80036753416061401367 1.0377330780029296875 0.11145458370447158813 -0.15414111316204071045 0.61728560924530029297 -0.80684298276901245117 -0.047536183148622512817 0.71191388368606567383 0.69738101959228515625 1.2237858772277832031 1.7569953203201293945 0.65402168035507202148 -0.89414155483245849609 1.8816089630126953125 -0.89373552799224853516 -0.20187874138355255127 1.5650237798690795898 0.83479571342468261719 0.39431342482566833496 -0.75908863544464111328 0.61526125669479370117 0.24559178948402404785 0.006760468706488609314 -0.2743676602840423584 0.021616609767079353333 -0.18738277256488800049 -0.57358247041702270508 -0.60925996303558349609
-0.4989230036735534668 0.85310858488082885742 1.5354583263397216797 0.054345823824405670166 -0.69260573387145996094 2.9465029239654541016 0.057451400905847549438 0.54161894321441650391 -0.074628092348575592041 0.26199796795845031738 0.10742902010679244995 0.77070921659469604492 -0.46399071812629699707 1.857966303825378418 -1.0721406936645507812 -0.75520908832550048828 -0.73560923337936401367 -0.46084246039390563965 -0.85363233089447021484 0.70449262857437133789 -0.29294511675834655762 0.052976220846176147461 0.7848224639892578125 0.23911786079406738281 -0.88977444171905517578 0.44545587897300720215 -1.0211286544799804688 1.5381681919097900391 0.39618408679962158203 0.30454009771347045898 -0.83716219663619995117 -0.66782796382904052734 0.12464296072721481323 -0.25328585505485534668 0.1241399720311164856 -0.079225875437259674072 0.23498433828353881836 0.043183136731386184692 -0.38889411091804504395 -0.60277229547500610352
4.058300018310546875 -0.41156154870986938477 -0.40820428729057312012 1.1010646820068359375 0.25268593430519104004 -0.09984181821346282959 0.39648008346557617188 0.38951790332794189453 0.16000413894653320312 2.7035803794860839844 -0.2147713005542755127 -0.81227195262908935547 -0.49057272076606750488 -0.50029158592224121094 -1.0598740577697753906 -1.0940440893173217773 0.41025522351264953613 0.92776381969451904297 1.1869533061981201172 -0.57783436775207519531 0.038033165037631988525 0.49624744057655334473 -0.75041735172271728516 1.0274270772933959961 -0.077294722199440002441 0.27453342080116271973 0.31839737296104431152 0.10156003385782241821 0.86521250009536743164 0.4291324317455291748 0.28487899899482727051 -0.076858110725879669189 1.4091191291809082031 -0.90478557348251342773 0.0030663071665912866592 0.10625743865966796875 0.49472546577453613281 -0.18841710686683654785 0.64347374439239501953 -1.0441122055053710938
