outputs/pantheraTigris_4.asc
ncols         290
nrows         290
xllcorner     68.0
yllcorner     8.0
cellsize      0.1
NODATA_value  -9999
[rows 156 to 181 of 290, columns 174 to 231 of 290]
5.38115E-1 8.43944E-1 4.98386E-1 4.51667E-1 4.69432E-1 8.22615E-1 8.18613E-1 2.82646E-1 2.36309E-1 2.60327E-1 4.68332E-1 3.17062E-1 5.63833E-1 5.56191E-1 6.84573E-2 6.22344E-1 6.3769E-1 5.83362E-1 6.38871E-1 6.54491E-1 2.64805E-1 6.80901E-1 5.99945E-1 7.65533E-1 3.91018E-1 5.38186E-1 3.07178E-1 6.32753E-1 5.60252E-1 6.81415E-1 4.43113E-1 3.5314E-1 4.32168E-1 6.87127E-1 5.32586E-1 4.52545E-1 7.05084E-1 5.17225E-1 6.58285E-1 6.95595E-1 5.61486E-1 4.37411E-1 2.64418E-1 6.06562E-1 5.51517E-1 5.68148E-1 1.31009E-1 2.72864E-1 1.35454E-1 7.30184E-1 7.46476E-1 2.97237E-1 1.91834E-1 1.78072E-1 1.2688E-1 1.63707E-1 3.95429E-1 6.09624E-1
4.0389E-1 4.54133E-1 4.75805E-1 4.96074E-1 4.44268E-1 4.83742E-1 4.4321E-1 4.1669E-1 7.41916E-1 1.87019E-1 7.55591E-1 4.21118E-1 8.20322E-2 5.24695E-1 4.87961E-1 6.67096E-1 5.04265E-1 5.027E-1 2.76297E-1 4.4499E-1 5.71727E-1 4.68394E-1 5.36526E-1 2.42727E-1 2.59072E-1 4.01205E-1 3.63041E-1 1.47949E-1 5.11884E-1 6.58669E-1 4.06474E-1 4.65577E-1 5.00726E-1 4.63585E-1 4.08998E-1 4.11159E-1 5.71601E-1 3.90189E-1 7.98786E-1 7.27177E-1 3.68262E-1 5.0224E-1 5.88245E-1 4.97385E-1 4.95212E-1 2.23726E-1 2.82335E-1 3.51583E-1 2.68743E-1 2.38569E-1 6.15592E-1 6.42823E-2 4.11526E-1 2.62739E-1 3.16385E-1 3.60662E-1 6.50039E-1 6.00014E-1
7.89437E-1 3.20176E-1 6.61039E-1 5.01543E-1 5.80007E-1 7.29645E-2 5.38884E-1 6.09694E-1 3.73451E-1 5.36068E-1 1.73759E-1 4.97809E-1 5.89398E-1 4.61586E-1 6.11972E-1 4.32626E-1 2.3541E-1 2.30832E-1 3.81679E-1 4.04258E-2 5.25136E-1 6.36046E-1 1.33942E-1 4.27295E-1 4.1799E-1 8.11411E-1 3.71221E-1 7.44669E-1 5.37733E-1 5.11748E-1 6.02275E-1 2.33996E-1 1.07245E-1 6.76612E-1 7.51012E-1 4.42356E-1 5.18787E-1 6.61616E-1 3.78626E-1 4.68035E-1 4.11331E-1 4.73311E-1 7.29547E-1 3.04878E-1 4.72312E-1 6.84805E-1 3.6903E-1 1.62685E-1 5.48748E-1 3.03358E-1 4.08757E-1 4.20726E-1 5.17962E-1 1.98495E-1 3.48493E-1 3.90806E-1 7.67467E-1 7.25057E-1
5.10786E-1 4.94738E-1 4.06607E-1 4.89518E-1 1.74008E-1 4.39897E-1 7.08017E-1 6.14808E-1 6.08961E-1 5.12188E-1 6.31197E-1 5.38734E-1 4.30156E-1 3.74324E-1 6.18322E-1 3.31547E-1 1.81353E-1 3.91379E-1 4.30822E-1 2.755E-1 4.09747E-1 4.68731E-1 2.88585E-1 4.85241E-1 4.78895E-1 3.02517E-1 6.2459E-1 3.38032E-1 4.05516E-1 6.71533E-1 8.36419E-1 4.58186E-1 5.36599E-1 1.15791E-1 1.12535E-1 5.48169E-1 4.14739E-1 4.69973E-1 7.33891E-1 4.66279E-1 3.90404E-1 4.09436E-1 3.3057E-1 6.14067E-1 5.14E-1 7.39557E-1 3.76689E-1 3.65074E-1 1.90025E-1 5.07136E-1 9.2329E-1 3.26398E-1 6.56514E-1 7.59444E-1 4.55207E-1 7.0676E-1 4.36965E-1 3.06782E-1
6.18604E-1 5.72615E-1 5.49237E-1 5.63543E-1 3.60174E-1 4.78583E-1 3.98372E-1 6.59962E-1 4.50988E-1 2.39128E-1 7.3469E-1 5.65482E-1 6.73212E-1 6.22415E-1 6.52556E-1 5.0803E-1 6.37157E-1 4.48157E-1 8.22364E-1 6.86192E-1 4.27259E-1 4.26555E-1 6.96982E-1 3.87338E-1 6.76899E-1 4.97726E-1 5.28756E-1 4.93214E-1 4.45767E-1 5.79587E-1 4.21477E-1 3.11354E-1 5.30194E-1 2.11114E-1 7.28732E-1 4.4574E-1 5.68767E-1 3.82739E-1 5.44679E-1 4.17394E-1 2.93238E-1 6.20409E-1 3.65904E-1 2.35331E-1 3.529E-1 3.8506E-1 3.05131E-1 4.68307E-1 4.52689E-1 2.95805E-1 6.22926E-1 2.73986E-1 3.57129E-1 3.19006E-1 5.89357E-1 7.7234E-1 3.37865E-1 5.48992E-1
2.56884E-1 5.84637E-1 6.54504E-1 8.08558E-1 1.95722E-1 4.48981E-1 6.23159E-2 3.79556E-1 6.01929E-1 3.01079E-1 4.31185E-1 4.59803E-1 4.09374E-1 4.23502E-1 6.13617E-1 4.72281E-1 7.32775E-1 4.36177E-1 5.46447E-1 5.70304E-1 6.8058E-1 8.80682E-1 8.36812E-1 4.57341E-1 2.76029E-1 4.02279E-1 3.00772E-1 4.79319E-1 7.5263E-1 1.92503E-1 2.55128E-1 2.51583E-1 2.53559E-1 3.87743E-1 4.16511E-1 2.92456E-1 5.40508E-1 4.83418E-1 3.95031E-1 3.30506E-1 5.08565E-1 5.68216E-1 2.26528E-1 4.11263E-1 3.18059E-1 2.30058E-1 5.47047E-1 9.82068E-2 4.04994E-1 7.53323E-1 6.75562E-1 8.45838E-1 7.15999E-1 4.94714E-1 6.67258E-1 6.74352E-1 4.77196E-1 2.35527E-1
8.33065E-1 6.9847E-1 3.70629E-1 4.81423E-1 7.32287E-1 4.4384E-1 3.12396E-1 4.87402E-1 6.3725E-1 5.35585E-1 3.11688E-1 6.25703E-1 6.60933E-1 6.13761E-1 5.97935E-1 5.31093E-1 3.69978E-1 4.59455E-1 3.97361E-1 4.59915E-1 5.40923E-1 5.06136E-1 6.52364E-1 5.98852E-1 3.45903E-1 3.47602E-1 6.60608E-1 6.37455E-1 6.68326E-1 2.96053E-1 6.21857E-1 5.83017E-1 8.02419E-1 6.18784E-1 2.20706E-1 2.9023E-1 3.96428E-1 2.18187E-1 1.8065E-1 2.71113E-1 4.28144E-1 3.71214E-1 2.79456E-1 2.07884E-1 3.42925E-1 6.24498E-1 3.7881E-1 6.23219E-1 1.16478E-1 6.01425E-1 8.78556E-1 6.12988E-1 5.26679E-1 2.32983E-1 2.9942E-1 2.47361E-1 1.68924E-1 2.24007E-1
2.29428E-1 2.72633E-1 2.20426E-1 5.6569E-1 4.23378E-1 2.0248E-1 2.36064E-1 2.12054E-1 1.95836E-1 7.14697E-1 4.68105E-1 4.27958E-1 6.00756E-1 5.69896E-1 6.0085E-1 4.97476E-1 4.35537E-1 7.21911E-1 3.31842E-1 5.93291E-1 4.1121E-1 2.68606E-1 5.2834E-1 3.51809E-1 6.72226E-1 3.51385E-1 6.80142E-1 6.52975E-1 4.16229E-1 5.5419E-1 3.44593E-2 3.18535E-1 5.01126E-1 3.93674E-1 2.75887E-1 2.03458E-1 2.403E-1 1.65199E-1 3.91121E-1 4.3149E-1 4.45634E-1 2.27902E-1 3.04347E-1 4.12555E-1 4.56138E-1 2.72664E-1 1.86491E-1 2.54981E-1 1.76647E-1 6.60304E-1 6.69419E-1 2.20362E-1 7.17448E-1 3.05015E-1 6.4936E-1 8.15064E-1 1.86761E-1 5.34521E-1
4.85349E-1 4.24549E-1 7.90332E-1 7.87237E-1 7.16531E-2 5.58528E-1 5.46743E-1 6.64611E-1 1.50702E-1 3.9957E-1 3.35743E-2 4.14979E-1 7.5547E-1 6.17884E-1 4.57659E-1 5.62352E-1 5.46552E-1 6.07853E-1 3.32569E-1 5.2722E-1 1.89227E-1 7.12308E-1 2.74166E-1 4.55974E-1 4.91428E-1 3.82096E-1 4.46818E-1 5.4204E-1 7.16198E-1 7.69166E-1 7.81803E-1 8.50256E-2 3.94904E-1 3.43453E-1 4.87189E-1 5.07735E-1 2.06278E-1 4.00061E-1 4.64589E-1 3.17853E-1 2.21256E-1 1.8254E-1 4.72138E-1 7.71897E-1 5.23688E-1 2.90539E-1 2.74044E-1 2.21231E-1 3.99297E-1 5.38271E-1 1.31031E-1 5.43729E-1 6.89323E-1 3.56021E-1 4.00572E-1 9.47589E-2 2.56522E-1 2.30021E-1
5.35827E-1 4.76812E-1 4.09369E-1 5.08483E-1 5.07308E-1 4.26454E-2 5.43483E-1 4.02624E-2 4.52807E-1 2.33433E-1 2.81164E-1 2.37989E-1 5.93769E-1 5.21595E-1 1.12697E-1 5.58647E-1 2.45153E-1 5.53379E-1 3.94648E-1 4.9211E-1 2.29233E-1 3.59627E-2 4.98472E-1 3.75718E-1 2.80236E-1 7.07956E-1 2.97779E-1 4.99006E-1 5.05814E-1 3.22758E-1 7.32817E-1 5.28451E-1 4.92444E-1 5.71789E-1 7.45137E-1 3.44087E-1 1.18442E-1 7.92715E-1 4.72207E-1 5.27775E-1 2.08531E-1 2.06437E-1 1.97204E-1 5.45751E-1 1.87992E-1 2.01903E-1 5.96215E-1 2.91106E-1 4.0031E-1 2.99117E-1 3.02741E-1 4.42632E-1 1.26241E-1 3.7741E-1 3.53683E-1 1.71097E-1 3.64848E-1 4.77777E-1
4.03898E-1 6.05227E-1 5.02203E-1 5.76651E-1 5.32186E-1 6.18652E-1 7.02737E-1 3.10825E-1 6.51708E-1 5.66491E-1 5.65648E-1 7.51436E-1 3.08785E-1 5.4558E-1 3.63164E-1 4.62301E-1 5.50589E-1 4.9689E-1 6.06457E-1 6.32436E-1 6.89417E-1 6.92384E-1 4.83528E-1 4.46804E-1 4.37392E-1 4.58575E-1 6.9147E-1 6.75199E-1 1.75267E-1 5.01585E-1 4.66497E-1 6.926E-1 6.1915E-1 3.52713E-1 6.29753E-1 2.14628E-1 1.11016E-1 2.10695E-1 4.42477E-1 2.09953E-1 2.16781E-1 1.92613E-1 1.67915E-1 5.46848E-1 3.01283E-1 8.27556E-1 5.53533E-1 5.70129E-1 1.71626E-1 1.78169E-1 7.3436E-1 4.92554E-1 9.65772E-1 3.89866E-1 9.17997E-1 3.34945E-1 3.03405E-1 4.13811E-1
5.46964E-1 4.55765E-1 3.72502E-1 8.42368E-1 5.27178E-1 4.12757E-1 6.43437E-1 5.38373E-1 6.38761E-1 3.43262E-1 9.22414E-2 3.68039E-1 3.16376E-1 4.80895E-1 4.29107E-1 6.60491E-1 6.59917E-1 6.23988E-1 4.59407E-1 3.72363E-1 5.57527E-1 5.14454E-1 6.78142E-1 6.67806E-1 6.31629E-1 5.36686E-1 7.19298E-1 2.08426E-1 8.12062E-1 6.94528E-1 5.80978E-1 5.81274E-1 2.20776E-1 7.06167E-1 3.94181E-1 1.06231E-1 2.16343E-1 4.26546E-1 4.54815E-1 2.24386E-1 2.07358E-1 2.90517E-1 7.56632E-2 3.52157E-1 7.20513E-1 5.41722E-1 3.25608E-1 2.37313E-1 7.13644E-1 1.85957E-1 2.02021E-1 5.1674E-1 2.7253E-1 8.77579E-1 2.01918E-1 2.98645E-1 1.60869E-1 4.37697E-1
3.0646E-1 9.43191E-2 5.29433E-1 7.03707E-1 5.15925E-1 2.2549E-1 4.16814E-1 6.43366E-1 5.87753E-1 1.10504E-1 5.06977E-1 3.46057E-1 5.53875E-1 3.8468E-1 7.67531E-2 5.01598E-1 5.31678E-1 3.25363E-1 4.02645E-1 5.01853E-1 3.86062E-1 5.48805E-1 6.1033E-1 6.13717E-1 5.7335E-1 7.08536E-1 2.66459E-1 6.58554E-1 3.93785E-1 7.205E-1 5.20205E-1 3.15347E-1 5.33729E-1 6.53465E-1 5.62715E-1 3.43045E-1 2.83268E-1 4.27113E-1 1.07411E-1 2.88963E-1 1.86047E-1 3.48428E-1 5.42961E-1 1.64341E-1 7.79519E-1 1.62854E-1 5.87358E-1 7.3799E-1 3.08028E-1 6.88599E-1 2.05577E-1 8.5988E-1 6.34628E-1 8.13062E-1 9.18732E-1 6.60395E-1 1.7082E-1 5.40121E-1
3.18229E-1 4.17984E-1 7.14391E-1 5.90405E-1 6.02517E-2 6.36484E-1 5.55738E-1 4.3734E-1 7.07124E-1 4.31756E-1 1.08722E-1 3.15535E-1 5.61877E-1 4.92625E-1 3.86169E-1 5.45981E-1 5.08288E-1 1.91601E-1 3.98917E-1 3.63434E-1 5.00744E-1 6.23355E-1 4.04676E-1 3.42391E-1 4.72935E-1 6.27935E-1 5.4766E-1 4.12393E-1 6.07312E-1 7.2318E-1 5.87939E-1 1.25299E-1 5.5208E-1 1.97141E-1 4.1203E-1 5.78447E-1 5.02441E-1 4.01161E-1 2.15193E-1 2.22962E-1 5.58803E-1 3.64142E-1 4.64003E-1 2.90775E-1 5.38072E-1 3.62106E-1 3.51194E-1 6.48766E-1 9.72335E-1 5.67038E-1 3.43738E-1 2.51871E-1 3.04616E-1 3.51772E-1 6.29598E-1 4.92587E-1 3.27055E-1 1.48029E-1
5.56942E-1 5.68772E-1 5.94939E-1 2.06298E-1 5.56133E-1 4.76407E-1 4.61856E-1 5.81515E-1 6.24239E-1 5.14715E-1 5.82081E-1 3.78588E-1 7.22761E-1 4.48932E-1 4.88524E-1 4.84395E-1 5.70485E-1 5.0196E-1 5.95979E-1 5.15299E-1 5.6888E-1 6.55563E-1 5.05219E-1 6.55109E-1 4.22635E-1 6.44809E-1 2.7045E-1 3.77237E-1 5.82995E-1 5.89711E-1 6.48227E-1 3.94942E-1 5.32102E-1 6.38403E-1 5.41089E-1 4.20973E-1 5.01513E-1 2.54556E-1 2.20543E-1 1.70489E-1 2.82536E-1 2.69084E-1 7.37293E-1 6.12167E-1 6.32822E-1 2.93009E-1 7.07646E-1 1.29194E-1 6.05215E-1 6.16067E-1 6.65581E-1 8.30629E-1 2.15942E-1 7.80538E-1 3.82297E-1 3.70353E-1 1.92461E-1 1.73138E-1
6.05527E-1 5.4963E-1 6.9747E-1 6.09449E-1 3.74314E-1 2.29299E-1 4.24888E-1 1.12899E-1 5.61851E-1 4.42346E-1 6.41753E-1 5.79492E-1 5.50819E-1 3.47931E-1 7.50319E-1 3.16521E-1 4.79901E-1 4.05642E-1 6.43467E-1 6.30305E-1 6.43573E-1 3.83261E-1 5.14993E-1 7.83216E-1 8.26779E-1 2.9175E-1 4.19372E-1 3.78085E-1 7.45388E-1 6.59149E-1 5.68859E-1 6.09431E-1 4.93097E-1 3.76469E-1 8.01569E-1 6.8545E-1 8.70168E-1 8.17995E-1 4.8043E-1 8.4767E-1 3.13295E-1 3.93644E-1 5.39683E-1 7.90258E-1 3.37921E-1 5.95434E-1 3.98577E-1 1.80852E-1 4.73618E-1 1.68049E-1 3.0442E-1 1.16323E-1 1.0839E-1 1.51011E-1 1.97789E-1 9.61622E-2 5.08237E-1 4.51349E-1
5.38711E-1 4.02918E-1 7.07533E-1 5.37305E-1 2.6377E-1 4.42413E-1 7.28459E-1 2.25488E-1 4.52509E-1 4.86046E-1 3.44407E-1 5.90582E-1 4.15078E-1 5.4413E-1 7.25059E-1 1.82216E-1 3.05096E-1 3.94338E-1 3.54778E-1 4.76589E-1 3.17727E-1 4.52573E-1 4.33147E-1 7.82266E-1 7.47675E-1 1.91933E-1 5.02124E-1 7.89871E-1 5.61219E-1 5.50006E-1 3.23943E-1 5.80164E-1 8.35843E-1 7.43127E-1 3.20913E-1 4.87038E-1 3.41752E-1 5.08813E-1 2.11144E-1 6.74935E-1 5.82596E-1 2.06396E-1 9.01637E-1 3.35095E-1 7.78027E-1 7.85845E-1 5.84264E-1 5.45337E-1 3.17653E-1 1.29047E-1 1.09254E-1 1.6379E-1 9.36454E-2 2.33413E-1 1.3485E-1 1.46052E-1 1.80906E-1 7.45504E-2
1.59993E-1 2.35836E-1 5.95279E-1 3.07598E-1 3.07467E-1 1.30544E-1 3.84314E-1 2.84722E-1 3.54544E-1 2.9736E-1 2.71003E-1 5.0613E-1 4.86838E-1 5.43148E-1 4.86299E-1 5.81876E-1 4.08066E-1 7.30327E-1 1.11937E-1 8.31452E-1 5.22089E-1 2.87507E-1 5.97251E-1 5.76889E-1 7.39464E-1 5.83091E-1 5.1019E-1 5.79845E-1 4.33711E-1 6.19812E-1 3.27214E-1 5.81336E-1 3.13091E-1 2.36241E-1 1.76941E-1 2.6858E-1 2.27023E-1 6.3328E-1 7.13512E-1 4.1498E-1 4.95649E-1 2.2184E-1 2.81729E-1 4.58355E-1 2.53935E-1 5.47324E-1 4.92018E-1 3.02495E-1 8.12308E-1 4.21204E-1 7.60318E-2 1.44865E-1 3.65134E-1 6.47573E-2 8.26788E-2 6.20647E-2 1.00289E-1 6.25228E-2
2.78156E-1 5.03416E-1 2.08168E-1 1.00201E-1 2.74061E-1 3.14897E-1 1.98669E-1 2.81172E-1 7.40564E-2 3.01092E-1 1.84528E-2 2.93257E-1 3.64689E-1 2.04375E-1 4.79604E-1 2.77986E-1 2.72821E-1 3.34574E-1 1.31264E-1 3.92435E-2 6.89152E-1 4.8702E-1 4.38518E-1 4.16829E-1 3.78984E-1 2.68577E-1 3.34066E-1 5.79246E-1 4.6592E-1 4.65563E-1 3.25543E-1 5.59976E-1 4.69387E-1 3.28768E-1 3.75153E-1 5.23327E-1 8.89401E-1 7.92404E-1 5.39732E-1 6.05897E-1 4.9953E-1 2.26345E-1 3.52137E-1 6.97512E-1 5.09371E-1 5.36847E-1 3.70905E-1 6.36942E-1 4.25553E-1 2.95043E-1 1.01527E-1 7.32001E-2 3.06327E-1 1.01659E-1 4.54665E-1 1.01092E-1 9.8434E-2 1.96829E-1
2.92419E-1 3.22794E-1 3.12386E-1 1.97828E-2 2.68189E-1 3.20401E-1 3.64469E-1 7.2842E-2 1.78907E-1 5.09599E-2 1.63503E-2 2.25931E-1 3.18023E-1 4.28054E-1 2.03218E-1 4.24674E-1 9.51922E-2 3.22406E-1 5.88265E-1 3.87062E-1 6.01088E-1 7.06974E-2 4.48873E-1 3.23119E-1 3.1872E-1 1.59745E-1 2.86018E-1 7.08499E-1 4.23046E-1 4.848E-1 4.61649E-1 5.78336E-1 6.98822E-1 6.28142E-1 5.80586E-1 5.17729E-1 8.46299E-1 8.47269E-1 8.04941E-1 4.7402E-1 3.89067E-1 2.80485E-1 5.09354E-1 4.25216E-1 3.49915E-1 3.95265E-1 4.83365E-1 8.16517E-1 3.20024E-1 3.04904E-1 2.03161E-1 5.39106E-2 1.74125E-1 5.43805E-2 1.36542E-1 1.23894E-1 5.68505E-1 2.62796E-1
1.85988E-1 2.37223E-1 4.05078E-1 2.65786E-1 3.20527E-1 2.81359E-1 2.00972E-1 2.11109E-1 1.68004E-1 1.98228E-1 3.12601E-1 7.84946E-1 3.18363E-1 2.98465E-1 4.45573E-1 6.34848E-1 4.4557E-1 5.92844E-1 7.92651E-1 5.1105E-1 4.79659E-1 2.51333E-2 2.92517E-1 2.59314E-1 2.60099E-1 3.66817E-1 8.13502E-1 8.25046E-1 5.59131E-1 3.78215E-1 2.65877E-1 7.2448E-1 4.68287E-1 6.56108E-1 4.79009E-1 6.46414E-1 6.16745E-1 3.23063E-1 4.68395E-1 5.74606E-1 4.72078E-1 8.80528E-1 4.98671E-1 8.54226E-1 4.29519E-1 2.51353E-1 5.3657E-1 3.76813E-1 4.40529E-1 5.62513E-1 2.83189E-1 1.16565E-1 8.96865E-2 4.26267E-1 2.70637E-1 2.27253E-1 6.15692E-1 1.49578E-1
1.36378E-1 4.34239E-2 2.19075E-2 3.18382E-1 2.66723E-1 2.72415E-1 4.35162E-1 1.69967E-1 4.9773E-1 5.25551E-1 4.05771E-1 6.55627E-1 5.52621E-1 3.7004E-1 3.48285E-1 3.52551E-1 6.57443E-1 6.77431E-1 6.33134E-1 5.14916E-1 2.77794E-1 2.67877E-1 2.47074E-1 5.42712E-1 3.03911E-1 3.82724E-1 4.2978E-1 4.64878E-1 3.89288E-1 8.56434E-1 7.81793E-1 4.6986E-1 4.68815E-1 7.3684E-1 5.81142E-1 4.13149E-1 8.62908E-1 8.13992E-1 5.99391E-1 4.4364E-1 1.74988E-1 2.50268E-1 5.94244E-1 1.82613E-1 4.67778E-1 2.0373E-1 5.54584E-1 8.28279E-1 6.23728E-1 4.84492E-1 4.40129E-1 1.3587E-1 1.3906E-1 3.28187E-1 8.20526E-1 2.27869E-1 2.00085E-1 1.32114E-1
2.25866E-1 2.90484E-1 2.97267E-1 1.41657E-1 2.60771E-1 2.65925E-1 3.53064E-1 4.26312E-1 3.27479E-1 3.20405E-1 4.84207E-1 4.56076E-1 5.81277E-1 2.23577E-1 3.25562E-1 5.39259E-1 1.45798E-1 3.01109E-1 2.7979E-1 3.14383E-1 4.19163E-1 6.96926E-1 2.20322E-1 7.11512E-1 6.09976E-1 4.15359E-1 5.48722E-1 5.4064E-1 5.81029E-1 3.68152E-1 5.09471E-1 5.79645E-1 6.66583E-1 6.2567E-1 8.84164E-1 1.43534E-1 5.45424E-1 2.54939E-1 3.26209E-1 2.85393E-1 6.41564E-1 1.75939E-1 3.15281E-1 4.35208E-1 7.71142E-1 9.9985E-2 2.78633E-1 4.26287E-1 8.05504E-1 4.40692E-1 4.32507E-1 2.91577E-1 1.94089E-1 3.39072E-1 6.56531E-1 4.61523E-1 4.85906E-1 2.98715E-1
2.88506E-1 3.29658E-1 2.08338E-1 1.57094E-1 3.47478E-1 2.96854E-1 1.57775E-1 3.773E-1 2.53509E-1 1.69022E-1 4.07506E-1 2.88195E-1 5.96562E-1 3.6358E-1 2.47816E-1 2.63665E-1 4.53527E-1 3.44794E-1 3.24391E-1 1.80369E-1 2.01169E-1 1.19799E-1 5.25731E-1 7.97573E-1 5.96713E-1 4.14203E-1 4.35346E-1 6.48244E-1 2.60603E-1 5.66913E-1 6.92591E-1 6.32683E-1 3.32563E-1 4.47393E-1 1.50507E-1 5.9879E-1 1.65572E-1 5.85261E-1 7.51325E-1 5.33103E-1 2.11975E-1 1.94562E-1 6.41451E-1 1.12867E-1 2.93598E-1 2.98353E-1 3.22657E-1 2.04034E-1 5.77003E-1 5.76417E-1 2.66401E-1 5.39317E-1 4.16507E-1 4.19557E-1 4.89753E-1 1.98863E-1 4.33104E-1 1.05172E-1
2.98905E-1 1.59371E-1 3.11288E-1 3.19431E-1 1.88475E-1 2.98877E-1 2.85192E-1 3.498E-1 2.50361E-1 2.84259E-1 3.22281E-1 2.19788E-1 2.8559E-1 3.07296E-1 1.80254E-1 2.86467E-1 6.32192E-1 3.3033E-1 1.33476E-1 3.48906E-1 5.71284E-1 4.9806E-1 5.31995E-1 6.45685E-1 4.63605E-1 6.79807E-1 8.78893E-1 6.11091E-1 4.51173E-1 3.55947E-1 8.10969E-1 2.94801E-1 1.4996E-1 3.85103E-1 1.6096E-1 3.75779E-1 3.20096E-1 3.22937E-1 6.9602E-1 1.83018E-1 1.37918E-1 3.69189E-1 2.92422E-1 2.1611E-1 3.89156E-1 1.64932E-1 3.30265E-1 3.48534E-1 4.25846E-1 3.37973E-1 5.2817E-1 2.73636E-1 6.41577E-1 2.83406E-1 3.05341E-1 3.58663E-1 4.18476E-1 4.78853E-1
7.92097E-2 2.47962E-1 1.43655E-1 1.50341E-1 1.89471E-1 3.19842E-1 2.52722E-1 2.02854E-1 2.00823E-1 4.39609E-1 4.79297E-1 8.84526E-2 3.6393E-1 1.74515E-1 2.71808E-1 2.8166E-1 3.4386E-1 2.5749E-1 2.55771E-1 4.65599E-1 5.79272E-1 5.61145E-1 4.68337E-1 4.5536E-1 5.42437E-1 6.68982E-1 3.89041E-1 3.62592E-1 4.25506E-1 4.84049E-1 3.67288E-1 3.18278E-1 2.86325E-1 4.66451E-1 4.40971E-1 1.0134E-1 9.33131E-1 6.69475E-1 2.19254E-1 7.24658E-1 5.13473E-1 6.81378E-1 5.02798E-1 4.86375E-1 5.27044E-1 4.38135E-1 5.1861E-1 8.12377E-1 3.23342E-1 4.52861E-1 4.20952E-1 7.2413E-1 5.41414E-1 4.11999E-1 5.9727E-1 2.70504E-1 5.30732E-1 3.673E-1
