outputs/pantheraTigris_avg.asc
ncols         290
nrows         290
xllcorner     68.0
yllcorner     8.0
cellsize      0.1
NODATA_value  -9999
[rows 234 to 259 of 290, columns 116 to 173 of 290]
6.2227E-2 7.58351E-2 2.06105E-2 1.07119E-1 9.18254E-2 9.81769E-2 1.19213E-1 5.07537E-3 3.95322E-1 3.19466E-1 4.16514E-2 7.74078E-2 1.36679E-1 1.42376E-2 1.07873E-2 3.23576E-2 6.574E-2 1.05748E-2 8.21967E-2 7.23344E-2 6.63745E-4 1.56218E-2 1.07508E-4 3.75669E-4 7.39081E-4 2.432E-2 7.42576E-4 3.45654E-2 2.26526E-2 6.81594E-2 6.75448E-3 1.00205E-2 3.99064E-2 3.91663E-4 4.7735E-3 7.76288E-2 3.28473E-3 2.63134E-2 3.89962E-2 2.35444E-3 2.61279E-2 4.06934E-3 4.39018E-2 2.40374E-3 1.58845E-2 1.24384E-1 1.6832E-2 7.19E-2 3.38264E-2 1.29479E-2 4.37966E-3 1.35318E-2 4.28401E-3 2.81833E-2 4.08748E-3 2.97583E-2 1.10351E-2 1.44254E-3
1.38614E-1 5.98431E-2 3.17151E-3 7.19708E-2 5.39563E-2 3.16234E-2 9.81691E-2 2.33997E-2 1.73615E-2 1.94213E-2 2.38344E-2 2.05711E-2 1.50246E-1 2.73697E-4 8.89998E-2 1.11123E-1 1.02078E-2 2.97634E-2 5.63729E-4 3.47168E-2 2.09408E-3 5.5461E-4 1.1886E-4 2.55397E-2 1.13853E-2 5.44197E-4 1.40059E-2 2.82923E-3 3.83358E-3 1.30961E-2 6.49053E-2 1.19408E-2 1.23077E-2 3.0925E-3 1.02729E-2 1.19353E-2 4.29526E-3 9.93282E-3 2.27104E-3 9.18097E-3 8.56075E-3 3.30225E-2 1.81102E-2 1.74854E-2 1.61962E-2 4.26407E-3 1.10993E-2 5.7879E-2 4.78129E-3 1.05702E-2 2.9779E-4 9.13822E-4 1.62251E-3 1.10315E-3 4.2479E-3 6.2281E-3 6.03369E-3 5.24434E-3
6.50871E-2 3.55059E-2 7.7543E-2 2.04342E-3 1.23403E-1 3.57153E-3 6.04129E-1 1.29233E-1 2.30601E-2 6.61484E-2 5.98384E-2 6.4064E-3 1.84112E-1 3.54157E-3 5.07746E-2 1.55969E-4 6.5024E-3 4.1182E-3 7.40895E-4 6.39195E-4 3.81346E-3 1.86926E-2 2.58358E-4 1.1733E-2 2.89061E-2 9.31821E-4 7.86456E-2 1.50107E-4 1.07645E-2 5.5932E-2 4.15926E-3 2.88191E-3 1.00201E-2 2.39991E-4 7.16816E-4 1.05034E-1 4.54813E-3 4.06596E-2 8.40428E-3 2.66773E-2 1.66858E-2 1.86441E-2 4.72888E-2 6.8627E-3 4.55426E-2 4.31648E-2 1.42051E-2 4.29497E-3 1.36003E-3 4.73961E-2 1.96806E-3 2.19702E-3 1.02807E-2 2.45166E-2 3.76328E-2 2.54201E-2 3.3331E-3 3.77835E-2
1.1302E-1 5.42631E-2 2.31468E-2 3.55141E-1 6.98661E-1 7.3676E-1 8.19237E-2 1.6133E-1 4.90044E-1 3.34748E-1 1.12056E-3 1.02113E-2 1.1824E-1 5.54834E-5 5.67611E-3 1.68625E-2 2.05874E-2 6.03345E-2 5.47244E-3 3.83941E-3 1.15632E-2 5.00176E-4 6.15757E-4 7.7715E-3 1.97428E-2 1.38588E-2 9.57692E-3 1.18724E-2 1.04208E-2 3.97579E-2 1.00903E-2 1.00454E-2 2.06183E-2 6.83308E-3 5.0473E-2 1.52756E-2 4.39399E-4 5.96968E-3 2.50424E-2 1.11672E-2 5.39987E-3 1.09889E-2 1.19497E-2 7.96567E-2 4.94422E-2 4.56086E-2 7.56548E-4 4.59609E-2 3.71353E-2 3.79113E-2 3.15327E-2 2.16603E-3 4.29284E-3 7.79141E-4 5.92149E-2 1.11305E-3 1.04935E-3 2.38913E-3
9.96859E-2 9.38628E-3 9.51977E-3 1.96834E-1 4.15674E-2 3.94247E-1 5.24998E-2 6.64653E-3 1.66685E-2 4.80552E-3 6.22306E-3 9.19876E-4 9.33986E-3 2.42088E-2 5.00784E-2 2.89613E-2 8.35022E-4 5.49724E-3 3.82336E-2 5.07646E-4 2.9975E-3 4.78378E-4 9.61663E-2 5.96382E-3 3.76464E-4 1.18364E-4 4.80212E-2 1.84888E-2 5.74582E-4 7.26504E-4 4.45809E-3 3.6823E-2 9.71579E-3 1.24973E-4 4.00517E-2 7.19878E-4 1.4415E-2 1.94238E-3 2.99773E-2 2.03057E-2 6.9433E-3 2.5264E-3 7.63836E-3 1.63486E-2 1.58088E-2 1.25616E-2 1.57739E-3 9.3036E-3 1.64082E-2 2.63281E-3 3.49134E-4 3.86094E-3 4.14523E-3 7.77076E-3 2.14492E-3 5.56366E-3 2.45524E-2 2.72258E-3
5.71646E-2 4.45039E-2 1.7933E-3 7.22462E-2 1.24423E-1 3.98284E-3 9.03587E-2 7.72943E-2 3.02232E-2 9.65091E-3 1.6669E-4 8.97957E-3 4.32057E-3 1.70695E-3 3.98714E-2 1.19784E-3 9.60309E-3 1.5075E-2 7.16102E-3 4.9178E-5 1.03719E-3 2.19326E-3 5.12933E-3 1.45382E-4 1.99866E-3 7.37585E-4 7.87903E-3 5.30264E-2 1.12184E-2 1.8356E-2 3.1501E-2 9.31538E-4 7.93077E-3 1.83986E-2 1.17926E-2 2.48293E-5 6.79538E-2 1.46612E-2 3.55155E-3 3.5682E-3 8.52015E-4 6.75438E-3 7.92153E-3 3.72838E-2 4.73592E-2 1.34222E-2 3.89331E-2 3.86072E-3 3.56177E-3 1.96713E-2 3.14755E-4 1.81682E-2 1.43171E-4 4.61127E-3 4.81567E-4 4.50643E-2 7.98158E-3 1.32385E-2
2.53628E-3 9.81081E-3 2.13814E-2 4.91394E-3 4.95236E-2 5.69229E-2 3.48267E-1 3.31841E-2 3.47334E-1 1.30555E-2 1.67507E-1 5.59952E-2 1.17517E-1 3.38961E-2 1.14429E-2 4.55466E-2 2.42223E-2 3.43151E-2 4.11252E-3 2.36032E-4 2.72402E-4 2.91796E-3 1.01662E-3 3.72619E-2 1.79115E-2 6.35352E-3 2.29273E-3 5.98814E-3 3.91936E-3 3.362E-2 1.10106E-3 2.63364E-2 3.96953E-2 1.28231E-2 4.56229E-4 2.51187E-3 4.98876E-2 2.29988E-2 2.81294E-3 1.07766E-2 1.35655E-3 3.7811E-2 2.12949E-3 1.68962E-2 7.60995E-3 3.85365E-2 2.56314E-3 1.52415E-3 4.44076E-2 1.73544E-2 1.05245E-1 5.54339E-2 1.76139E-4 6.53237E-3 4.59676E-3 2.1018E-2 2.02864E-2 2.29502E-3
5.56003E-3 7.3532E-2 1.28623E-2 9.3457E-2 3.52598E-2 2.99581E-1 9.59319E-2 3.79903E-2 3.27348E-1 4.41599E-2 3.97898E-2 3.57889E-2 1.66174E-2 2.44716E-2 4.55068E-2 1.72599E-2 4.27204E-3 1.48444E-3 2.02397E-3 4.36944E-4 6.32791E-4 1.0454E-3 5.83566E-3 3.73486E-2 3.42495E-3 5.50287E-4 3.89049E-2 5.23563E-3 1.66065E-2 2.45931E-4 3.89656E-3 4.52285E-3 8.36953E-3 2.91038E-2 2.28064E-2 4.45836E-2 5.75282E-4 1.96176E-2 1.35775E-3 5.89021E-2 1.78155E-2 4.46729E-2 3.81512E-2 7.46125E-2 2.30687E-2 3.44253E-3 3.82124E-2 4.47882E-2 2.80965E-2 3.79384E-3 1.16961E-2 2.79167E-2 4.30298E-2 1.5498E-4 1.73161E-2 1.81862E-2 5.53343E-2 4.81407E-2
3.19697E-2 8.21561E-2 3.29656E-2 2.8012E-2 9.85387E-2 1.02782E-2 6.44976E-2 5.45672E-2 2.02643E-2 3.03298E-2 2.0398E-2 1.33342E-2 2.10028E-2 3.12971E-3 6.85833E-2 6.16014E-4 7.94489E-2 7.74885E-2 3.76993E-2 2.23638E-3 1.24741E-4 2.33371E-3 6.08666E-2 1.1367E-3 6.10927E-3 2.04934E-3 5.01685E-3 2.95057E-4 3.1843E-2 7.31505E-2 1.9233E-3 9.32898E-5 2.2934E-2 4.82495E-3 3.05028E-2 3.70772E-3 1.19983E-2 1.1277E-2 1.88133E-2 1.0785E-2 3.57134E-2 3.81405E-3 1.24898E-2 6.36769E-2 6.34063E-3 9.32819E-3 7.03103E-4 2.14067E-3 6.66119E-2 7.72796E-3 6.67375E-2 6.50053E-5 1.66834E-2 1.66735E-4 2.64569E-4 4.32757E-2 4.83533E-3 2.03053E-3
1.20087E-2 1.48614E-1 4.38719E-2 1.74261E-2 9.80102E-2 1.47198E-1 9.12908E-3 7.32726E-2 6.45998E-2 1.92429E-3 1.67155E-2 4.13478E-2 1.69687E-3 7.04247E-2 2.71934E-3 1.24274E-1 6.27388E-3 1.08405E-3 3.62027E-2 5.39205E-3 8.29297E-4 4.03885E-3 7.82942E-3 1.14196E-3 3.95445E-4 2.08113E-3 1.314E-2 4.38958E-3 1.0782E-3 5.36489E-3 1.43232E-4 2.3096E-2 2.63682E-2 3.74786E-2 8.15849E-3 3.78623E-3 3.04465E-3 9.65765E-3 1.28766E-1 2.40012E-3 6.83924E-3 4.17066E-2 8.1523E-2 2.84616E-3 2.51622E-2 2.90169E-3 6.82937E-3 4.71959E-2 5.54404E-2 4.73735E-3 1.16106E-2 3.43104E-2 1.81023E-3 4.20132E-2 1.94058E-2 1.77529E-2 1.19393E-4 4.52892E-4
4.67663E-2 5.1968E-2 5.66289E-2 8.14576E-2 1.39103E-2 4.08781E-2 1.00023E-2 1.36139E-3 5.70897E-2 2.44101E-2 6.78004E-2 1.70047E-2 1.03575E-2 2.44604E-3 7.35894E-3 3.29522E-2 3.25263E-3 2.67856E-2 9.75766E-4 1.27437E-1 1.18493E-2 2.54634E-3 5.03178E-2 6.10445E-3 4.63043E-2 4.95159E-2 6.12371E-3 5.27348E-2 3.16875E-4 3.85242E-4 1.17832E-3 7.57111E-3 2.46441E-2 1.47625E-2 1.93418E-3 2.59081E-4 3.92225E-4 1.6229E-2 7.81305E-3 2.5789E-2 2.82186E-2 7.63631E-3 5.33044E-3 1.37207E-4 1.86522E-2 1.06729E-3 3.51189E-3 3.21347E-3 1.26919E-2 9.24815E-4 2.04012E-2 1.25336E-2 8.42188E-3 1.38408E-3 3.66724E-2 2.74908E-4 3.87293E-4 1.52339E-2
2.11913E-2 5.6883E-2 6.71318E-3 2.88959E-2 5.48297E-2 3.18264E-2 5.9835E-2 5.49169E-3 9.23801E-2 9.11578E-2 4.97381E-2 5.97481E-2 6.21726E-3 6.70396E-2 3.37585E-2 6.82302E-3 4.94699E-3 2.65521E-2 2.48068E-3 1.1403E-2 6.24327E-3 2.8503E-2 5.00996E-3 1.95152E-2 3.90019E-2 7.34835E-3 4.73647E-4 7.53491E-2 4.08504E-4 1.7643E-2 1.54711E-2 5.35559E-4 4.86835E-4 4.05547E-4 1.5654E-2 9.31387E-4 5.54083E-3 2.84348E-2 1.21207E-4 8.66055E-4 7.60432E-2 4.25128E-2 1.9839E-2 3.47475E-2 2.01577E-2 6.2865E-3 4.13839E-5 3.70803E-2 9.14442E-3 5.61377E-5 7.63019E-5 4.11343E-5 1.16954E-1 1.38052E-4 2.97983E-2 1.29094E-2 2.08977E-2 4.1548E-2
5.63907E-2 1.049E-1 8.7176E-3 6.16304E-2 6.90545E-2 5.49313E-2 2.59597E-2 2.01772E-2 3.08603E-2 1.06032E-1 3.23886E-2 5.00191E-3 5.14361E-2 7.88893E-3 1.90935E-2 7.71908E-4 5.41157E-3 1.5991E-2 2.75852E-3 1.6688E-2 1.69863E-2 1.08925E-2 1.23383E-3 3.29734E-2 3.75827E-3 2.24709E-2 3.17489E-2 4.6588E-2 8.52128E-4 4.2454E-3 6.751E-4 5.17397E-2 1.53787E-3 2.08062E-5 4.91915E-2 1.38442E-2 5.19015E-5 9.38034E-3 1.2813E-2 8.78764E-3 1.5175E-4 1.83746E-5 4.04092E-2 2.37455E-4 7.73333E-5 3.86524E-4 5.12924E-3 1.55883E-5 3.49629E-2 3.20062E-3 2.7289E-2 2.03625E-2 2.9492E-2 2.08366E-4 1.08367E-2 1.61642E-2 2.80829E-3 2.36334E-4
2.36145E-2 6.77484E-2 7.0616E-3 1.44992E-2 6.54543E-3 6.0557E-3 4.34953E-3 7.41054E-3 4.01399E-2 3.42157E-2 6.4989E-3 2.27097E-2 4.75261E-2 6.0359E-3 1.36916E-2 1.67968E-2 5.39043E-2 4.38599E-4 6.57492E-2 3.13248E-3 1.98224E-2 2.91736E-2 9.10637E-3 1.89652E-2 1.73658E-2 2.66897E-3 5.88065E-2 1.66568E-3 4.91181E-3 8.64657E-2 5.23248E-2 1.37822E-1 2.27602E-4 1.41038E-2 1.5632E-1 5.04363E-5 8.58021E-4 1.00289E-1 6.5437E-2 7.32061E-2 2.96081E-3 1.67164E-2 2.83378E-5 9.37428E-2 1.35324E-2 4.79926E-2 5.36027E-2 6.24789E-2 1.43607E-5 1.62127E-3 8.08864E-6 2.93093E-2 4.46887E-3 5.46975E-3 3.24853E-3 4.83084E-2 2.29836E-2 1.34572E-1
1.35389E-1 5.88197E-2 2.10544E-2 6.49716E-2 5.97917E-2 7.13304E-3 3.37664E-2 1.96739E-1 1.18314E-3 2.1023E-2 7.28984E-3 2.58059E-3 2.89896E-3 4.40605E-4 1.30991E-3 8.19306E-3 2.6629E-2 1.40022E-2 4.0784E-2 9.60444E-3 2.52466E-3 9.75806E-3 2.80208E-3 1.38887E-3 8.79934E-2 9.49626E-3 1.58282E-3 6.20567E-2 1.21354E-4 4.29008E-5 3.05438E-5 2.00766E-3 5.13844E-2 7.12486E-3 1.41837E-4 1.79396E-1 5.61351E-5 4.64347E-2 1.86509E-4 1.96654E-2 1.843E-2 1.63443E-2 8.75566E-4 1.53306E-2 1.28587E-4 1.94947E-3 9.76675E-3 5.74926E-3 1.76966E-3 3.566E-2 5.83179E-4 1.98472E-2 3.71623E-2 2.64633E-2 2.54025E-2 1.96201E-2 2.46447E-2 4.16245E-2
2.22669E-2 1.32363E-2 6.65299E-3 2.77177E-3 6.81843E-3 8.23336E-2 2.20516E-2 2.60537E-3 7.01592E-2 2.93222E-2 5.89353E-2 6.43513E-3 5.66889E-2 3.13994E-3 9.749E-2 1.55554E-2 4.63772E-2 6.66154E-3 2.6946E-2 6.85449E-2 2.70086E-3 1.43099E-2 2.60515E-2 1.12313E-3 1.64503E-3 1.39703E-2 4.53211E-2 1.19307E-2 4.58116E-5 5.54547E-2 1.95039E-5 1.07115E-2 1.03514E-2 5.93488E-5 5.53575E-3 1.48041E-3 3.47209E-3 4.70701E-2 2.39406E-3 9.69519E-4 5.53845E-4 5.61077E-4 5.17945E-2 2.83872E-3 1.15805E-3 6.67856E-5 3.92403E-4 3.31824E-4 9.46324E-5 3.67283E-2 3.8505E-2 5.97094E-4 1.19802E-4 1.34523E-4 5.51777E-5 9.49805E-3 9.11053E-5 9.30604E-5
2.40238E-2 1.33698E-1 3.9662E-3 6.1713E-3 6.53617E-2 1.11879E-2 7.078E-2 2.92869E-2 3.90377E-2 2.3651E-2 5.19111E-2 1.00455E-1 5.37185E-2 1.5461E-2 4.8234E-3 2.77192E-3 2.11349E-2 5.25415E-2 1.98876E-3 1.64468E-3 1.01791E-2 3.80745E-3 5.32826E-2 8.65078E-3 1.27952E-1 8.64241E-2 1.07679E-1 1.26271E-2 1.97495E-5 1.08025E-5 5.17509E-4 6.57997E-3 1.24139E-3 2.36688E-4 9.45652E-4 2.63196E-6 6.05947E-2 5.00989E-6 3.13453E-2 7.62291E-4 7.10257E-2 8.02109E-3 7.86961E-2 1.38271E-4 9.36911E-3 4.2492E-2 6.60707E-5 5.17944E-3 1.05917E-3 5.9495E-3 3.39529E-2 7.06212E-3 3.98039E-2 1.13377E-2 4.48707E-2 3.11482E-2 1.10301E-2 1.11699E-2
5.01786E-3 7.04116E-2 1.06322E-1 6.55922E-3 4.61555E-2 7.89034E-2 7.12527E-2 8.07066E-3 1.18633E-2 7.14217E-2 2.00471E-2 2.60843E-3 2.25414E-2 3.51868E-2 2.9165E-3 2.79018E-4 2.48434E-3 3.47128E-2 3.85909E-2 1.68631E-2 5.63882E-3 4.02474E-2 9.15505E-4 9.0719E-2 5.64384E-2 4.9963E-4 7.57171E-2 6.63806E-4 7.06657E-2 5.43511E-2 9.42712E-4 1.66789E-4 1.40335E-4 6.18615E-3 3.2266E-4 1.56194E-3 3.02223E-2 2.72801E-3 7.73394E-4 1.45526E-1 4.06058E-2 3.08963E-3 1.58561E-2 5.16882E-2 9.46505E-4 1.01449E-4 4.69937E-2 3.26801E-4 6.71564E-2 6.7085E-2 6.88845E-3 1.43934E-4 4.46896E-2 2.91107E-2 4.13619E-2 5.47869E-2 4.05614E-2 4.37967E-2
2.68111E-2 1.6899E-2 3.71561E-2 1.04508E-2 2.96009E-2 1.50556E-2 2.22486E-2 4.33833E-2 3.78512E-2 9.04998E-3 1.41106E-2 9.16478E-3 4.78808E-4 1.17682E-2 8.64131E-2 3.03284E-2 1.47175E-3 8.00835E-2 2.76106E-2 5.45825E-2 5.31504E-4 7.46621E-2 6.57928E-2 1.74317E-2 2.94422E-2 6.7348E-5 8.1716E-2 3.53748E-3 2.29574E-2 2.07244E-5 4.36823E-2 2.64249E-3 4.46102E-4 2.40714E-3 1.1732E-1 5.43149E-3 1.75202E-5 8.67249E-4 4.12745E-5 1.82748E-2 5.50071E-5 5.33027E-2 2.08158E-2 3.47718E-2 8.398E-3 7.95323E-3 7.49817E-3 4.76534E-2 3.52677E-2 7.40475E-2 6.66657E-2 1.0413E-1 3.53993E-2 6.81446E-3 9.51092E-3 3.64995E-2 1.71191E-2 6.37498E-4
1.79461E-2 1.44358E-1 3.18844E-2 4.26715E-2 7.6409E-3 7.45198E-2 2.07766E-2 2.80045E-2 1.72269E-2 1.21736E-2 3.99868E-2 6.06719E-3 3.36938E-2 3.91395E-3 2.83091E-2 1.72219E-2 2.14367E-2 4.45643E-3 7.45475E-2 3.99825E-3 1.78583E-2 3.04378E-2 1.80532E-2 4.91281E-3 5.08864E-4 1.41907E-2 6.87281E-3 1.64552E-2 8.4356E-5 6.83333E-3 9.4815E-2 5.94629E-3 7.90478E-5 9.3651E-3 1.16537E-5 4.78203E-4 9.97753E-3 1.91219E-3 1.47276E-4 2.66133E-2 5.97436E-5 5.02414E-2 2.09552E-4 5.48198E-2 2.52454E-3 6.43951E-4 2.14106E-3 4.45011E-2 3.22958E-2 3.84985E-4 8.22033E-2 1.20355E-4 2.99112E-2 8.04614E-3 3.24293E-2 3.1735E-2 6.57937E-4 7.83694E-2
7.40319E-2 1.70092E-1 9.95012E-3 6.22429E-2 3.81102E-2 2.04011E-2 2.2691E-2 2.14301E-2 6.74087E-3 3.91946E-2 5.85449E-2 1.24304E-2 5.00372E-2 3.96981E-3 5.93648E-3 2.37809E-3 1.90729E-3 3.41139E-3 7.90358E-3 5.93889E-3 1.74324E-4 5.02923E-2 5.97227E-3 3.20547E-2 2.20586E-3 6.60608E-3 3.27282E-2 4.97035E-2 5.45302E-2 1.69954E-4 1.55947E-4 4.08543E-2 6.0571E-2 5.0577E-2 1.42445E-3 3.78166E-2 3.95244E-4 1.04044E-2 1.76711E-2 2.64505E-3 3.31798E-2 2.80763E-2 4.28577E-2 4.9682E-2 8.81198E-4 1.71364E-2 5.35938E-3 7.32973E-5 1.14914E-2 1.22554E-2 6.26865E-3 7.91123E-4 3.41866E-4 7.32838E-3 2.10199E-2 2.19026E-3 8.72929E-3 2.37629E-2
1.20791E-1 7.22305E-3 1.44032E-2 7.0549E-2 5.78635E-2 3.41012E-2 5.63686E-2 4.99283E-2 1.61658E-2 3.78563E-2 8.12977E-3 2.2603E-2 2.75397E-2 8.16079E-3 2.75992E-2 4.13025E-4 9.08101E-2 3.74155E-4 2.75294E-4 1.90158E-4 1.28104E-3 3.86906E-4 4.11686E-4 7.05615E-2 7.63666E-2 6.63961E-5 6.52379E-4 2.02463E-2 1.08303E-2 1.35991E-3 1.59829E-2 3.10149E-2 5.89921E-3 1.74286E-2 8.01689E-2 8.81549E-3 3.37112E-2 1.68285E-2 1.49941E-4 3.05364E-2 1.09945E-2 2.61944E-2 2.0668E-4 2.0952E-4 1.65751E-4 7.13575E-3 7.17668E-3 1.62255E-3 3.07606E-2 1.49156E-2 8.28908E-3 1.43723E-3 3.49246E-3 2.62748E-2 3.14922E-3 1.7691E-2 1.21889E-1 3.307E-2
6.4219E-2 1.76878E-1 7.8534E-2 2.73497E-2 4.43099E-2 1.10377E-2 4.37775E-3 2.69817E-2 6.00516E-2 3.12592E-3 2.1585E-2 5.41089E-2 1.27571E-3 4.67861E-2 2.87518E-3 9.03978E-4 4.37025E-2 8.44328E-2 4.76765E-2 5.58703E-3 3.07673E-2 1.19366E-3 2.0424E-2 7.35296E-2 2.01845E-2 7.65554E-2 2.24301E-2 4.41227E-2 3.10421E-3 1.22091E-2 1.51109E-2 3.34258E-2 2.70678E-3 6.89731E-3 1.72867E-2 2.10301E-2 1.26595E-2 5.16502E-4 7.8549E-3 4.75713E-2 4.35269E-2 8.03294E-2 4.01963E-3 2.95626E-2 4.02531E-2 2.88536E-2 5.68405E-2 4.08866E-2 1.11297E-2 1.27393E-2 9.79356E-2 9.70215E-2 5.25482E-2 1.54085E-2 2.50916E-2 5.36932E-2 1.36796E-2 3.26113E-4
4.24996E-2 2.74382E-1 4.43705E-2 1.09089E-1 8.44005E-2 3.09805E-2 1.00936E-1 3.03969E-2 4.61155E-2 3.60657E-3 3.66891E-2 4.70306E-2 2.98574E-3 8.98606E-3 6.36211E-2 2.1876E-2 3.4203E-3 1.00366E-3 7.53728E-2 3.46212E-2 1.26494E-1 4.41626E-3 7.01987E-4 1.5876E-1 2.43347E-2 3.37164E-2 6.81747E-3 1.75589E-1 6.54791E-3 5.85105E-2 1.5201E-2 2.96409E-3 3.78145E-2 2.76653E-4 1.38832E-1 3.20108E-2 6.30164E-2 1.58134E-2 7.4727E-2 1.8316E-2 4.97707E-2 4.08377E-2 6.93785E-3 1.42518E-3 8.547E-2 2.17982E-2 9.16887E-2 7.86216E-3 6.8259E-2 2.82992E-3 4.15642E-2 4.11477E-2 5.08132E-2 1.19859E-3 1.79993E-2 2.91889E-2 2.30231E-2 5.66263E-2
1.6522E-2 9.73275E-3 1.26053E-1 2.23519E-2 2.44639E-2 1.06517E-1 2.40114E-2 1.55669E-2 1.06641E-1 1.00303E-1 4.77815E-2 4.00421E-2 2.4862E-2 8.27908E-2 7.45036E-3 6.82413E-3 3.68245E-3 7.64549E-3 4.00161E-2 1.56568E-2 1.78395E-3 8.50306E-2 1.41678E-1 8.46462E-2 1.60536E-2 8.69528E-2 1.26652E-3 1.65469E-1 5.20731E-4 7.2062E-3 1.87306E-3 1.44974E-1 1.35173E-3 1.52193E-2 8.30609E-3 8.77972E-2 2.36203E-4 8.91689E-3 3.26803E-2 3.6286E-2 2.10378E-2 1.38234E-2 3.60871E-2 8.95057E-2 1.89763E-2 1.20011E-2 8.46181E-3 5.95412E-2 2.74288E-3 5.73049E-2 1.09066E-3 1.08152E-2 4.0448E-3 4.84134E-2 6.91729E-4 2.59698E-2 2.94202E-2 5.08694E-4
3.51251E-1 2.15099E-2 2.02962E-2 9.42443E-3 3.61852E-1 1.00378E-2 1.88223E-1 8.09917E-2 4.16054E-3 2.35965E-2 1.93095E-2 2.08766E-3 2.34549E-3 4.11658E-2 1.17711E-1 1.57858E-3 9.80845E-2 6.04607E-3 1.00157E-1 4.44979E-2 8.12052E-4 3.52037E-3 5.57411E-4 6.44212E-3 2.9289E-2 8.38037E-3 3.33618E-2 3.07131E-2 1.29886E-3 5.65788E-3 1.92887E-2 3.68153E-2 1.03163E-3 4.68415E-2 2.13767E-2 4.83162E-3 1.46693E-4 7.35222E-3 6.92769E-3 2.84688E-5 5.17225E-2 3.97751E-4 3.5558E-2 7.93036E-4 8.27056E-3 1.85435E-2 1.67809E-2 3.91354E-2 1.13506E-2 9.71391E-3 6.88405E-2 4.3514E-3 4.74675E-3 6.68788E-2 2.79917E-2 3.19251E-5 4.93679E-2 3.10687E-2
