outputs/pantheraTigris_3.asc
ncols         290
nrows         290
xllcorner     68.0
yllcorner     8.0
cellsize      0.1
NODATA_value  -9999
[rows 104 to 129 of 290, columns 232 to 289 of 290]
-9999 -9999 -9999 -9999 -9999 -9999 -9999 -9999 -9999 -9999 -9999 -9999 -9999 -9999 -9999 -9999 -9999 -9999 -9999 -9999 -9999 -9999 -9999 -9999 -9999 -9999 -9999 -9999 -9999 -9999 -9999 -9999 2.85667E-2 8.26371E-2 5.82998E-2 7.63144E-2 3.35193E-3 1.12831E-1 2.90399E-1 2.27335E-1 3.61307E-1 3.96329E-1 3.61005E-1 4.5637E-1 6.23015E-1 1.69396E-1 4.36298E-1 3.30716E-1 1.39455E-1 2.52316E-1 1.1271E-1 3.17068E-1 2.04253E-2 7.99603E-3 1.31073E-1 1.61342E-1 9.10067E-2 1.87696E-1
-9999 -9999 -9999 -9999 -9999 -9999 -9999 -9999 -9999 -9999 -9999 -9999 -9999 -9999 -9999 -9999 -9999 -9999 -9999 -9999 -9999 -9999 -9999 -9999 -9999 -9999 -9999 -9999 -9999 -9999 -9999 1.49747E-2 2.40869E-2 3.62191E-2 9.68647E-2 1.52019E-2 2.32396E-1 5.43658E-2 7.54077E-2 1.48185E-1 4.71722E-1 1.38496E-1 1.8607E-2 5.56886E-1 5.99997E-1 3.7975E-1 7.53864E-2 1.19612E-1 4.26923E-2 7.59386E-2 4.55961E-1 8.26216E-2 5.21739E-2 3.30588E-1 2.41122E-1 5.46241E-2 6.2577E-2 1.09525E-1
-9999 -9999 -9999 -9999 -9999 -9999 -9999 -9999 -9999 -9999 -9999 -9999 -9999 -9999 -9999 -9999 -9999 -9999 -9999 -9999 -9999 -9999 -9999 -9999 -9999 -9999 -9999 -9999 -9999 -9999 -9999 7.38905E-2 1.46362E-2 2.02199E-2 1.33014E-1 1.21115E-1 1.79877E-1 3.4493E-1 4.1703E-1 4.55126E-1 5.9366E-2 5.67877E-1 4.21334E-1 6.71019E-1 1.29956E-1 1.91375E-1 6.26382E-2 1.14804E-1 1.51391E-1 1.03552E-1 1.24287E-2 8.70685E-2 1.76328E-1 4.82052E-2 6.92582E-2 9.81066E-2 5.66748E-2 1.10487E-1
-9999 -9999 -9999 -9999 -9999 -9999 -9999 -9999 -9999 -9999 -9999 -9999 -9999 -9999 -9999 -9999 -9999 -9999 -9999 -9999 -9999 -9999 -9999 -9999 -9999 -9999 -9999 -9999 -9999 -9999 1.23319E-2 1.34387E-1 1.48888E-2 6.18191E-2 2.12798E-1 8.92505E-2 4.64036E-2 1.20326E-1 6.26696E-1 6.81376E-1 1.04639E-1 3.74482E-1 5.13462E-1 6.07681E-1 2.84651E-1 1.16171E-1 1.86816E-1 1.65323E-1 9.84607E-2 7.84407E-2 2.55153E-1 3.76633E-1 1.33862E-1 7.0625E-1 1.41508E-1 1.14493E-1 6.16586E-2 2.14661E-1
-9999 -9999 -9999 -9999 -9999 -9999 -9999 -9999 -9999 -9999 -9999 -9999 -9999 -9999 -9999 -9999 -9999 -9999 -9999 -9999 -9999 -9999 -9999 2.42569E-1 6.5971E-4 1.49912E-2 -9999 -9999 -9999 -9999 -9999 5.12231E-2 3.84528E-2 7.51169E-2 1.17186E-1 1.79264E-2 5.32014E-2 2.73135E-1 5.42032E-1 4.53462E-1 6.90272E-1 1.91759E-1 2.59175E-1 3.62438E-1 6.1438E-2 3.24262E-1 4.51667E-1 5.13969E-2 8.92652E-2 3.42325E-1 8.30985E-2 5.61491E-1 7.29398E-1 1.52586E-1 1.50681E-1 3.37405E-2 2.85304E-1 1.0035E-1
-9999 -9999 -9999 -9999 -9999 -9999 -9999 -9999 -9999 -9999 -9999 -9999 -9999 -9999 -9999 -9999 -9999 -9999 -9999 -9999 -9999 -9999 -9999 1.15873E-2 4.22917E-1 8.03165E-2 -9999 -9999 -9999 1.46986E-2 1.24013E-1 2.04604E-2 1.97387E-1 3.15435E-2 7.24846E-2 7.96544E-2 6.31395E-2 6.28635E-1 6.03508E-1 2.80655E-1 4.59559E-1 3.74229E-1 5.51848E-1 5.7697E-2 5.65304E-1 8.207E-2 1.63242E-1 8.09654E-2 1.60469E-1 7.63482E-2 8.61606E-2 8.90164E-2 2.39859E-1 2.10608E-2 1.50931E-1 1.61069E-1 1.3563E-1 8.56307E-2
-9999 -9999 -9999 -9999 -9999 -9999 -9999 -9999 -9999 -9999 -9999 -9999 -9999 -9999 -9999 -9999 -9999 -9999 -9999 -9999 -9999 -9999 -9999 -9999 -9999 7.78676E-3 4.01275E-2 2.20135E-1 -9999 2.99036E-1 9.00439E-2 9.0952E-2 7.37016E-2 7.49309E-2 2.20615E-1 1.25703E-1 5.91459E-2 3.58059E-1 3.18039E-1 5.42612E-1 6.77861E-1 2.76676E-1 4.6186E-1 5.81455E-1 4.79162E-1 5.92171E-1 3.20094E-1 1.7291E-1 2.68679E-1 1.1314E-1 9.85782E-2 2.70729E-1 1.14014E-1 1.28557E-1 1.2936E-1 3.07348E-2 2.07171E-2 5.75259E-2
-9999 -9999 -9999 -9999 -9999 -9999 -9999 -9999 -9999 -9999 -9999 -9999 -9999 -9999 -9999 -9999 -9999 -9999 -9999 -9999 -9999 -9999 -9999 -9999 -9999 6.58198E-2 1.07032E-1 5.53188E-1 -9999 2.60009E-2 1.20453E-1 2.15701E-1 1.02799E-1 4.8211E-2 3.40523E-2 5.4706E-2 1.9801E-1 5.85756E-1 3.07189E-1 4.74986E-1 9.12169E-2 5.01449E-1 1.12848E-1 2.93224E-1 3.82754E-1 1.42957E-1 3.10711E-1 4.36858E-1 8.83293E-2 8.46081E-2 4.54172E-1 8.45301E-2 3.6526E-1 1.22889E-1 8.33387E-2 1.52804E-2 1.24936E-1 8.13041E-2
-9999 -9999 -9999 -9999 -9999 -9999 -9999 -9999 -9999 -9999 -9999 -9999 -9999 -9999 -9999 -9999 -9999 -9999 -9999 -9999 -9999 -9999 -9999 -9999 -9999 7.96923E-2 1.01798E-1 1.11191E-1 5.14991E-2 9.05004E-2 9.24143E-2 1.43129E-1 1.23714E-1 9.67595E-2 1.25996E-2 1.93866E-1 1.99078E-1 6.81872E-1 3.46871E-1 3.12751E-1 5.61299E-1 5.06832E-1 3.9581E-1 5.39652E-2 7.51434E-2 3.63261E-1 6.35583E-2 4.61156E-1 2.33626E-1 7.51461E-2 8.57347E-2 7.20867E-1 1.84713E-2 1.77093E-1 1.76738E-1 7.85035E-2 1.81333E-1 1.88611E-1
-9999 -9999 -9999 -9999 -9999 -9999 -9999 -9999 -9999 -9999 -9999 -9999 -9999 -9999 -9999 -9999 -9999 -9999 -9999 -9999 -9999 -9999 -9999 -9999 3.55218E-1 -9999 6.81752E-2 1.05785E-2 2.80161E-1 5.28951E-2 2.01852E-2 1.33867E-1 9.77133E-2 8.68525E-2 2.57204E-2 1.85761E-1 3.69548E-1 2.8978E-1 7.77837E-1 4.48058E-1 6.0889E-1 3.62932E-1 1.64649E-1 5.98773E-1 6.19945E-1 3.58514E-1 7.9469E-2 8.51177E-3 1.57259E-1 5.3127E-1 2.28612E-1 3.64065E-1 2.41807E-1 1.03099E-1 8.92054E-2 3.74755E-1 1.13635E-1 6.95109E-2
-9999 -9999 -9999 -9999 -9999 -9999 -9999 -9999 -9999 -9999 -9999 -9999 -9999 -9999 -9999 -9999 -9999 -9999 -9999 -9999 -9999 -9999 -9999 -9999 -9999 -9999 8.35038E-1 1.32628E-1 1.19473E-1 1.51195E-1 1.07093E-1 8.6746E-2 1.06435E-1 2.69285E-2 7.9559E-2 2.28255E-1 4.68841E-1 2.34064E-1 4.45731E-1 7.41692E-1 4.85346E-1 5.32686E-1 1.98517E-1 5.63065E-1 4.42079E-1 1.52524E-1 3.64527E-1 3.63188E-1 2.33479E-1 4.32115E-1 2.14469E-1 5.24882E-1 6.42993E-2 1.13915E-1 4.15667E-1 9.48081E-2 6.41546E-1 6.17113E-1
-9999 -9999 -9999 -9999 -9999 -9999 -9999 -9999 -9999 -9999 -9999 -9999 -9999 -9999 -9999 -9999 -9999 -9999 -9999 -9999 -9999 -9999 -9999 -9999 -9999 9.6571E-3 4.79302E-3 1.74108E-1 3.85485E-2 8.04622E-2 2.727E-1 8.66438E-2 7.38149E-2 1.46016E-1 4.33726E-2 4.74202E-1 3.56668E-1 1.67908E-1 4.60315E-1 5.1058E-1 1.69769E-1 3.70317E-1 1.4594E-1 7.34591E-1 5.33989E-1 6.0354E-1 1.9818E-1 3.71989E-1 2.79114E-1 5.84165E-1 1.4344E-1 1.28165E-1 1.25904E-1 3.25167E-2 5.0902E-1 1.04722E-1 2.02101E-2 6.38311E-2
-9999 -9999 -9999 -9999 -9999 -9999 -9999 -9999 -9999 -9999 -9999 -9999 -9999 -9999 -9999 -9999 -9999 -9999 -9999 -9999 -9999 -9999 -9999 -9999 -9999 -9999 2.96365E-1 8.40306E-2 9.86876E-2 7.44421E-2 7.74521E-2 5.13392E-2 2.99517E-2 6.31713E-2 8.99877E-2 1.06558E-1 9.25573E-2 4.98045E-1 1.9956E-1 3.39266E-1 7.31759E-1 1.23959E-1 1.21002E-1 1.70572E-1 7.87399E-1 3.76816E-1 1.84764E-1 5.31315E-1 1.81247E-1 4.78579E-1 5.50663E-1 1.35781E-1 3.56725E-1 9.72286E-2 7.77154E-2 7.94323E-2 3.17138E-2 2.03965E-1
-9999 -9999 -9999 -9999 -9999 -9999 -9999 -9999 -9999 -9999 -9999 -9999 -9999 -9999 -9999 -9999 -9999 -9999 -9999 -9999 -9999 -9999 -9999 4.27777E-1 -9999 -9999 1.25245E-1 2.08803E-1 3.20602E-1 1.7523E-2 9.0892E-2 5.38428E-2 9.43009E-2 3.03798E-2 2.68598E-1 1.5674E-1 3.74187E-2 4.11003E-1 1.37774E-1 1.45768E-1 3.0946E-1 1.00707E-1 1.99056E-1 5.09734E-1 2.24055E-1 7.02886E-1 2.96436E-1 6.54066E-1 2.75207E-1 2.45131E-1 3.97375E-1 1.57145E-1 1.52325E-1 2.60305E-1 4.68924E-1 3.25579E-2 1.25261E-1 3.89253E-2
-9999 -9999 -9999 -9999 -9999 -9999 -9999 -9999 -9999 -9999 -9999 -9999 -9999 -9999 -9999 -9999 -9999 -9999 -9999 -9999 -9999 -9999 -9999 -9999 1.06191E-1 3.38684E-2 2.12889E-2 3.86037E-2 2.3544E-2 7.60486E-2 7.67815E-3 3.22605E-2 1.43912E-1 2.4332E-1 4.80351E-2 3.75546E-1 4.8881E-1 4.80324E-2 5.55501E-1 3.81576E-1 1.52205E-1 1.25461E-2 2.13715E-1 3.44952E-1 4.44208E-1 2.10203E-1 1.9996E-1 5.00129E-1 5.94159E-2 3.30249E-2 4.23656E-1 3.11585E-1 1.99132E-1 2.23991E-1 1.12324E-1 1.77118E-2 1.69824E-1 1.9231E-1
-9999 -9999 -9999 -9999 -9999 -9999 -9999 -9999 -9999 -9999 -9999 -9999 -9999 -9999 -9999 -9999 -9999 -9999 -9999 -9999 -9999 -9999 -9999 1.57033E-1 7.79577E-2 1.65916E-1 7.67787E-2 1.06043E-1 1.72062E-2 1.36364E-1 2.04064E-1 2.33352E-1 2.52973E-1 5.32786E-2 3.79086E-1 6.39076E-1 3.19501E-1 3.39514E-1 3.0172E-1 2.36682E-2 4.7374E-2 2.82178E-1 2.26984E-1 2.67387E-1 4.88493E-1 3.36931E-1 2.83049E-1 2.36713E-1 3.52393E-1 2.79512E-1 2.3658E-1 1.1691E-1 1.91629E-2 5.75668E-2 1.31565E-1 8.54656E-2 4.97003E-2 2.76404E-1
-9999 -9999 -9999 -9999 -9999 -9999 -9999 -9999 -9999 -9999 -9999 -9999 -9999 -9999 -9999 -9999 -9999 -9999 -9999 6.25039E-2 -9999 -9999 7.72756E-2 3.87918E-2 1.44983E-1 9.22803E-2 6.6046E-2 1.23812E-1 2.35967E-2 3.37961E-2 1.54003E-1 3.65975E-2 1.22411E-1 3.57551E-1 4.85698E-1 7.15334E-1 4.99177E-1 2.85864E-1 3.63581E-1 1.10827E-2 2.89585E-1 2.51178E-1 7.99563E-3 3.68737E-1 2.28761E-1 5.3291E-1 3.52864E-1 2.30809E-1 2.84178E-1 5.55829E-1 2.51655E-1 4.51604E-1 6.50733E-2 1.73617E-1 3.13842E-2 6.22363E-2 9.93014E-2 1.15465E-1
-9999 -9999 -9999 -9999 -9999 -9999 -9999 -9999 -9999 -9999 -9999 -9999 -9999 -9999 -9999 -9999 -9999 -9999 -9999 1.4937E-1 6.16291E-2 3.19581E-1 1.34842E-1 1.37212E-1 8.9652E-2 9.71545E-2 3.24805E-2 6.04329E-2 1.14645E-1 8.60917E-3 4.77854E-2 9.56831E-2 7.03486E-2 4.50791E-1 2.5698E-1 5.65442E-1 2.64131E-1 3.74313E-1 3.87923E-1 2.88797E-1 2.91314E-2 8.01852E-2 2.37703E-2 2.03537E-1 3.79363E-1 5.13197E-1 5.08872E-2 6.00155E-1 5.97904E-1 3.81221E-1 6.87239E-1 5.08848E-2 1.49759E-1 6.94192E-2 4.98367E-2 5.26678E-2 1.34937E-1 3.56268E-1
-9999 -9999 -9999 -9999 -9999 -9999 -9999 -9999 -9999 -9999 -9999 -9999 -9999 -9999 -9999 -9999 3.09963E-3 2.78726E-1 -9999 4.11172E-1 1.33907E-1 4.48896E-3 1.6462E-1 6.02376E-2 7.43364E-2 1.29455E-1 1.39239E-1 1.44209E-1 1.65992E-1 1.20313E-1 6.73186E-3 2.5242E-1 3.19028E-1 3.29803E-1 4.63981E-1 6.88055E-1 4.23242E-1 3.00834E-1 2.63642E-1 1.83491E-1 1.96076E-1 1.08305E-1 1.09419E-1 6.74146E-1 3.4971E-1 4.32539E-1 3.89638E-1 2.48165E-1 5.03092E-1 2.94939E-1 2.26652E-1 7.60325E-2 2.43334E-1 9.12287E-2 6.00907E-2 1.35961E-1 2.66939E-1 3.08848E-1
-9999 -9999 -9999 -9999 -9999 -9999 -9999 -9999 -9999 -9999 -9999 -9999 -9999 -9999 -9999 -9999 -9999 3.02505E-1 1.17706E-1 5.22887E-1 1.67036E-1 1.3251E-2 4.51136E-2 8.9875E-2 1.20097E-1 1.30715E-1 9.00905E-2 3.56315E-2 1.88977E-1 1.07882E-1 3.09908E-2 7.57987E-2 3.92809E-1 3.7141E-2 2.08358E-1 6.21167E-1 2.34596E-2 3.24618E-2 2.2005E-1 1.25621E-1 1.70668E-1 2.71572E-1 3.40021E-1 2.60833E-1 4.40225E-1 3.61345E-2 5.06097E-1 3.24864E-1 6.72645E-2 3.58161E-1 1.49107E-1 1.03379E-1 2.21966E-1 6.03413E-2 7.10495E-2 4.6868E-2 3.68978E-1 4.75023E-1
-9999 -9999 -9999 -9999 -9999 -9999 -9999 -9999 -9999 -9999 -9999 -9999 -9999 -9999 -9999 1.63887E-2 1.99886E-1 2.51048E-2 1.43643E-1 8.70166E-1 2.27582E-1 1.70176E-1 5.01163E-2 9.73414E-2 1.03443E-1 1.40594E-1 3.0091E-2 6.5607E-2 1.32644E-1 1.09211E-1 1.88437E-1 1.70942E-1 1.95874E-2 5.79192E-1 2.85782E-1 6.70516E-1 5.27967E-2 2.71498E-1 1.21437E-2 2.08755E-1 2.17268E-1 8.9309E-2 3.49805E-1 4.81375E-1 5.32901E-2 4.31313E-1 2.46902E-1 3.33781E-1 7.26715E-1 5.70945E-1 3.56217E-2 3.46819E-1 6.41131E-2 1.40024E-1 8.95089E-2 2.06789E-1 5.25955E-1 2.00178E-1
-9999 -9999 -9999 -9999 -9999 -9999 -9999 -9999 -9999 -9999 -9999 -9999 -9999 -9999 1.13181E-1 2.12352E-1 7.85629E-2 3.77941E-1 2.25253E-1 7.54729E-1 8.65972E-1 1.46395E-1 1.71051E-1 4.83191E-2 3.45696E-2 9.0114E-2 1.36945E-1 9.27995E-2 5.84379E-2 3.31472E-1 1.95852E-1 1.29131E-1 2.90625E-2 2.61557E-1 3.85967E-2 2.98139E-1 2.57162E-1 2.41595E-1 1.23543E-1 1.13543E-1 1.64087E-1 3.80387E-1 3.31363E-1 2.58075E-1 3.27675E-1 1.98699E-1 9.66733E-3 4.40544E-2 2.68802E-1 4.61205E-2 3.85799E-1 1.295E-1 7.97705E-2 6.18216E-2 2.32472E-1 2.83932E-1 2.51024E-1 2.81486E-1
-9999 -9999 -9999 -9999 -9999 -9999 -9999 -9999 -9999 -9999 -9999 -9999 -9999 -9999 1.64533E-2 4.38961E-2 3.54045E-2 6.43649E-2 4.15025E-1 9.25785E-2 1.19909E-1 8.81492E-2 1.0856E-1 1.46204E-1 4.87204E-2 1.69172E-1 5.61306E-3 7.2336E-2 4.35986E-2 9.3357E-2 5.96871E-2 5.32621E-1 2.8537E-1 4.75867E-1 5.27093E-2 5.65214E-1 3.68122E-1 3.64776E-1 1.58142E-1 1.82743E-1 7.66617E-2 2.3148E-1 2.33229E-1 1.24238E-1 1.26547E-1 3.34429E-1 2.21929E-1 1.39112E-1 2.34851E-1 6.49161E-1 4.62914E-1 1.12116E-1 1.09698E-1 6.2901E-2 2.42739E-1 1.71302E-1 6.2277E-1 8.61361E-2
-9999 -9999 -9999 -9999 -9999 -9999 -9999 -9999 -9999 -9999 -9999 -9999 -9999 6.40959E-2 1.31564E-2 1.04946E-1 7.46413E-3 6.11081E-2 4.04729E-1 1.06313E-1 2.83745E-1 4.35842E-2 2.94347E-1 1.0953E-1 2.06287E-1 8.59316E-2 8.53241E-2 1.47099E-1 1.80323E-1 2.32528E-1 1.43012E-1 2.19989E-1 4.69328E-2 2.65332E-1 5.75303E-1 4.14966E-1 3.84099E-1 9.53106E-2 2.52341E-1 8.46511E-2 1.70756E-1 2.31556E-1 3.15543E-1 2.0861E-1 3.69276E-2 1.19036E-2 1.98458E-1 1.34608E-1 2.04636E-1 1.72251E-1 3.74529E-1 3.78773E-1 5.19234E-2 5.70893E-2 5.57962E-2 1.37049E-1 2.56948E-1 2.57114E-1
-9999 -9999 -9999 -9999 -9999 -9999 -9999 -9999 -9999 -9999 -9999 -9999 7.22579E-2 1.38178E-1 4.55064E-2 1.34597E-1 4.29517E-2 7.58209E-2 2.01299E-1 1.23156E-1 1.3861E-1 4.4834E-2 7.92602E-3 1.32727E-1 8.99916E-3 3.39161E-2 9.14568E-2 3.61793E-1 3.58334E-1 3.59307E-1 7.75411E-2 2.05225E-1 6.25647E-1 7.09353E-1 4.87096E-1 1.33881E-1 5.99964E-2 5.89072E-2 4.19809E-2 2.03436E-1 7.63708E-1 5.33935E-1 4.63249E-2 2.85564E-1 9.03957E-2 7.34933E-2 1.97617E-1 3.66509E-1 4.25354E-1 4.31263E-1 4.80519E-1 1.0781E-2 1.09902E-1 3.25333E-2 1.28483E-1 2.8705E-2 2.70984E-1 3.43407E-1
-9999 -9999 -9999 -9999 -9999 -9999 -9999 -9999 -9999 -9999 -9999 3.98323E-2 1.62685E-1 9.72623E-3 1.60473E-1 3.60149E-2 4.51651E-2 3.48389E-2 6.07544E-3 4.20684E-2 1.00579E-1 1.01307E-1 1.33347E-1 1.22127E-1 4.97598E-2 9.21915E-2 1.34439E-2 7.55975E-2 9.75281E-2 8.00903E-2 4.36103E-1 5.3291E-1 2.82404E-1 3.40066E-1 7.0584E-1 2.18825E-1 2.37858E-1 1.88955E-1 2.30702E-1 6.17186E-1 1.42541E-1 2.16882E-1 2.31389E-1 2.82798E-1 2.798E-1 1.09288E-2 7.17926E-1 1.98841E-1 1.41775E-1 2.13882E-1 4.38215E-1 1.82589E-1 1.29036E-1 9.70187E-2 2.86214E-1 1.09773E-1 2.89027E-1 3.42125E-1
