outputs/pantheraTigris_avg.asc
ncols         290
nrows         290
xllcorner     68.0
yllcorner     8.0
cellsize      0.1
NODATA_value  -9999
[rows 234 to 259 of 290, columns 0 to 57 of 290]
7.6233E-5 1.15309E-2 5.37416E-2 2.26342E-1 6.05363E-3 1.85837E-3 1.45425E-1 1.65403E-1 1.44362E-1 2.68469E-1 2.93579E-1 8.42421E-2 1.07444E-1 2.77171E-1 2.65024E-1 1.31497E-1 2.90036E-1 2.67664E-1 1.69938E-1 1.47241E-1 2.28177E-1 1.51428E-1 1.98376E-1 2.43199E-1 2.55305E-1 2.23471E-1 3.94231E-1 1.98474E-1 8.48777E-1 3.81818E-1 1.91823E-1 3.32624E-1 4.24056E-1 1.04576E-1 2.76404E-1 3.05766E-1 3.4215E-1 5.59355E-1 2.27779E-1 2.85625E-1 2.66153E-1 4.44846E-1 2.33727E-1 5.11704E-1 3.06252E-1 2.82745E-1 3.64537E-1 2.00079E-1 4.64777E-1 3.247E-1 2.24383E-1 3.51588E-1 1.44639E-1 4.68651E-1 2.29893E-1 2.66428E-1 2.33838E-1 1.55918E-1
4.25289E-2 6.42338E-4 6.39404E-5 1.84517E-2 1.217E-1 1.36836E-2 1.64614E-1 1.61444E-2 2.09165E-1 2.01591E-1 6.05959E-2 9.39045E-2 4.44164E-2 1.27208E-1 1.71128E-1 1.91774E-1 1.22915E-1 8.15677E-2 1.24068E-1 4.3485E-2 1.19839E-1 1.51483E-1 1.9096E-1 7.89158E-2 2.64527E-1 4.25004E-1 3.39362E-1 4.35846E-1 3.44792E-1 3.01683E-1 3.03899E-1 1.51822E-1 3.12463E-1 3.49394E-1 3.21769E-1 2.31113E-1 2.58565E-1 7.18589E-3 6.0031E-2 8.18759E-2 1.33635E-1 2.80092E-1 1.44778E-1 1.54683E-1 1.71631E-1 3.99269E-1 1.99082E-1 2.62829E-1 4.78754E-1 2.94806E-1 2.3326E-1 2.27471E-1 2.68878E-1 2.24731E-1 3.9118E-1 1.507E-1 1.95939E-1 5.11373E-1
4.30369E-2 1.28011E-3 4.2934E-3 1.42534E-1 2.15078E-1 8.60506E-3 2.22591E-1 3.98476E-3 2.28023E-2 1.75553E-1 3.96202E-2 1.91804E-1 1.34129E-1 1.68634E-1 1.60988E-1 1.53144E-1 1.4381E-1 1.34909E-1 7.1496E-2 1.45922E-1 1.09017E-1 1.49354E-1 1.43003E-1 2.74642E-1 1.35432E-1 2.65269E-1 2.58296E-1 3.11287E-1 2.08713E-1 1.10192E-1 2.09746E-1 1.54676E-1 8.75924E-1 7.44566E-1 2.85275E-1 2.03063E-1 2.22983E-1 1.78983E-1 6.99823E-3 3.23774E-1 1.55468E-1 1.50877E-1 3.3089E-1 3.35174E-1 5.06959E-1 3.31874E-1 1.18858E-1 2.85468E-1 8.27891E-2 1.13285E-1 2.41931E-1 1.28991E-1 5.81064E-1 3.76188E-1 2.59854E-1 1.46577E-1 1.30675E-1 2.93973E-1
1.19062E-2 1.14416E-3 3.96373E-4 2.29267E-3 9.90288E-3 3.44174E-2 1.59637E-1 2.13926E-1 2.44959E-1 2.15265E-1 1.46197E-1 1.42592E-1 2.78346E-1 1.38854E-1 1.68323E-1 7.04795E-2 2.49391E-1 2.12755E-1 1.30995E-1 1.04797E-1 5.63574E-1 1.74414E-1 1.86778E-1 2.26864E-1 1.61322E-1 1.93702E-2 2.91948E-1 3.61979E-1 3.56834E-1 2.0983E-1 1.89852E-1 4.26352E-1 8.5192E-1 2.29339E-1 2.17485E-1 4.50632E-1 2.96709E-1 2.00369E-1 1.07299E-1 4.96436E-1 1.85196E-1 2.15368E-1 3.57563E-1 2.20462E-1 1.72168E-1 7.19795E-2 1.63789E-1 2.72914E-1 9.46441E-2 2.86899E-1 4.1937E-1 4.22116E-1 3.72033E-1 2.52214E-1 4.85119E-1 4.07312E-1 4.3868E-1 4.08139E-1
3.37592E-4 1.81997E-2 1.65231E-2 6.59108E-2 5.1704E-3 1.77375E-1 1.54683E-1 2.12488E-2 1.50617E-1 7.33402E-2 1.11275E-1 8.52934E-2 1.38796E-1 1.75278E-1 1.84654E-1 7.7037E-2 2.0942E-1 2.06476E-1 1.89118E-1 1.24411E-1 3.85455E-1 9.03386E-2 3.449E-1 3.75367E-1 3.29927E-1 3.53613E-1 4.10703E-1 1.16272E-1 3.80216E-1 4.37184E-1 2.75631E-1 2.61148E-1 4.33081E-1 4.13243E-1 5.74976E-1 7.20667E-2 2.92033E-1 2.3165E-1 8.76779E-2 1.63241E-1 7.2748E-2 2.18599E-1 4.44597E-1 5.2703E-1 2.14023E-1 1.8774E-1 3.47211E-1 2.62686E-1 3.63595E-1 4.14791E-1 4.96073E-1 2.39736E-1 3.35718E-1 2.2897E-1 1.17146E-1 2.16116E-1 4.00137E-1 2.56272E-1
3.82181E-3 2.5783E-2 8.65704E-2 6.34762E-4 8.90838E-4 1.83887E-2 2.48786E-2 9.24524E-2 1.42066E-2 1.68322E-1 1.77451E-1 8.65231E-2 2.2811E-1 1.81505E-1 3.53006E-2 4.31601E-2 1.78742E-1 1.80079E-1 3.18252E-1 2.42112E-1 1.84209E-1 7.84333E-2 7.7434E-2 1.62685E-1 4.39787E-1 4.52924E-1 3.09119E-1 3.60793E-1 1.92418E-1 2.29252E-1 1.5282E-1 1.38881E-1 1.58062E-1 3.79777E-1 4.49613E-1 1.59179E-1 1.99362E-1 2.6075E-1 2.99247E-1 3.12955E-1 1.61797E-1 3.79868E-1 3.30868E-1 2.69803E-1 3.95277E-1 4.4786E-1 4.70511E-1 2.49052E-1 4.9782E-1 5.00736E-1 2.8899E-1 2.84947E-1 2.03962E-1 5.08283E-1 2.66653E-1 1.54377E-1 5.46513E-1 1.68732E-1
1.9154E-3 4.9494E-2 1.3877E-1 5.05227E-2 5.56689E-2 5.97963E-2 3.83005E-2 1.34374E-1 6.87577E-2 4.03956E-2 8.80105E-2 3.78303E-2 1.38637E-1 2.56094E-1 1.76063E-1 3.18905E-2 1.44484E-2 2.42415E-1 1.93207E-1 1.25786E-1 8.85183E-2 1.02263E-1 2.21242E-1 4.10387E-1 4.71888E-1 1.79932E-1 3.53949E-1 9.37095E-2 3.72079E-1 2.84168E-1 4.07011E-1 2.4919E-1 4.12987E-1 4.29533E-1 2.97691E-1 8.76898E-1 6.95139E-1 2.05087E-1 1.93396E-1 3.50157E-1 4.2868E-1 1.77903E-1 5.04355E-1 6.28314E-1 2.10042E-1 2.20768E-1 3.08554E-1 2.83397E-1 3.17674E-1 3.50987E-1 3.89824E-1 3.48941E-1 5.91661E-1 1.32669E-1 3.96344E-1 3.50913E-1 4.22983E-1 4.63573E-1
1.81583E-1 8.55678E-3 2.04907E-1 7.76153E-4 1.25797E-1 1.13372E-3 1.00566E-1 1.3297E-1 1.25725E-1 1.22871E-1 1.84345E-2 1.89931E-1 1.37314E-1 1.37707E-1 1.21208E-1 3.48712E-2 2.24701E-1 8.57023E-2 2.56407E-1 1.80161E-1 4.32937E-1 2.1794E-1 3.89227E-1 4.48842E-1 5.66092E-1 2.14397E-1 1.62639E-2 3.08836E-1 2.90907E-1 3.75342E-1 2.72286E-2 1.06947E-1 3.25025E-1 3.87949E-1 4.49075E-1 4.12847E-1 1.94784E-1 4.72145E-1 1.43149E-1 4.99718E-1 8.09261E-1 1.18452E-1 3.11884E-1 1.4184E-1 3.19996E-1 4.11182E-1 2.78823E-1 1.26555E-1 1.93994E-1 2.77702E-1 2.34366E-1 5.0081E-1 2.98653E-1 4.60428E-1 4.09674E-1 2.1289E-1 3.13047E-1 2.51006E-1
1.71586E-1 1.64304E-1 2.73508E-4 1.69436E-1 1.9643E-1 2.27741E-2 1.53675E-1 1.72523E-1 1.11827E-2 8.69083E-2 6.80242E-2 1.68965E-1 1.93634E-1 1.07211E-1 1.38099E-1 1.00451E-1 5.64792E-2 1.60027E-1 3.12035E-1 1.58446E-1 1.97996E-1 4.15834E-1 3.57634E-1 1.31475E-1 1.5046E-1 2.3899E-1 2.11618E-1 1.77077E-1 3.34243E-1 4.70629E-1 2.52393E-1 3.92439E-1 4.35271E-1 4.64725E-1 3.10152E-1 3.94313E-1 5.31057E-1 2.68045E-1 2.17075E-1 4.85694E-1 8.68811E-1 7.77883E-1 3.87823E-1 3.16477E-1 3.3373E-1 4.12383E-1 3.68781E-1 4.9463E-1 3.92865E-1 4.62822E-1 3.86593E-1 5.14869E-1 3.84688E-1 2.23594E-1 3.68198E-1 2.22235E-1 1.89294E-1 4.25579E-1
2.16424E-1 8.58782E-2 6.48346E-2 1.12015E-1 1.53806E-1 2.10846E-1 1.07968E-2 1.65621E-2 1.20204E-2 1.08078E-1 2.88077E-1 1.5701E-1 9.27518E-2 1.68491E-1 2.32531E-1 5.21591E-1 3.74505E-1 2.00147E-1 1.60451E-1 9.57836E-2 2.31536E-1 2.30505E-1 2.20847E-1 5.26464E-1 5.16784E-1 1.53007E-2 3.43791E-1 2.38864E-1 4.29392E-1 1.60964E-1 1.78591E-1 8.9677E-2 1.7853E-1 1.23542E-1 2.48524E-1 7.50449E-2 9.19881E-1 8.52326E-1 4.2267E-1 1.22774E-1 5.50229E-1 3.81812E-1 4.47722E-1 2.83008E-1 5.03173E-1 3.58473E-1 1.26286E-1 4.35028E-1 3.25017E-1 2.84994E-1 3.33209E-1 2.08975E-1 3.61782E-1 4.56327E-1 3.3322E-1 5.30249E-1 4.0414E-1 5.61377E-1
1.80464E-3 1.25267E-1 6.16076E-3 2.31101E-1 1.93382E-1 2.91946E-3 1.18011E-1 1.27884E-1 3.08821E-2 1.83186E-1 1.55649E-1 1.16666E-1 7.09689E-2 9.90245E-2 1.24174E-1 2.37923E-1 6.50907E-2 1.93985E-1 3.04515E-1 6.5234E-1 1.02449E-1 2.53891E-1 1.51832E-1 2.32494E-1 3.84017E-1 3.73127E-1 3.62547E-1 5.02746E-1 2.33003E-1 3.04365E-1 2.76364E-1 2.42256E-1 3.37685E-1 4.64133E-1 5.25199E-1 1.58822E-1 2.04934E-1 3.48252E-1 4.28776E-1 7.3827E-1 7.72971E-1 9.02655E-1 7.75497E-1 8.11407E-1 1.38386E-1 1.01543E-1 2.9859E-1 5.52765E-1 2.88155E-1 1.35674E-1 1.53234E-1 1.88363E-1 2.44982E-1 2.43584E-1 1.8348E-1 4.91602E-1 3.60718E-1 5.29985E-1
4.35648E-1 1.32138E-1 2.79848E-3 1.89256E-1 3.25835E-2 3.02322E-2 1.36701E-1 1.09538E-1 1.52528E-1 1.25136E-2 1.49432E-1 1.3646E-1 2.88385E-2 1.13498E-1 3.12492E-1 2.96435E-1 2.16741E-1 1.5854E-1 2.73211E-1 1.22892E-1 5.00858E-1 1.75551E-1 1.45046E-1 1.45627E-1 1.44635E-1 3.18545E-1 1.6937E-1 5.42871E-1 1.89371E-1 6.83008E-1 3.27396E-1 3.05567E-1 2.06027E-1 5.37826E-1 4.21533E-1 3.30081E-1 1.31321E-1 2.38949E-1 3.37495E-1 8.1386E-1 7.85599E-1 6.72201E-1 5.03736E-1 6.57413E-1 8.80969E-1 7.43975E-1 1.3527E-1 3.29962E-1 4.79168E-2 4.04098E-1 3.9011E-1 1.10162E-1 1.95848E-1 4.23385E-1 9.09802E-1 3.76696E-1 4.51758E-1 2.48393E-1
4.03442E-3 1.33867E-2 1.64863E-2 5.7142E-4 1.25365E-1 1.82392E-1 2.00736E-1 1.9531E-1 1.1216E-2 9.71273E-2 1.74574E-1 5.12507E-2 1.49993E-1 1.81697E-1 2.8854E-1 2.93523E-1 3.86476E-2 1.44028E-1 2.18552E-2 2.65967E-1 2.23023E-1 6.31416E-1 2.992E-1 1.48868E-1 2.03659E-1 1.47149E-1 9.20694E-2 3.70806E-1 2.32054E-1 4.63853E-1 2.77178E-1 3.06055E-1 4.10017E-1 8.20676E-1 4.645E-1 4.95643E-1 2.92761E-1 4.03973E-1 8.95735E-2 7.03149E-1 6.43343E-1 3.59344E-1 5.776E-1 5.36596E-1 4.91417E-1 5.01968E-1 2.70581E-1 3.70838E-1 6.57122E-1 6.0169E-1 6.63808E-1 2.5011E-1 3.38246E-1 3.5845E-1 4.45332E-1 4.11902E-1 1.64112E-1 2.33114E-1
1.70447E-1 4.32008E-1 1.54714E-2 1.46937E-1 2.83285E-3 1.43445E-3 8.56586E-2 1.1366E-1 1.62766E-2 1.31104E-1 1.2536E-1 1.97952E-2 1.3011E-1 3.32801E-1 9.31903E-2 2.78159E-1 3.41632E-2 3.52721E-1 8.76339E-2 1.98793E-1 3.43004E-1 5.26124E-1 2.83453E-1 1.47032E-1 1.89891E-1 1.57426E-1 4.14714E-1 3.97503E-1 5.80692E-1 3.40474E-1 6.4146E-1 1.59924E-1 6.4956E-1 3.12547E-1 3.6953E-1 6.82579E-1 6.56688E-1 2.078E-1 1.63001E-1 3.40488E-1 2.37025E-1 7.08752E-1 1.71504E-1 5.68898E-1 4.73995E-1 8.5776E-1 5.85445E-1 5.10362E-1 5.48141E-1 5.47576E-1 4.83953E-1 3.85571E-1 7.44842E-1 5.69035E-1 7.74963E-1 1.1681E-1 1.85803E-1 3.43548E-1
3.49948E-3 2.15889E-4 2.04005E-3 1.86036E-1 1.68274E-1 1.60939E-1 1.57518E-2 2.5772E-2 9.5823E-3 1.84317E-1 1.00512E-1 5.61249E-1 5.31352E-1 4.42893E-1 2.77243E-1 2.65767E-2 1.16812E-1 5.31811E-1 1.6107E-1 5.68277E-1 1.80905E-1 1.08437E-1 1.63511E-1 2.65004E-1 1.79281E-1 4.37449E-1 4.48084E-1 3.80633E-1 4.97455E-1 3.57544E-1 8.3927E-2 2.4748E-1 2.79495E-1 2.49325E-1 1.53951E-1 2.04367E-1 3.55703E-1 2.45531E-1 4.331E-1 3.27238E-1 3.44248E-1 3.36983E-2 3.44835E-1 2.83419E-1 2.35759E-1 1.66941E-1 4.64506E-1 6.03493E-1 1.13364E-1 2.30926E-1 6.79565E-1 1.91999E-1 4.94779E-1 3.28147E-1 4.48512E-1 6.64769E-1 3.31634E-1 4.99934E-1
1.13038E-4 1.90726E-1 3.90168E-3 1.41964E-1 1.35088E-1 1.42236E-1 1.33282E-2 1.36449E-1 2.43998E-2 1.93767E-1 1.49095E-1 4.41226E-1 5.69012E-1 1.28624E-1 1.55371E-1 7.08223E-2 8.68234E-2 2.48294E-1 1.59952E-1 2.30333E-1 1.47884E-1 2.18688E-1 1.4367E-1 2.45196E-1 5.10548E-1 4.42427E-1 3.3792E-1 3.20796E-1 1.73345E-1 4.32157E-1 5.22973E-1 4.151E-1 1.10205E-1 2.96412E-1 5.17484E-1 5.41614E-1 1.95301E-1 2.34745E-1 3.05908E-1 4.49291E-1 4.07634E-1 2.10121E-1 6.99669E-1 2.14715E-1 4.63231E-1 4.62387E-1 4.94743E-1 2.56541E-1 3.67781E-1 4.56915E-1 2.71854E-1 3.1294E-1 2.78238E-1 4.2739E-1 7.70615E-1 8.08988E-1 2.9825E-1 1.8703E-1
2.5256E-3 2.42113E-1 7.78896E-3 4.24071E-3 2.34372E-1 3.77527E-1 4.3203E-1 7.04677E-1 7.04184E-2 1.66244E-1 9.52122E-2 1.8121E-1 3.33177E-2 3.81235E-1 1.98121E-1 3.63402E-1 1.83165E-1 1.58033E-1 1.11557E-1 5.77112E-1 2.22703E-1 2.5624E-1 4.37417E-1 3.8229E-1 2.19397E-1 4.57881E-1 1.38686E-1 3.42325E-1 4.25236E-1 2.01322E-1 1.39971E-1 2.97564E-1 1.83281E-1 2.88974E-1 3.09777E-1 1.63137E-1 3.12067E-1 6.48202E-1 5.55435E-1 5.438E-1 1.11088E-1 1.87332E-1 4.49855E-1 2.48827E-1 3.74384E-1 2.73859E-1 2.5483E-1 4.24175E-1 4.13523E-1 5.51585E-1 2.51447E-1 3.75268E-1 6.35181E-1 2.62364E-1 3.8739E-1 2.6176E-1 1.45764E-1 3.55239E-1
3.51251E-2 3.49229E-2 6.51071E-4 8.55159E-3 4.22211E-1 3.18559E-1 2.54968E-2 1.89365E-1 2.25789E-1 1.28141E-1 6.98534E-2 1.00529E-1 6.26066E-1 9.53238E-2 4.12952E-1 3.62432E-1 8.90715E-2 2.20671E-1 5.48903E-1 1.55525E-1 3.04395E-1 4.07355E-1 1.54292E-1 1.80715E-1 1.60292E-1 3.34756E-1 2.78267E-1 3.41298E-1 3.43586E-1 4.16196E-1 1.1978E-1 2.78716E-1 1.9002E-1 2.14404E-1 1.41193E-1 4.03711E-1 2.41688E-1 2.97554E-1 3.16403E-1 2.08011E-1 2.80612E-1 2.67992E-1 2.8125E-1 4.4624E-1 3.07446E-1 3.89302E-1 1.72486E-2 5.08629E-1 4.03346E-1 6.16292E-1 5.0223E-1 4.19317E-1 1.48506E-1 6.0389E-1 5.3886E-1 9.198E-1 6.2227E-1 5.20382E-1
4.7698E-1 5.01619E-1 6.30906E-1 3.48124E-2 2.58729E-2 5.36689E-2 1.27372E-1 2.31044E-1 2.22837E-2 5.8659E-2 2.77132E-2 1.32753E-1 6.71672E-2 3.19087E-1 1.12277E-1 1.1646E-1 3.68875E-1 2.30482E-1 3.97059E-1 5.13136E-1 5.636E-1 6.17224E-1 1.55833E-1 3.6908E-1 1.40613E-1 5.04422E-1 2.44041E-1 1.46409E-1 1.93619E-1 1.39924E-1 4.68028E-1 2.28564E-1 2.9754E-1 2.4481E-1 2.31921E-1 2.12116E-1 1.56834E-1 4.27533E-1 2.44836E-1 1.23817E-1 1.82165E-1 5.40391E-1 1.78639E-1 2.17018E-1 2.08914E-1 3.44188E-1 2.84894E-1 3.68659E-1 2.42976E-1 3.63879E-1 3.38944E-1 2.55821E-1 3.31306E-1 1.64763E-1 6.62804E-1 8.03109E-1 7.12804E-1 2.14849E-1
1.76007E-1 5.68466E-1 5.66478E-1 5.26303E-2 3.88444E-1 4.84243E-1 1.28868E-1 5.32748E-2 1.91655E-1 1.49045E-2 5.21993E-2 1.42214E-1 1.43197E-1 3.7994E-1 1.04423E-1 2.42492E-1 2.86392E-1 4.14372E-1 2.42414E-1 4.93559E-1 3.38102E-1 5.52382E-1 3.71508E-1 3.69822E-1 2.68125E-1 2.34933E-1 2.40062E-1 2.35199E-1 2.64267E-1 1.83992E-1 3.39403E-1 1.79945E-1 1.07086E-1 1.65574E-1 2.38339E-1 1.94145E-1 3.33804E-1 2.15371E-1 3.13679E-1 3.72106E-1 1.76976E-1 4.79364E-1 2.29893E-1 2.81607E-1 5.19941E-1 2.72593E-1 3.06444E-1 3.08453E-1 5.29199E-1 5.63408E-1 4.44858E-1 3.66919E-1 3.15245E-1 2.0237E-1 4.55947E-1 5.9108E-1 5.29434E-1 6.57183E-1
1.938E-1 1.08655E-1 1.68933E-3 5.22548E-2 3.33477E-1 4.81976E-1 2.46214E-1 5.77717E-1 1.15979E-1 2.8295E-1 1.29752E-1 5.70649E-1 1.474E-1 5.81291E-2 2.7317E-1 4.66637E-1 5.5164E-2 2.59907E-1 4.84967E-1 5.89804E-1 6.86926E-1 7.39692E-1 2.4492E-1 2.34108E-1 2.73975E-1 2.17425E-1 2.02676E-1 1.35473E-1 2.25442E-1 7.03409E-2 2.508E-1 3.37717E-1 5.14458E-1 3.62903E-1 2.17934E-1 3.12201E-1 3.64071E-1 3.15514E-1 1.61732E-1 4.35628E-1 2.10305E-1 2.85592E-1 5.59996E-1 2.82877E-1 2.88405E-1 3.24774E-1 3.09359E-1 6.65505E-1 7.45586E-1 6.78167E-1 2.76602E-1 4.55136E-1 3.22392E-1 1.2641E-1 2.02439E-1 4.05052E-1 6.04969E-1 5.78574E-1
8.06601E-2 1.10449E-1 1.13008E-1 1.02262E-1 3.6841E-1 3.51422E-1 5.90543E-1 2.34604E-2 1.14261E-1 2.84006E-1 4.21837E-1 2.46079E-1 5.10848E-1 1.05353E-1 7.21914E-2 1.20243E-1 3.72598E-2 1.15204E-1 4.13294E-1 5.66223E-1 2.63492E-1 3.71319E-1 1.92388E-1 1.79501E-1 1.314E-1 1.46687E-1 2.52112E-1 2.60754E-1 7.30507E-2 1.09082E-1 4.4968E-1 1.63867E-1 1.94374E-1 3.22323E-1 2.66153E-1 3.64741E-1 3.61452E-1 1.78456E-1 2.16429E-1 4.41658E-1 5.48777E-1 4.88339E-1 2.85287E-1 4.49671E-1 2.39275E-1 3.89236E-1 1.82266E-1 3.16857E-1 6.08634E-1 5.29678E-1 3.69645E-1 2.57546E-1 1.394E-1 2.94568E-1 2.38341E-1 4.41338E-1 4.65584E-1 1.10464E-1
7.81842E-2 3.20973E-2 1.32797E-1 7.19091E-2 2.76223E-1 6.97073E-1 5.74578E-2 1.77941E-1 3.00887E-2 1.39655E-2 4.27985E-1 4.68103E-1 4.19647E-1 5.21389E-1 7.85934E-2 1.6989E-1 6.84594E-2 4.27552E-1 5.45611E-1 1.57144E-1 2.0337E-1 2.92871E-1 1.60892E-1 1.98775E-1 1.31288E-1 1.3272E-1 4.0634E-1 6.37148E-1 1.21716E-1 3.34273E-1 1.43054E-1 1.99034E-1 7.48711E-2 4.05067E-1 5.07171E-1 2.51977E-1 3.36067E-1 1.98051E-1 2.31576E-1 2.75318E-1 3.18706E-1 4.52416E-1 2.94947E-1 2.07235E-1 5.25251E-1 4.32888E-1 5.70615E-1 4.54303E-1 2.15987E-1 1.9883E-1 2.94339E-1 2.9638E-1 3.54049E-1 2.62248E-1 7.79902E-1 2.11605E-1 5.75723E-1 4.68158E-1
8.68892E-2 9.50864E-2 1.16426E-1 6.71158E-2 9.62581E-2 1.45218E-1 7.76252E-2 1.4901E-1 2.28105E-1 1.41743E-1 6.64022E-2 1.94281E-1 2.66919E-1 1.33076E-1 7.20701E-2 1.18699E-1 1.64807E-1 4.78092E-1 4.99434E-1 5.96768E-2 1.19957E-1 8.07269E-2 1.33191E-1 4.70385E-1 6.35562E-1 3.4206E-1 7.64194E-2 1.97541E-1 3.49944E-1 2.47199E-1 1.50762E-1 5.32881E-2 8.66937E-2 4.32539E-1 1.87753E-1 5.06638E-1 1.6082E-1 2.9223E-1 1.58751E-1 5.45584E-1 2.33368E-1 4.22485E-1 4.1333E-1 2.8026E-1 4.3763E-1 2.86175E-1 4.82557E-1 5.17039E-1 4.80986E-1 2.30347E-1 2.53642E-1 2.55469E-1 3.63501E-1 1.49341E-1 4.61728E-1 1.88462E-1 2.48759E-1 3.83427E-1
1.04187E-1 8.66272E-2 1.62851E-1 1.6453E-1 2.19768E-2 8.01763E-2 3.71638E-2 6.48096E-1 4.6615E-1 3.35001E-1 4.74744E-1 2.55547E-2 1.00591E-1 1.16545E-1 1.07676E-1 1.01909E-1 2.48011E-1 3.03446E-1 3.4507E-1 4.87113E-1 1.49693E-1 2.68775E-1 5.45142E-1 1.43361E-1 5.14988E-1 4.53115E-1 7.3127E-2 3.56559E-1 4.30882E-1 3.94147E-1 2.35229E-1 2.88697E-1 3.72469E-1 5.41931E-1 2.0676E-1 6.01971E-1 3.64334E-1 1.7609E-1 4.97478E-1 1.47204E-1 3.09253E-2 2.17417E-1 1.25598E-1 1.94772E-1 1.94045E-1 3.02067E-1 4.29961E-1 2.25213E-1 2.2054E-1 2.0014E-1 2.55379E-1 5.92002E-1 1.70174E-1 1.82118E-1 2.35024E-1 2.8317E-1 4.36399E-1 1.47279E-1
8.5058E-2 2.34571E-2 2.42513E-2 1.4304E-1 1.02641E-2 1.67811E-1 2.42174E-1 5.79931E-1 5.56751E-1 5.90044E-1 4.69903E-1 5.92468E-2 2.19414E-2 9.18788E-2 1.42329E-1 2.84277E-2 5.71762E-2 3.20411E-1 1.11433E-1 4.61365E-1 2.60118E-1 3.02569E-1 2.38448E-1 3.86621E-1 1.25322E-1 4.4217E-1 7.57686E-2 8.1826E-2 4.7276E-2 3.32056E-1 5.04422E-1 3.51516E-1 1.70303E-1 1.25113E-1 1.62262E-1 2.13634E-1 5.51405E-1 1.70018E-1 5.75003E-1 5.28054E-1 3.52106E-1 5.59464E-1 1.57608E-1 1.50879E-1 2.7411E-1 2.67728E-1 4.37994E-1 4.32352E-1 3.04924E-1 2.85453E-1 2.63593E-1 4.11092E-1 6.33873E-1 4.85582E-1 2.66307E-1 5.21463E-1 5.83889E-1 3.01939E-1
