outputs/pantheraTigris_3.asc
ncols         290
nrows         290
xllcorner     68.0
yllcorner     8.0
cellsize      0.1
NODATA_value  -9999
[rows 234 to 259 of 290, columns 232 to 289 of 290]
9.70657E-2 1.78141E-2 9.59775E-2 1.55594E-1 4.50734E-2 1.67604E-2 1.91126E-2 1.21907E-1 6.31801E-2 1.07E-2 1.11963E-1 4.06853E-2 8.05376E-2 4.40024E-2 3.68423E-1 1.21126E-1 5.80314E-2 1.06416E-1 4.26415E-1 6.47296E-1 1.32477E-1 6.07813E-1 5.41966E-1 5.538E-1 6.54526E-1 6.57697E-1 1.16375E-1 8.11797E-1 2.64293E-1 1.11507E-1 3.48997E-1 4.25327E-1 2.44764E-1 5.3476E-1 4.10037E-1 2.3777E-1 3.07418E-1 4.02283E-2 6.67934E-1 9.50698E-1 9.8436E-1 6.77712E-1 1.23491E-1 4.05971E-1 3.94931E-1 1.71847E-1 5.94701E-1 1.83366E-2 6.58702E-2 1.34476E-1 2.58025E-1 5.39143E-1 3.36451E-1 3.16153E-1 5.164E-2 4.10975E-2 3.72089E-2 2.25967E-1
3.91802E-3 3.83173E-2 4.59663E-2 6.35708E-2 8.57861E-2 1.22001E-1 2.13463E-2 4.17233E-2 1.32187E-2 5.68015E-2 7.11352E-2 5.22485E-2 2.23082E-1 1.39745E-1 4.02915E-1 1.16186E-1 2.72833E-1 1.19708E-1 1.24916E-1 3.92653E-1 2.85764E-1 4.4453E-1 6.83452E-1 5.19957E-1 2.60956E-1 2.1843E-1 6.36443E-2 1.76224E-1 9.50651E-1 4.11972E-1 7.10217E-2 1.0667E-1 1.59914E-1 7.30196E-1 4.5097E-1 1.02747E-1 3.43014E-2 9.92103E-1 5.67519E-1 9.58638E-1 1.7468E-1 1.93632E-1 6.53807E-2 3.48181E-1 3.00092E-1 7.25575E-1 5.0874E-1 1.79432E-1 4.08183E-1 5.13793E-1 2.31199E-1 2.23044E-1 1.8995E-1 1.49691E-1 5.98975E-2 2.35434E-1 5.65478E-1 6.20258E-1
1.66521E-2 9.76224E-2 6.01346E-3 1.16404E-2 1.2459E-2 8.1452E-2 7.19777E-2 8.01748E-3 6.11454E-2 8.15077E-2 4.35629E-2 1.15355E-1 2.28326E-1 4.12434E-1 1.95911E-1 1.31712E-1 5.67384E-2 1.56044E-1 1.34694E-2 4.75947E-2 7.21814E-1 6.04877E-1 6.24065E-1 5.58348E-1 2.89681E-1 4.55573E-1 2.62516E-1 6.53511E-1 6.90841E-1 1.94995E-1 6.28336E-1 2.44992E-2 6.01351E-1 5.97315E-1 6.46334E-1 4.47821E-1 2.03186E-1 6.06753E-1 3.236E-1 6.07774E-1 9.32788E-1 5.82545E-1 3.73074E-1 3.31012E-1 1.91839E-1 4.08685E-1 7.11627E-1 6.64104E-1 6.69681E-1 4.94263E-1 5.49805E-1 1.17498E-1 6.91745E-2 1.92869E-1 5.33577E-1 3.66287E-1 4.40442E-1 2.63278E-1
9.78031E-2 1.78271E-1 4.8919E-2 3.15509E-2 8.36938E-2 3.88869E-2 1.6351E-2 4.7717E-2 2.41834E-2 4.61956E-2 9.82031E-2 7.19088E-2 4.52093E-2 5.07727E-2 2.27865E-1 1.03277E-1 1.12246E-1 6.80645E-2 2.72793E-1 7.17291E-2 5.5262E-1 7.44875E-2 9.18812E-1 6.51833E-1 5.72251E-1 7.43344E-1 2.28821E-1 4.31112E-1 9.5424E-1 4.76594E-1 4.21723E-1 6.70078E-1 9.90258E-1 8.86524E-1 9.39431E-1 9.88664E-1 8.72755E-2 9.66716E-1 5.93312E-1 4.3709E-1 9.72315E-1 3.46452E-1 4.49196E-1 6.65701E-1 4.06632E-1 2.48524E-1 1.72169E-1 2.39396E-1 5.28741E-1 4.91819E-1 6.74988E-2 6.00363E-1 1.09479E-1 8.68023E-2 8.82698E-2 5.44317E-1 4.76548E-1 2.88802E-1
1.78669E-2 6.79636E-2 2.45109E-2 4.84162E-2 5.16798E-2 2.08007E-2 4.32872E-1 5.02138E-2 2.88734E-3 4.0612E-2 5.45413E-1 1.07774E-1 1.4498E-2 5.09594E-2 1.93381E-1 2.42008E-2 2.93165E-2 1.56666E-1 2.07196E-1 2.42768E-2 1.09512E-1 5.17128E-1 3.44873E-1 8.10374E-1 5.13355E-1 6.49198E-1 8.72118E-3 4.03849E-1 3.70981E-1 7.92306E-1 5.14585E-1 5.49656E-2 9.09295E-2 4.72354E-2 5.67247E-2 2.49083E-1 2.8705E-1 4.86307E-1 2.45703E-1 2.46997E-2 3.57448E-1 9.5358E-1 2.21505E-1 7.78962E-1 5.53196E-1 7.69026E-1 8.85004E-1 6.66027E-1 1.5727E-1 3.11717E-1 2.03886E-1 3.17643E-1 9.05469E-1 1.64892E-1 4.00793E-3 1.44613E-1 1.48297E-1 2.29323E-1
1.03651E-1 7.40647E-2 3.20888E-2 8.5137E-2 4.6714E-3 2.90528E-1 1.62308E-1 1.60364E-2 9.9471E-3 6.0189E-3 3.85017E-1 4.93196E-2 1.08894E-1 2.72223E-1 6.01023E-1 1.17968E-1 9.95872E-2 1.7944E-1 4.72085E-3 6.72987E-2 6.50848E-1 7.57114E-1 7.74234E-1 6.96016E-1 4.82299E-1 2.03282E-1 1.61173E-1 3.04217E-1 2.30688E-1 2.25657E-1 8.91165E-1 6.31358E-1 6.27141E-1 6.56296E-1 4.94532E-1 3.29984E-1 2.83936E-1 7.02011E-1 5.11316E-1 3.36375E-1 1.42366E-1 1.83048E-1 3.57157E-1 9.59915E-2 7.85369E-1 3.48808E-1 4.54843E-1 4.20974E-1 1.58715E-1 3.3668E-2 1.37862E-1 2.03836E-1 1.51269E-1 3.25454E-2 6.7212E-2 1.50584E-1 1.39457E-1 8.11243E-2
3.52615E-2 4.60489E-2 8.84274E-2 1.13576E-2 3.89109E-2 1.48862E-1 1.57152E-1 6.71773E-2 1.00619E-1 2.35686E-1 8.27845E-2 8.39532E-2 4.95723E-2 1.30293E-1 6.2238E-1 1.76265E-1 3.37689E-2 1.48837E-1 1.23081E-1 7.76512E-2 1.12457E-1 2.76681E-1 3.25043E-1 5.05288E-2 2.6827E-1 1.48772E-1 5.69717E-3 1.41596E-1 2.16827E-1 5.69972E-1 5.82264E-1 8.53719E-1 6.46716E-1 3.24224E-1 7.72604E-1 3.34478E-2 7.66141E-1 2.22928E-1 3.62931E-1 9.99784E-1 4.83062E-1 5.55915E-1 4.64674E-1 1.98834E-1 6.68479E-1 5.52616E-1 3.9896E-2 4.20632E-2 2.8623E-2 3.62842E-1 1.81272E-1 6.17975E-1 1.04309E-1 1.62577E-1 2.12777E-1 2.18691E-1 4.4076E-2 1.4912E-1
1.38996E-2 1.3139E-1 3.18527E-2 7.15063E-3 3.87819E-2 5.232E-2 1.18706E-1 4.8331E-3 3.08174E-2 1.12816E-1 1.51886E-1 8.06148E-1 6.6774E-2 3.01914E-1 1.2134E-1 1.45897E-1 5.62145E-2 2.04514E-1 1.33578E-1 1.56736E-1 4.73295E-1 1.50299E-1 9.47345E-2 1.50335E-1 3.05721E-1 2.93742E-1 5.32434E-2 5.88743E-1 1.55324E-1 6.89012E-1 1.31615E-1 4.83075E-1 4.41091E-1 9.40717E-1 1.64465E-1 5.29375E-1 9.30002E-1 2.16348E-1 8.96949E-1 6.06841E-1 2.0117E-1 5.99515E-1 4.77283E-1 3.76728E-1 6.83923E-1 2.41797E-1 3.76039E-1 5.70373E-1 8.18181E-2 5.50769E-1 3.24155E-1 5.5037E-1 6.37025E-1 1.65788E-2 1.75697E-1 3.72934E-2 6.42645E-2 2.19555E-1
3.13054E-3 3.52511E-2 4.74565E-2 5.16987E-2 1.11902E-1 2.1729E-2 1.10538E-1 8.56272E-2 4.88032E-2 1.26605E-1 1.05766E-1 4.19467E-1 6.51794E-3 9.175E-2 3.41863E-1 3.39143E-1 5.35838E-2 4.10974E-1 7.23787E-2 1.89234E-1 4.41001E-1 1.41999E-1 6.81172E-1 1.22321E-1 2.02315E-1 5.94682E-1 1.8746E-1 4.00143E-1 5.16152E-1 2.12566E-1 1.55938E-1 6.48026E-1 3.16063E-1 7.24672E-2 5.902E-1 3.61372E-1 3.00093E-1 6.27798E-2 5.23838E-1 3.91614E-1 8.30142E-2 3.9931E-1 2.69475E-1 3.55647E-1 5.67947E-1 3.94895E-1 5.09655E-1 9.01949E-2 5.40365E-1 2.15514E-1 2.1964E-1 1.47478E-1 2.74415E-1 1.61718E-1 1.23829E-1 4.16837E-1 2.71862E-2 1.01341E-1
5.2389E-2 3.06952E-2 4.65586E-2 7.3176E-2 7.56176E-2 6.75062E-4 2.93146E-2 4.2724E-2 1.38775E-1 5.05123E-2 5.23717E-2 1.28574E-1 1.24223E-1 8.79152E-2 1.49182E-1 5.03451E-1 9.9074E-2 5.4105E-1 6.43382E-1 7.49129E-2 9.5235E-2 8.97989E-2 1.48504E-1 8.3417E-1 3.08068E-1 8.81532E-1 8.17417E-1 7.25949E-1 3.5465E-1 1.00618E-1 1.03582E-1 6.94131E-2 1.339E-1 2.09678E-1 2.54015E-1 4.76563E-1 7.19652E-2 5.88966E-2 3.03353E-1 2.19148E-1 8.59087E-2 1.56718E-1 1.74192E-1 2.03848E-1 5.73954E-1 2.45003E-1 4.11396E-1 5.97449E-1 5.32512E-1 1.44858E-1 2.68689E-2 1.49646E-1 3.61286E-1 1.37955E-1 6.66908E-3 1.26149E-1 1.33442E-1 2.9337E-2
1.09055E-1 2.03772E-2 4.55766E-3 4.75995E-2 1.35429E-1 1.17355E-1 1.43023E-1 6.51751E-2 3.58061E-2 1.15254E-2 9.04197E-3 5.56826E-4 1.67796E-3 1.96453E-1 1.02765E-1 1.21443E-1 8.88702E-2 1.15233E-1 5.20349E-2 1.40079E-1 1.24593E-1 1.24695E-1 2.10149E-1 8.39131E-1 5.1747E-1 4.4946E-1 2.76187E-1 4.24749E-1 2.80365E-1 5.17008E-1 1.93885E-1 4.65396E-1 4.67379E-1 4.79717E-2 1.0147E-1 1.23123E-2 8.43339E-2 3.91747E-2 5.39811E-2 5.71826E-2 4.3658E-1 8.05968E-2 7.37797E-2 2.20228E-1 1.35595E-1 5.94264E-1 5.26103E-2 2.46797E-2 1.67517E-1 9.10638E-2 8.06892E-2 2.81893E-2 6.00644E-2 6.58816E-2 5.26461E-1 5.74596E-2 1.1334E-1 2.4854E-1
2.03417E-2 4.7997E-1 1.30254E-1 2.4508E-2 6.44975E-3 2.05478E-2 6.04152E-3 6.23326E-2 9.54323E-3 6.83333E-2 2.49592E-3 2.89783E-1 5.04219E-2 6.88506E-2 1.61241E-1 1.84822E-2 4.64458E-2 6.04095E-2 1.15224E-1 2.46302E-1 1.24561E-1 4.0571E-1 7.00306E-2 1.18862E-1 3.16557E-1 7.92348E-1 3.79693E-1 2.95409E-1 2.91659E-1 8.03761E-2 2.37942E-1 5.43285E-2 3.14805E-1 1.78672E-1 9.14368E-2 3.42351E-1 9.51743E-2 5.17861E-2 8.049E-2 2.20708E-1 1.15669E-1 4.6869E-2 2.85522E-2 1.71405E-2 1.11431E-1 1.02743E-1 1.36707E-1 9.03381E-2 4.13549E-2 4.04809E-2 2.9487E-2 5.60797E-1 1.48123E-1 1.04996E-1 1.71678E-1 3.21474E-2 1.09082E-1 5.87834E-1
1.18755E-1 2.86429E-2 3.03757E-2 1.09689E-1 7.63855E-2 9.2281E-3 6.44074E-4 1.08299E-2 1.65713E-2 2.79524E-1 3.94982E-1 5.57374E-2 1.99206E-1 3.53337E-1 7.7223E-2 6.33488E-2 4.70502E-1 7.97836E-1 9.59055E-2 4.68557E-1 5.73078E-1 3.58063E-2 1.13057E-1 6.34841E-1 3.75294E-1 1.39074E-1 1.68381E-1 2.38148E-1 4.0841E-2 1.00969E-1 1.06949E-1 1.2996E-1 1.27715E-1 2.55089E-1 6.25248E-1 5.41132E-1 1.31753E-1 7.11468E-2 3.32979E-1 4.79556E-2 1.07834E-2 1.39611E-1 1.12585E-1 1.45381E-1 6.29154E-2 1.44657E-1 8.21201E-3 1.45037E-1 1.5888E-2 5.67184E-1 2.20716E-1 9.18475E-2 2.98592E-2 1.90645E-2 2.60823E-1 7.98215E-2 2.26244E-1 5.37523E-1
6.96926E-2 2.50481E-2 4.64108E-1 3.665E-2 7.05396E-2 1.59915E-3 1.25737E-2 1.38753E-2 3.63074E-2 6.05805E-2 1.47604E-2 1.03788E-1 6.14169E-1 5.95096E-1 1.87384E-1 5.77715E-2 9.83356E-1 9.0024E-1 6.09458E-2 1.26524E-1 7.91864E-1 2.2791E-2 7.65874E-2 1.03414E-1 4.02292E-2 6.30478E-2 8.30334E-2 3.07863E-2 2.78795E-2 6.88837E-2 4.11659E-2 1.71746E-1 2.47358E-1 4.35467E-1 5.05753E-2 2.36943E-1 5.99333E-2 7.27411E-1 3.35628E-1 1.81203E-1 5.65679E-2 1.70526E-1 1.17211E-1 3.08272E-2 2.17012E-1 6.58416E-1 2.61364E-1 4.38449E-1 2.29717E-1 4.74722E-1 1.79773E-1 1.87072E-1 9.13341E-2 1.32971E-1 1.83726E-1 5.08438E-1 2.74765E-1 5.88249E-1
5.0754E-3 1.24725E-2 2.94683E-4 6.46493E-2 5.78738E-2 1.79172E-1 3.01523E-1 3.15785E-1 2.54763E-1 4.33728E-1 6.5094E-1 1.7165E-1 7.20847E-2 7.25887E-3 7.92562E-4 1.22632E-2 1.78796E-1 1.30124E-1 4.65917E-2 4.95982E-2 4.94189E-2 1.29788E-2 1.99343E-1 4.45819E-2 3.91675E-2 1.07661E-1 1.51856E-1 5.66994E-2 2.77863E-2 7.23769E-2 9.22499E-2 5.66188E-2 5.52303E-2 1.39705E-1 5.68243E-1 3.37416E-1 6.92698E-1 3.30584E-1 3.3922E-2 1.77205E-1 9.45254E-2 5.46021E-1 9.37674E-2 3.22446E-1 2.74134E-1 5.17028E-1 2.22562E-1 6.015E-1 1.14272E-1 1.79837E-1 1.90533E-1 2.45163E-2 7.82928E-2 1.99986E-1 1.84975E-1 4.22271E-1 5.57259E-1 2.38415E-1
1.29586E-4 1.94026E-1 7.95134E-4 1.03189E-1 4.49596E-2 7.77098E-2 2.77182E-2 4.64847E-2 1.02961E-1 3.38625E-2 7.00634E-2 5.65084E-2 1.82094E-1 1.65707E-2 3.53842E-3 1.32935E-2 4.78924E-2 3.95678E-2 9.09453E-2 4.16635E-2 4.82263E-2 2.91691E-2 4.6596E-2 9.55856E-2 6.94953E-2 7.84397E-2 5.56797E-2 1.59613E-1 3.89194E-2 3.34561E-2 1.02013E-1 3.09988E-2 4.77668E-2 5.63483E-2 3.18178E-1 5.51337E-1 5.03891E-1 2.80219E-2 7.10233E-1 5.26731E-1 1.38035E-1 8.3723E-1 7.67095E-2 3.34488E-2 1.06351E-1 7.76774E-1 2.81253E-1 1.13351E-1 4.88785E-1 2.49146E-1 3.93312E-1 1.91141E-1 4.87822E-1 3.14877E-1 5.97381E-2 3.11581E-1 5.38394E-1 2.67999E-2
1.66519E-2 1.88978E-1 8.95635E-3 7.55928E-2 1.36721E-3 2.78352E-1 4.99779E-2 7.731E-2 2.71396E-1 1.63083E-1 1.70227E-2 1.25291E-1 5.65765E-2 4.49591E-2 5.79241E-3 1.26975E-1 6.77066E-3 5.1628E-2 7.53765E-2 1.22234E-2 3.35187E-2 3.37128E-2 7.54144E-2 3.36816E-2 4.6867E-2 2.16665E-1 2.22744E-1 4.06942E-2 1.88281E-1 6.34709E-2 1.14183E-1 8.46457E-2 1.86832E-1 4.08816E-2 6.08681E-2 2.25398E-1 9.41618E-2 1.08462E-1 5.02314E-1 4.86854E-1 3.1644E-1 7.76158E-2 8.25609E-1 4.7039E-1 1.26001E-1 5.39297E-1 5.68882E-1 2.31703E-1 4.60057E-1 3.1053E-1 5.17283E-1 2.07989E-1 7.55382E-2 1.82979E-1 2.31545E-1 1.9848E-1 1.89829E-1 4.80634E-2
5.81948E-4 1.7294E-2 5.35177E-1 8.57307E-1 1.45422E-4 1.19729E-1 1.42111E-1 1.48716E-1 1.70932E-1 1.07894E-3 6.42773E-3 1.14537E-1 2.23699E-1 2.35402E-2 5.46586E-3 5.0861E-2 1.02898E-1 2.37081E-2 2.06927E-2 6.0037E-2 2.20203E-2 3.86925E-2 9.00471E-2 9.84713E-2 1.64358E-1 1.73829E-1 3.05838E-2 4.12032E-2 7.88624E-2 5.32576E-2 5.13628E-2 1.59137E-1 1.59414E-1 1.37266E-1 3.47367E-1 1.32352E-1 2.00213E-1 2.79039E-1 2.07383E-1 3.57873E-1 8.44986E-1 9.16059E-1 1.82651E-1 3.81993E-1 3.66319E-1 5.09012E-1 4.89188E-1 4.39136E-1 3.10167E-1 2.11524E-1 1.09172E-1 1.83253E-1 1.86715E-1 5.2094E-2 8.30286E-2 1.46028E-1 2.33123E-1 2.05735E-1
2.69444E-3 2.63027E-3 2.45769E-1 1.61151E-2 1.30893E-1 2.02714E-1 1.1041E-1 1.15144E-1 3.18116E-2 9.91878E-2 1.65219E-1 1.57263E-2 1.05783E-3 5.37716E-2 9.95414E-2 2.4247E-2 6.09125E-2 3.82065E-2 1.69341E-2 1.28862E-2 3.09482E-2 2.67636E-2 8.37286E-3 7.90696E-2 6.5961E-2 3.29775E-2 9.64978E-2 8.66103E-2 6.0123E-2 4.55149E-2 1.84417E-1 1.99163E-1 2.7118E-1 1.2506E-1 2.60959E-1 9.30155E-2 2.39519E-1 1.95832E-1 1.01243E-1 8.83978E-2 3.86798E-1 5.1212E-1 3.89419E-1 5.45131E-1 3.7821E-1 5.97961E-1 2.75709E-1 3.7819E-1 6.7998E-1 3.68304E-1 1.60124E-1 4.43824E-2 1.36662E-2 4.11025E-2 4.21606E-1 3.62346E-2 1.29475E-1 2.1757E-1
8.93022E-2 2.05492E-1 9.33116E-1 1.2679E-1 2.23758E-3 6.27604E-3 5.74873E-2 2.53639E-2 4.87031E-2 4.33554E-2 5.21137E-2 3.77465E-2 1.00575E-1 1.09288E-1 6.56402E-2 4.66713E-2 3.21043E-2 9.75434E-2 1.99697E-3 1.6073E-1 7.633E-2 6.63064E-2 8.81915E-3 1.87768E-2 2.96143E-2 1.42047E-1 1.47078E-1 3.98806E-2 4.92015E-1 2.47034E-1 3.49679E-2 1.20735E-2 1.10826E-1 1.16829E-1 3.02822E-1 1.96413E-1 1.57939E-1 3.80788E-2 1.45252E-1 7.89194E-1 3.66564E-1 4.28054E-1 5.00617E-1 3.8695E-1 5.7745E-1 5.7154E-1 4.51894E-1 2.14163E-1 2.32507E-1 1.0649E-1 5.18192E-1 4.44224E-2 1.27118E-1 1.38496E-1 1.25078E-1 5.65212E-1 2.03667E-1 2.50919E-1
9.05331E-3 5.37549E-3 1.35951E-1 4.94541E-2 8.80759E-2 1.13979E-1 3.88682E-2 8.66169E-2 2.61231E-2 8.90693E-2 3.89358E-2 2.29217E-2 3.96471E-3 7.17214E-2 3.42156E-2 8.46785E-3 9.73302E-2 8.71587E-3 9.60119E-2 5.77074E-2 8.59068E-3 4.45518E-2 8.06424E-2 2.73105E-2 8.20574E-3 1.8686E-2 6.50343E-2 1.64082E-1 5.07388E-2 2.328E-1 1.09565E-1 1.52008E-1 4.63198E-2 8.89868E-2 1.12529E-1 1.89079E-1 6.28621E-1 6.2372E-1 1.06004E-1 5.60564E-1 6.91504E-1 3.64927E-1 4.75378E-1 3.94564E-1 1.68724E-1 4.95569E-1 3.81599E-1 4.12633E-1 1.58164E-1 5.37497E-2 9.07775E-2 6.15174E-2 9.92123E-2 1.1231E-1 9.61845E-1 2.36827E-1 7.18111E-1 6.16636E-1
8.13863E-2 4.63487E-2 7.37836E-2 1.49507E-1 4.30527E-2 4.18433E-2 1.86179E-2 1.14941E-1 1.05691E-1 3.94626E-2 5.21943E-2 6.86682E-2 2.73498E-2 1.63295E-2 3.1975E-2 5.89215E-2 5.83288E-2 4.14509E-2 2.78663E-2 1.3198E-3 2.34616E-2 8.46651E-3 8.75193E-2 6.11721E-2 9.84722E-2 1.75909E-2 1.51785E-2 7.83472E-2 6.5708E-2 1.03752E-1 1.9873E-1 6.5608E-2 1.02006E-1 1.24757E-1 2.94961E-1 9.96838E-1 3.19388E-1 1.3446E-2 6.08432E-1 7.78321E-2 7.79662E-1 3.61118E-1 5.38414E-1 1.80501E-1 4.49379E-1 3.83485E-1 2.83602E-1 3.85508E-1 8.43138E-2 5.08007E-2 1.14268E-1 1.56736E-1 5.44396E-1 5.701E-1 8.57554E-1 5.43288E-2 2.50291E-1 3.28947E-1
3.65021E-2 1.30776E-1 2.56043E-2 7.69624E-2 2.95358E-3 1.60054E-2 3.61114E-2 5.04246E-2 3.43628E-2 2.66082E-2 2.24802E-2 1.0897E-3 1.49797E-3 8.69096E-2 9.91601E-2 3.08706E-2 2.15567E-2 7.00608E-2 5.8238E-2 2.21054E-2 1.03612E-1 1.3169E-2 2.89873E-3 3.03188E-2 7.48662E-2 2.06621E-2 1.71771E-1 5.61418E-2 4.57476E-2 2.13687E-1 2.21704E-1 2.13558E-1 1.05318E-1 6.01123E-1 4.21777E-1 3.38843E-1 8.73977E-2 3.67168E-1 9.72488E-1 7.80076E-2 3.58393E-1 3.19949E-1 3.34811E-1 3.046E-1 1.47472E-1 8.17088E-2 4.90032E-1 3.77069E-1 7.12007E-2 4.1774E-1 2.43634E-1 1.69347E-1 5.69542E-1 8.27758E-1 5.358E-1 7.14375E-1 6.23156E-1 4.3647E-1
5.04743E-2 7.3875E-3 2.8326E-3 9.57525E-2 5.38331E-2 1.1068E-1 4.53776E-2 2.02591E-2 2.44276E-2 3.38957E-2 4.87279E-2 1.7602E-3 3.75116E-2 9.09774E-2 3.03086E-2 8.53669E-2 8.87649E-3 2.91065E-2 1.5511E-2 3.5694E-2 8.71133E-2 7.46269E-2 8.33281E-4 1.68449E-1 6.82718E-2 1.37068E-1 9.34777E-2 1.62896E-1 1.01013E-2 3.29293E-1 1.16968E-1 1.37111E-1 7.52471E-2 9.52269E-1 4.56964E-1 7.00205E-1 3.10814E-1 3.89416E-1 3.8745E-1 9.46511E-1 7.78678E-2 2.78466E-1 1.76755E-1 8.00539E-2 1.68561E-1 2.15921E-1 1.63269E-1 4.58694E-2 3.15544E-1 2.7198E-1 4.9442E-1 2.67384E-1 8.48147E-1 4.58661E-1 5.40926E-1 2.3756E-1 1.82628E-1 1.01769E-1
4.87042E-3 4.52212E-2 9.05694E-4 1.17123E-1 2.4738E-2 9.46802E-3 1.29964E-1 1.11987E-1 7.53746E-2 1.4472E-2 1.97374E-2 1.48595E-3 7.60021E-3 3.79429E-2 4.37693E-2 2.86568E-2 1.38292E-2 2.2576E-2 2.73402E-2 1.03442E-1 6.1011E-2 1.80951E-1 6.85602E-2 7.53056E-2 5.08936E-2 8.49731E-3 6.16774E-2 2.92014E-2 1.70772E-1 7.55806E-2 7.11953E-2 2.11674E-1 4.10192E-1 2.56529E-1 1.35377E-1 2.84876E-2 5.44071E-2 3.18804E-1 9.49755E-3 1.72974E-1 2.21322E-1 5.94743E-2 1.33325E-1 6.29675E-2 2.80636E-2 9.49722E-2 1.05183E-1 4.83224E-1 1.3745E-1 1.01996E-1 9.15504E-2 3.40627E-2 4.6082E-1 6.05124E-1 7.31553E-1 3.31969E-2 2.55101E-1 1.42305E-1
8.53398E-3 7.98836E-2 3.76598E-2 3.88251E-2 1.24469E-3 3.82146E-2 1.33777E-1 8.37583E-2 4.07579E-3 1.84909E-2 1.3083E-2 7.31235E-2 1.36621E-2 3.04999E-2 3.57361E-3 3.67602E-2 3.54655E-2 2.91519E-2 1.62416E-2 1.55987E-2 3.61142E-2 1.00289E-1 6.11396E-2 1.85821E-2 1.44721E-3 1.01956E-2 5.41978E-2 8.02291E-3 2.93363E-1 3.67514E-2 5.95602E-2 1.41792E-1 6.3619E-1 7.20764E-2 1.45863E-1 1.58555E-2 1.5431E-1 3.47142E-1 2.73074E-1 1.31364E-1 1.24319E-1 1.42362E-1 2.70237E-2 6.49986E-2 1.22029E-1 7.88365E-2 5.5667E-2 9.48399E-2 4.65193E-1 1.38948E-1 8.81872E-2 5.06101E-1 4.60744E-1 2.31574E-1 2.25816E-2 3.29249E-2 1.56503E-1 2.03236E-1
