outputs/pantheraTigris_2.asc
ncols         290
nrows         290
xllcorner     68.0
yllcorner     8.0
cellsize      0.1
NODATA_value  -9999
[rows 234 to 259 of 290, columns 116 to 173 of 290]
7.90851E-2 6.39609E-2 1.2891E-2 1.12555E-1 8.0918E-2 1.20416E-1 1.55425E-1 3.55708E-3 3.38722E-1 2.6787E-1 3.57876E-2 8.97065E-2 1.50596E-1 1.0468E-2 8.47697E-3 3.53985E-2 7.07419E-2 7.37932E-3 8.52004E-2 8.20476E-2 1.18348E-3 1.48788E-2 9.93697E-5 3.37976E-4 5.77811E-4 1.88706E-2 5.21915E-4 2.59439E-2 2.09771E-2 5.58129E-2 4.42058E-3 7.96258E-3 2.85138E-2 3.30911E-4 3.30593E-3 5.78539E-2 2.72616E-3 2.24841E-2 3.47144E-2 2.62505E-3 2.04067E-2 4.62449E-3 3.69592E-2 2.91797E-3 1.26558E-2 7.07524E-2 1.38143E-2 6.35832E-2 2.1351E-2 9.25748E-3 4.06236E-3 1.41151E-2 2.74865E-3 3.60926E-2 2.98653E-3 2.02413E-2 1.30778E-2 1.82558E-3
1.27907E-1 4.96532E-2 2.56402E-3 7.03832E-2 6.0664E-2 2.7899E-2 1.25073E-1 1.91091E-2 1.20973E-2 1.40614E-2 1.81107E-2 2.29561E-2 1.7889E-1 1.94295E-4 1.32E-1 1.26527E-1 1.34988E-2 2.67643E-2 4.58036E-4 3.65187E-2 1.2386E-3 9.70357E-4 7.77659E-5 3.0249E-2 8.82694E-3 8.3103E-4 1.03158E-2 1.75E-3 2.20385E-3 1.44123E-2 5.76839E-2 1.00697E-2 1.00505E-2 3.0738E-3 5.47804E-3 6.13161E-3 2.01308E-3 9.17919E-3 2.16608E-3 1.14702E-2 8.12634E-3 2.38804E-2 2.03453E-2 1.99045E-2 1.1635E-2 4.01401E-3 8.4865E-3 4.04816E-2 6.58152E-3 1.08794E-2 3.12525E-4 1.37773E-3 1.28912E-3 1.98214E-3 5.80362E-3 7.60429E-3 5.72879E-3 3.24243E-3
8.15798E-2 2.21487E-2 7.18478E-2 1.51947E-3 1.5523E-1 2.39622E-3 5.98147E-1 1.48079E-1 2.54075E-2 5.45214E-2 5.57677E-2 4.85638E-3 1.45546E-1 2.53384E-3 4.04201E-2 1.18244E-4 3.48208E-3 4.00534E-3 6.89533E-4 5.92071E-4 4.70413E-3 1.50598E-2 2.43624E-4 1.30149E-2 2.56494E-2 1.11336E-3 7.947E-2 1.07881E-4 9.32116E-3 4.87407E-2 5.33248E-3 1.9382E-3 8.20379E-3 1.68966E-4 4.87027E-4 5.73319E-2 5.9923E-3 5.11055E-2 9.58941E-3 2.00156E-2 2.59566E-2 2.01725E-2 3.64579E-2 9.94946E-3 3.45685E-2 3.29313E-2 1.14314E-2 3.7325E-3 2.23591E-3 3.68795E-2 3.40014E-3 2.01196E-3 1.09555E-2 3.27167E-2 3.23601E-2 2.72776E-2 5.19099E-3 3.05882E-2
1.40319E-1 6.92231E-2 1.41878E-2 2.76472E-1 6.59892E-1 7.08484E-1 9.21275E-2 1.70334E-1 4.13905E-1 3.27237E-1 9.23619E-4 1.20688E-2 1.0932E-1 5.00079E-5 3.78441E-3 1.14703E-2 2.30474E-2 5.1031E-2 5.84555E-3 2.56613E-3 1.26009E-2 4.43817E-4 6.48578E-4 5.30756E-3 1.74078E-2 1.67413E-2 8.52383E-3 1.1413E-2 9.60793E-3 3.97726E-2 1.13234E-2 1.05572E-2 1.51535E-2 6.85391E-3 3.44833E-2 1.20756E-2 5.56777E-4 6.97954E-3 2.03303E-2 1.21362E-2 5.36515E-3 1.10327E-2 1.4061E-2 8.65388E-2 3.85906E-2 5.32615E-2 1.01713E-3 4.15796E-2 3.3587E-2 2.4274E-2 2.01726E-2 1.70526E-3 4.86972E-3 1.06739E-3 4.79926E-2 1.15712E-3 1.43156E-3 1.45212E-3
1.2519E-1 5.44574E-3 6.16887E-3 1.55617E-1 5.95653E-2 3.39954E-1 7.31576E-2 5.78309E-3 1.35421E-2 3.59953E-3 3.20944E-3 7.89918E-4 8.03201E-3 1.99709E-2 3.22762E-2 2.30435E-2 4.27749E-4 6.9852E-3 4.30946E-2 4.0736E-4 2.18797E-3 8.546E-4 8.67245E-2 6.56947E-3 6.69826E-4 1.07411E-4 4.65432E-2 1.78478E-2 6.95899E-4 1.25565E-3 4.7123E-3 2.88311E-2 1.26999E-2 9.3976E-5 2.90292E-2 6.78523E-4 9.19631E-3 2.05856E-3 2.68571E-2 2.45373E-2 8.53834E-3 3.36171E-3 1.18316E-2 2.40579E-2 2.0196E-2 1.99666E-2 2.13591E-3 5.54129E-3 2.09445E-2 3.11169E-3 4.2487E-4 5.58063E-3 7.12303E-3 6.09498E-3 2.9072E-3 8.07498E-3 2.3934E-2 3.63523E-3
6.94E-2 3.46588E-2 1.39826E-3 1.01443E-1 1.2992E-1 2.97766E-3 1.21352E-1 8.96697E-2 2.40184E-2 1.11915E-2 1.58427E-4 9.94486E-3 3.25012E-3 1.32774E-3 5.32243E-2 1.02646E-3 1.0626E-2 1.08361E-2 4.47495E-3 5.66965E-5 1.27532E-3 2.59851E-3 3.65848E-3 2.18594E-4 1.33298E-3 4.81872E-4 5.08589E-3 4.45607E-2 1.33848E-2 2.11771E-2 4.23478E-2 1.53009E-3 7.89763E-3 2.10603E-2 8.84168E-3 4.7626E-5 5.7993E-2 9.99804E-3 3.57701E-3 5.2915E-3 1.28488E-3 7.11202E-3 5.22848E-3 3.18255E-2 4.32447E-2 2.08133E-2 3.788E-2 3.93975E-3 3.90056E-3 2.28273E-2 4.47612E-4 1.84129E-2 1.58948E-4 6.7709E-3 6.33892E-4 4.91309E-2 8.69246E-3 1.57757E-2
1.90497E-3 5.92015E-3 2.8229E-2 4.01574E-3 7.0627E-2 7.00357E-2 3.32253E-1 3.69776E-2 3.53708E-1 1.12194E-2 1.89703E-1 4.34316E-2 9.09372E-2 2.24955E-2 8.71426E-3 3.4588E-2 3.1238E-2 3.28487E-2 3.11028E-3 1.93323E-4 4.67447E-4 2.84645E-3 8.44942E-4 2.47828E-2 1.8494E-2 5.96307E-3 2.04313E-3 6.16002E-3 3.44675E-3 4.5348E-2 1.42836E-3 2.91065E-2 3.08126E-2 1.49588E-2 6.69006E-4 3.12396E-3 4.31327E-2 2.4655E-2 2.45675E-3 1.00326E-2 1.68734E-3 3.09212E-2 1.7027E-3 1.12208E-2 5.65048E-3 2.95849E-2 2.46684E-3 1.88544E-3 3.43325E-2 2.18608E-2 8.77234E-2 4.39622E-2 3.04971E-4 6.78278E-3 5.22105E-3 1.74075E-2 2.84102E-2 3.22489E-3
4.83527E-3 5.25564E-2 1.10273E-2 8.522E-2 3.22633E-2 2.25604E-1 1.22486E-1 3.98825E-2 2.73589E-1 3.71403E-2 3.81216E-2 3.02775E-2 1.53097E-2 1.76503E-2 4.75485E-2 1.79855E-2 5.06457E-3 2.01366E-3 1.51329E-3 8.20221E-4 9.95524E-4 1.47823E-3 5.25469E-3 2.4386E-2 1.96035E-3 4.19983E-4 2.96727E-2 5.37872E-3 9.70961E-3 3.23387E-4 3.0281E-3 6.30134E-3 8.38726E-3 2.31318E-2 2.81405E-2 4.07695E-2 8.70686E-4 1.81946E-2 2.71456E-3 5.02525E-2 1.17734E-2 3.38482E-2 4.69759E-2 6.57813E-2 3.0968E-2 3.15233E-3 2.70686E-2 3.02585E-2 1.97741E-2 4.25923E-3 1.25021E-2 3.45598E-2 4.30876E-2 2.95988E-4 2.10903E-2 2.3874E-2 3.41281E-2 3.60355E-2
2.40659E-2 6.90002E-2 2.90538E-2 2.72413E-2 1.1546E-1 1.01886E-2 7.98621E-2 5.13607E-2 2.54387E-2 2.65283E-2 1.94128E-2 8.14014E-3 2.19568E-2 2.80484E-3 7.74247E-2 9.70919E-4 6.72129E-2 6.95929E-2 3.40771E-2 2.35372E-3 2.00534E-4 1.39621E-3 5.11041E-2 7.74502E-4 6.02124E-3 1.24516E-3 2.9639E-3 4.03949E-4 3.00497E-2 5.65444E-2 1.97718E-3 1.52548E-4 1.96464E-2 6.45822E-3 3.52969E-2 3.131E-3 1.10516E-2 1.34017E-2 1.34819E-2 8.76587E-3 3.64826E-2 5.35515E-3 1.77919E-2 6.34331E-2 4.28185E-3 5.63721E-3 9.63735E-4 2.89558E-3 5.9772E-2 6.71879E-3 4.59818E-2 8.76332E-5 1.49003E-2 3.42844E-4 3.60032E-4 3.95517E-2 6.59095E-3 2.74544E-3
8.25986E-3 1.53159E-1 5.25295E-2 2.16169E-2 9.03305E-2 1.11999E-1 7.40002E-3 6.66793E-2 5.75868E-2 1.85684E-3 2.21678E-2 5.05316E-2 1.35793E-3 6.40144E-2 2.83929E-3 1.22575E-1 5.91577E-3 1.20297E-3 3.19392E-2 4.84281E-3 1.27124E-3 3.72243E-3 8.441E-3 1.46437E-3 4.11422E-4 2.81692E-3 1.33634E-2 2.72883E-3 1.47062E-3 6.32296E-3 2.43828E-4 2.28597E-2 1.9323E-2 2.60643E-2 9.28962E-3 5.34647E-3 2.90993E-3 1.09104E-2 1.34662E-1 3.25694E-3 5.34455E-3 2.50607E-2 6.71892E-2 2.81764E-3 2.6815E-2 1.91249E-3 6.49738E-3 3.44072E-2 4.17149E-2 4.47486E-3 8.76116E-3 2.61578E-2 2.6217E-3 2.86591E-2 1.80055E-2 1.26301E-2 1.02135E-4 6.05271E-4
3.58508E-2 4.65295E-2 5.98846E-2 1.02824E-1 1.27168E-2 3.78063E-2 1.26734E-2 1.37496E-3 3.80932E-2 3.0888E-2 5.57816E-2 2.08113E-2 8.92059E-3 3.50411E-3 5.59337E-3 3.04554E-2 4.58437E-3 2.98162E-2 1.42943E-3 1.10691E-1 1.37771E-2 1.88507E-3 4.25874E-2 8.39191E-3 4.38933E-2 3.9297E-2 7.1178E-3 4.35914E-2 3.39225E-4 5.81849E-4 1.19029E-3 7.21646E-3 1.92036E-2 1.7821E-2 2.42997E-3 2.80815E-4 5.31226E-4 1.96134E-2 7.80834E-3 2.4805E-2 2.56565E-2 7.32168E-3 5.54523E-3 1.73859E-4 1.34418E-2 1.46854E-3 3.22424E-3 2.92948E-3 9.80136E-3 1.28417E-3 2.08074E-2 9.13003E-3 9.18799E-3 2.037E-3 2.91309E-2 3.82847E-4 5.02602E-4 2.01178E-2
3.56699E-2 5.89442E-2 5.88586E-3 2.22429E-2 6.51396E-2 4.50037E-2 4.08394E-2 3.94423E-3 1.11179E-1 1.10233E-1 5.21646E-2 7.49762E-2 7.76758E-3 6.43193E-2 4.63029E-2 6.71779E-3 3.51847E-3 3.17069E-2 1.96879E-3 7.87661E-3 8.78507E-3 2.22398E-2 5.45446E-3 1.48342E-2 2.7665E-2 7.50752E-3 7.12969E-4 6.34119E-2 6.51936E-4 2.15789E-2 1.25419E-2 7.19926E-4 4.18478E-4 3.40454E-4 1.52977E-2 1.18103E-3 6.09796E-3 2.18411E-2 2.02967E-4 8.1459E-4 7.62571E-2 2.78664E-2 2.29162E-2 1.99085E-2 2.33388E-2 3.55473E-3 4.44361E-5 3.77887E-2 1.08989E-2 8.35151E-5 1.11065E-4 7.31454E-5 1.16763E-1 9.59777E-5 2.85599E-2 1.47157E-2 1.30928E-2 3.12508E-2
6.18685E-2 9.55682E-2 1.08182E-2 4.51296E-2 6.78505E-2 4.74883E-2 3.31887E-2 1.32697E-2 2.50089E-2 9.41659E-2 3.95181E-2 7.07964E-3 6.21198E-2 9.41673E-3 1.88354E-2 1.67304E-3 6.93225E-3 1.02347E-2 2.12446E-3 1.59855E-2 1.63338E-2 1.02305E-2 1.704E-3 3.59319E-2 5.17193E-3 2.20596E-2 2.77756E-2 6.2432E-2 1.09385E-3 4.41226E-3 7.0034E-4 4.13636E-2 1.7637E-3 3.96757E-5 3.78384E-2 1.74884E-2 1.03239E-4 1.03539E-2 1.21243E-2 9.8585E-3 1.84733E-4 3.2809E-5 2.91544E-2 1.87375E-4 1.13125E-4 5.02251E-4 4.21755E-3 2.71871E-5 2.63875E-2 4.14514E-3 2.53042E-2 1.27056E-2 2.55089E-2 2.71258E-4 1.16995E-2 1.23525E-2 2.6202E-3 3.65579E-4
1.77516E-2 4.90862E-2 8.34472E-3 8.27606E-3 4.40666E-3 4.9676E-3 5.07999E-3 8.2119E-3 2.87217E-2 2.80339E-2 4.41304E-3 2.85018E-2 5.6667E-2 7.53067E-3 1.48519E-2 1.83632E-2 3.81748E-2 2.94449E-4 5.9867E-2 3.47474E-3 1.71249E-2 2.89851E-2 9.95595E-3 2.21444E-2 1.07446E-2 3.613E-3 4.42831E-2 2.25921E-3 4.93407E-3 6.31018E-2 3.20556E-2 1.0866E-1 3.46311E-4 1.54792E-2 1.20927E-1 7.25072E-5 1.10787E-3 8.30581E-2 4.5826E-2 5.79861E-2 2.74802E-3 1.93516E-2 4.03248E-5 7.34231E-2 9.52965E-3 2.94126E-2 3.37123E-2 5.17463E-2 2.26263E-5 1.85814E-3 1.69428E-5 2.48094E-2 4.31876E-3 5.17165E-3 3.28784E-3 3.91662E-2 1.61074E-2 1.34948E-1
1.6961E-1 4.54767E-2 1.20055E-2 5.65959E-2 6.91562E-2 5.09508E-3 3.46889E-2 1.61815E-1 2.41131E-3 2.08472E-2 5.12857E-3 4.08818E-3 3.82019E-3 7.09316E-4 1.19384E-3 8.99144E-3 3.56795E-2 1.39544E-2 4.02682E-2 9.91295E-3 3.5239E-3 1.42933E-2 2.65931E-3 1.24228E-3 7.10872E-2 7.39504E-3 1.61056E-3 4.23041E-2 1.85721E-4 4.64498E-5 3.51777E-5 1.27065E-3 3.16782E-2 8.25394E-3 2.02891E-4 1.2671E-1 6.73291E-5 3.25527E-2 2.36544E-4 1.50288E-2 1.29747E-2 1.87575E-2 1.20438E-3 1.26746E-2 1.25851E-4 1.1301E-3 5.64203E-3 3.46668E-3 2.45336E-3 4.52301E-2 6.11314E-4 1.7873E-2 4.94971E-2 2.21526E-2 2.40995E-2 1.60576E-2 2.37236E-2 3.33387E-2
1.29834E-2 6.98082E-3 1.06118E-2 4.97201E-3 9.77835E-3 1.09607E-1 2.55876E-2 1.80185E-3 8.42236E-2 2.91058E-2 6.84378E-2 4.94165E-3 5.47392E-2 3.57849E-3 1.10775E-1 1.4526E-2 3.48496E-2 6.76056E-3 2.47073E-2 6.10674E-2 2.89592E-3 1.47805E-2 1.78858E-2 1.13364E-3 1.87085E-3 1.14364E-2 3.16212E-2 1.01209E-2 6.24208E-5 3.15587E-2 2.32136E-5 1.19345E-2 8.81354E-3 7.40535E-5 5.42724E-3 1.62375E-3 2.08646E-3 5.21748E-2 2.13537E-3 1.14394E-3 7.07884E-4 5.70157E-4 5.63337E-2 1.64793E-3 1.08217E-3 9.61656E-5 2.85304E-4 4.48678E-4 1.59936E-4 4.90678E-2 3.92302E-2 8.80756E-4 1.68695E-4 1.86929E-4 8.37956E-5 8.66864E-3 1.92903E-4 9.97775E-5
3.9733E-2 1.67858E-1 6.92413E-3 4.08235E-3 8.03749E-2 1.15932E-2 9.02656E-2 2.26018E-2 5.21733E-2 2.75657E-2 4.02612E-2 8.75855E-2 4.39437E-2 1.23989E-2 3.64158E-3 3.54144E-3 2.03683E-2 7.97361E-2 2.70048E-3 2.27978E-3 6.18508E-3 3.6223E-3 8.13562E-2 1.06811E-2 9.56356E-2 7.25501E-2 8.37448E-2 1.1865E-2 3.01037E-5 2.20876E-5 3.3245E-4 4.81228E-3 1.18443E-3 1.56057E-4 1.2785E-3 4.55498E-6 3.92916E-2 1.00665E-5 2.31869E-2 7.77653E-4 6.31961E-2 9.17674E-3 6.22503E-2 2.03953E-4 1.01248E-2 2.94343E-2 1.08141E-4 3.055E-3 1.21317E-3 4.31818E-3 3.96475E-2 6.46216E-3 4.05916E-2 1.24621E-2 3.12873E-2 2.19626E-2 8.62671E-3 8.40866E-3
4.30539E-3 5.78218E-2 1.31428E-1 5.22815E-3 5.64173E-2 9.96239E-2 8.7947E-2 1.32304E-2 9.17486E-3 5.69669E-2 1.2298E-2 2.41622E-3 1.21749E-2 4.48493E-2 2.64994E-3 3.31315E-4 3.22849E-3 2.5754E-2 2.69828E-2 2.13326E-2 3.74732E-3 3.90379E-2 1.03614E-3 5.80409E-2 4.22871E-2 7.00616E-4 7.0872E-2 5.87932E-4 6.78897E-2 3.70435E-2 1.15063E-3 2.21102E-4 1.86773E-4 4.18136E-3 4.61791E-4 1.43566E-3 2.27793E-2 2.42434E-3 1.068E-3 1.22459E-1 4.67195E-2 3.42817E-3 1.13661E-2 5.23837E-2 6.98671E-4 2.08835E-4 5.37482E-2 2.86738E-4 6.14542E-2 6.88554E-2 3.46847E-3 1.81595E-4 3.46719E-2 1.64209E-2 3.06723E-2 6.56339E-2 2.95492E-2 4.89749E-2
2.29029E-2 1.69836E-2 3.16451E-2 1.56531E-2 3.08244E-2 1.59346E-2 2.7421E-2 5.65426E-2 5.12792E-2 7.46183E-3 2.10113E-2 1.21587E-2 8.3246E-4 1.51999E-2 8.77199E-2 3.72962E-2 1.23657E-3 6.51309E-2 2.26161E-2 3.89196E-2 4.89253E-4 1.01362E-1 6.66312E-2 1.23718E-2 2.09548E-2 9.72273E-5 6.81106E-2 3.84992E-3 1.43828E-2 2.09034E-5 2.78772E-2 1.50685E-3 3.55988E-4 2.07583E-3 8.15303E-2 3.55934E-3 1.77682E-5 8.31639E-4 7.80506E-5 1.76523E-2 9.74531E-5 4.32279E-2 1.20644E-2 2.28205E-2 7.38226E-3 6.93204E-3 5.83678E-3 5.48336E-2 3.03876E-2 6.43297E-2 7.89085E-2 1.20876E-1 3.01356E-2 3.25058E-3 8.68382E-3 2.79716E-2 2.27441E-2 9.80331E-4
1.64672E-2 1.83931E-1 3.01627E-2 5.74296E-2 7.21287E-3 7.21435E-2 2.33726E-2 2.86184E-2 2.23965E-2 8.84067E-3 3.74508E-2 7.19211E-3 4.22663E-2 3.53136E-3 3.53847E-2 2.1621E-2 1.90119E-2 5.90229E-3 6.8094E-2 3.39078E-3 1.36404E-2 2.26668E-2 2.05419E-2 5.17522E-3 4.80557E-4 1.12581E-2 6.59374E-3 1.27685E-2 1.00236E-4 4.89928E-3 7.36785E-2 4.09485E-3 1.02987E-4 8.61496E-3 2.27831E-5 4.0029E-4 5.74833E-3 1.98755E-3 2.13155E-4 1.55285E-2 1.30521E-4 5.38252E-2 4.33641E-4 3.79185E-2 2.53604E-3 4.73982E-4 1.86821E-3 2.87984E-2 2.99885E-2 3.06623E-4 6.87613E-2 2.25704E-4 3.04799E-2 4.17543E-3 2.18288E-2 2.42611E-2 8.84544E-4 5.14469E-2
7.74215E-2 1.67436E-1 8.71641E-3 4.61679E-2 4.94849E-2 1.66935E-2 2.17627E-2 1.77831E-2 5.20063E-3 4.838E-2 4.48275E-2 1.94717E-2 5.91305E-2 3.44243E-3 3.69056E-3 3.19427E-3 2.60261E-3 2.30872E-3 9.31425E-3 3.80834E-3 2.22885E-4 3.9455E-2 4.022E-3 4.11671E-2 2.97466E-3 7.69765E-3 2.96906E-2 7.62969E-2 5.57376E-2 2.66788E-4 1.85499E-4 3.20029E-2 4.6149E-2 3.90237E-2 1.75235E-3 5.87471E-2 3.51874E-4 1.20114E-2 1.09442E-2 1.28952E-3 2.46481E-2 1.89399E-2 3.30402E-2 3.197E-2 8.4881E-4 1.89255E-2 6.27709E-3 1.28691E-4 1.34628E-2 8.22855E-3 7.45123E-3 1.09715E-3 4.70987E-4 8.28565E-3 2.12036E-2 3.1799E-3 4.95741E-3 2.59267E-2
1.49246E-1 4.70943E-3 1.12684E-2 5.25712E-2 6.95007E-2 4.01555E-2 5.40871E-2 4.9511E-2 1.18467E-2 4.64378E-2 1.01695E-2 1.77796E-2 2.65505E-2 1.0287E-2 2.39717E-2 6.31666E-4 7.98776E-2 5.48402E-4 4.07094E-4 3.19144E-4 1.97557E-3 4.36764E-4 8.06062E-4 6.3496E-2 1.17087E-1 1.22695E-4 8.39635E-4 1.77038E-2 8.34858E-3 1.02088E-3 1.00765E-2 1.84388E-2 7.55057E-3 1.05716E-2 6.42895E-2 8.35878E-3 2.5249E-2 1.64306E-2 3.08656E-4 2.1324E-2 1.08874E-2 1.76828E-2 3.07041E-4 3.06713E-4 2.82442E-4 6.33536E-3 9.71887E-3 1.20551E-3 2.59859E-2 1.38536E-2 7.48852E-3 2.04777E-3 3.02917E-3 2.19048E-2 2.52288E-3 1.37178E-2 1.2737E-1 2.39968E-2
5.16802E-2 1.17643E-1 5.90032E-2 1.98227E-2 4.03992E-2 8.94158E-3 3.94958E-3 3.32108E-2 5.81719E-2 3.26779E-3 2.72709E-2 4.68573E-2 1.75005E-3 5.39515E-2 3.34926E-3 8.33395E-4 3.70377E-2 7.69765E-2 4.1265E-2 7.26078E-3 2.21025E-2 1.21882E-3 1.48442E-2 9.15762E-2 2.23312E-2 6.85092E-2 1.61891E-2 2.3072E-2 2.68368E-3 1.04997E-2 8.67473E-3 2.51251E-2 3.22918E-3 3.43784E-3 1.30606E-2 1.71092E-2 8.09425E-3 6.36169E-4 7.78108E-3 4.22976E-2 3.14759E-2 9.77749E-2 4.19249E-3 2.46163E-2 3.61281E-2 2.0489E-2 5.96835E-2 5.15059E-2 5.97947E-3 1.46696E-2 1.11329E-1 8.81716E-2 3.7494E-2 1.17206E-2 1.72839E-2 4.61655E-2 1.37372E-2 4.13307E-4
5.02794E-2 1.88919E-1 3.69139E-2 1.43471E-1 9.78034E-2 3.27277E-2 1.06003E-1 3.68892E-2 6.63569E-2 3.88112E-3 2.84282E-2 6.06599E-2 2.77085E-3 6.86685E-3 6.10428E-2 2.91388E-2 4.35594E-3 1.11327E-3 7.16659E-2 2.3056E-2 1.38213E-1 3.0168E-3 1.04404E-3 1.67914E-1 1.80492E-2 2.65693E-2 7.4118E-3 1.4533E-1 7.92218E-3 6.41519E-2 1.12494E-2 3.56874E-3 4.72606E-2 4.28931E-4 1.42234E-1 2.08241E-2 9.20666E-2 9.7802E-3 6.56514E-2 1.70113E-2 7.63949E-2 4.58982E-2 7.19067E-3 1.83945E-3 1.03275E-1 2.67661E-2 7.10456E-2 6.68282E-3 9.53068E-2 2.51659E-3 3.59326E-2 4.95828E-2 4.11934E-2 1.40256E-3 1.37084E-2 2.63845E-2 2.84094E-2 6.13711E-2
1.29936E-2 9.54518E-3 1.51775E-1 2.15553E-2 1.76231E-2 1.18794E-1 2.09499E-2 1.19312E-2 1.23998E-1 1.15519E-1 4.70002E-2 2.97098E-2 3.39183E-2 7.4199E-2 9.39777E-3 5.37466E-3 4.78372E-3 5.08325E-3 2.72571E-2 1.21826E-2 2.33771E-3 9.62869E-2 1.1097E-1 1.08735E-1 1.11279E-2 6.72337E-2 1.75246E-3 1.72784E-1 7.76033E-4 7.02468E-3 1.66001E-3 1.17221E-1 1.95889E-3 1.48007E-2 4.58393E-3 6.97111E-2 3.44939E-4 6.74422E-3 2.50101E-2 2.87082E-2 1.63128E-2 1.32502E-2 3.27642E-2 7.29039E-2 1.31372E-2 8.56951E-3 1.0693E-2 4.73412E-2 1.65647E-3 4.50392E-2 1.08144E-3 5.47457E-3 4.60146E-3 3.2677E-2 6.55699E-4 2.31306E-2 2.70686E-2 4.3227E-4
3.23812E-1 2.30933E-2 1.74918E-2 8.62566E-3 3.21294E-1 1.24401E-2 2.00571E-1 1.00664E-1 3.30003E-3 1.87915E-2 2.90066E-2 1.50558E-3 2.81032E-3 3.04972E-2 1.07829E-1 2.16903E-3 7.9029E-2 7.3458E-3 7.89335E-2 2.81554E-2 1.39803E-3 4.46565E-3 9.27231E-4 5.1269E-3 1.80579E-2 1.04444E-2 2.36365E-2 2.44184E-2 1.70063E-3 5.50561E-3 1.47385E-2 3.84312E-2 1.06726E-3 4.36001E-2 1.34098E-2 3.3534E-3 1.86422E-4 4.62846E-3 4.20231E-3 6.82154E-5 4.17742E-2 5.29515E-4 2.2474E-2 1.14331E-3 1.05342E-2 1.45593E-2 1.56721E-2 2.57193E-2 8.07616E-3 5.00831E-3 5.80367E-2 5.12538E-3 4.49167E-3 4.78386E-2 2.71018E-2 6.01245E-5 5.24573E-2 4.37499E-2
