outputs/pantheraTigris_2.asc
ncols         290
nrows         290
xllcorner     68.0
yllcorner     8.0
cellsize      0.1
NODATA_value  -9999
[rows 130 to 155 of 290, columns 174 to 231 of 290]
4.02871E-1 5.82584E-1 4.78058E-1 5.00006E-1 5.45307E-1 3.34549E-1 7.65403E-1 3.73705E-1 5.00508E-1 7.55422E-2 4.79245E-1 3.42099E-1 5.01328E-2 5.392E-1 4.44131E-1 1.75439E-1 -9999 -9999 -9999 -9999 -9999 -9999 -9999 -9999 -9999 -9999 -9999 -9999 -9999 -9999 -9999 -9999 -9999 -9999 -9999 -9999 -9999 -9999 -9999 -9999 -9999 -9999 -9999 -9999 -9999 -9999 -9999 -9999 -9999 -9999 -9999 -9999 -9999 -9999 -9999 -9999 -9999 -9999
4.95574E-1 5.76524E-1 6.52901E-1 3.27019E-1 5.09591E-1 7.04929E-1 5.14054E-1 8.08154E-1 6.39271E-1 4.95851E-1 4.73636E-1 2.17078E-1 1.43037E-1 5.49498E-1 2.04692E-1 -9999 -9999 -9999 -9999 -9999 -9999 -9999 -9999 -9999 -9999 -9999 -9999 -9999 -9999 -9999 -9999 -9999 -9999 -9999 -9999 -9999 -9999 -9999 -9999 -9999 -9999 -9999 -9999 -9999 -9999 -9999 -9999 -9999 -9999 -9999 -9999 -9999 -9999 -9999 -9999 -9999 -9999 -9999
5.0683E-1 4.2323E-1 2.30439E-1 1.04517E-1 5.62494E-1 5.58141E-1 5.80629E-1 5.12707E-1 4.18022E-1 5.95981E-1 5.7098E-1 3.92518E-1 5.9417E-1 3.20361E-1 4.15702E-1 -9999 -9999 -9999 -9999 -9999 -9999 -9999 -9999 -9999 -9999 -9999 -9999 -9999 -9999 -9999 -9999 -9999 -9999 -9999 -9999 -9999 -9999 -9999 -9999 -9999 -9999 -9999 -9999 -9999 -9999 -9999 -9999 -9999 -9999 -9999 -9999 -9999 -9999 -9999 -9999 -9999 -9999 -9999
7.21768E-1 2.18405E-1 3.91165E-1 5.56246E-1 5.59655E-1 7.17654E-1 5.42287E-1 7.42793E-1 2.88964E-1 5.7263E-1 6.08461E-1 5.30323E-1 6.96332E-1 4.12549E-1 3.13463E-1 -9999 -9999 -9999 -9999 -9999 -9999 -9999 -9999 -9999 -9999 -9999 -9999 -9999 -9999 -9999 -9999 -9999 -9999 -9999 -9999 -9999 -9999 -9999 -9999 -9999 -9999 -9999 -9999 -9999 -9999 -9999 -9999 -9999 -9999 -9999 -9999 -9999 -9999 -9999 -9999 -9999 -9999 -9999
4.61617E-1 1.58958E-1 5.94402E-1 5.30585E-1 5.09633E-1 4.70524E-1 4.93944E-1 7.35102E-1 7.51869E-1 2.3742E-1 7.03385E-1 5.73566E-1 5.38035E-1 7.71303E-1 2.8604E-2 5.06994E-1 1.94447E-2 -9999 -9999 -9999 -9999 -9999 -9999 -9999 -9999 -9999 -9999 -9999 -9999 -9999 -9999 -9999 -9999 -9999 -9999 -9999 -9999 -9999 -9999 -9999 -9999 -9999 -9999 -9999 -9999 -9999 -9999 -9999 -9999 -9999 -9999 -9999 -9999 -9999 -9999 -9999 -9999 -9999
3.6295E-1 4.70478E-1 5.01509E-1 5.77074E-1 3.92617E-1 1.21584E-1 5.47382E-1 5.62472E-1 9.65447E-2 4.10616E-1 7.82327E-1 4.17199E-1 6.17224E-1 3.86171E-1 2.50581E-1 4.36439E-1 4.76132E-1 -9999 -9999 -9999 -9999 -9999 -9999 -9999 -9999 -9999 -9999 -9999 -9999 -9999 -9999 -9999 -9999 -9999 -9999 -9999 -9999 -9999 -9999 -9999 -9999 -9999 -9999 -9999 -9999 -9999 -9999 -9999 -9999 -9999 -9999 -9999 -9999 -9999 -9999 -9999 -9999 -9999
4.03755E-1 1.22532E-1 6.45275E-1 5.22164E-1 4.86771E-1 4.98969E-1 3.78536E-1 4.60478E-1 1.73537E-1 1.81804E-1 2.24064E-2 3.59354E-1 2.9814E-1 3.51163E-1 5.55924E-1 4.64599E-1 1.13105E-1 4.37201E-2 4.50493E-2 5.02418E-2 2.20367E-2 -9999 -9999 -9999 -9999 -9999 -9999 -9999 4.02512E-1 -9999 -9999 4.39995E-1 -9999 -9999 -9999 -9999 -9999 -9999 -9999 -9999 -9999 -9999 -9999 -9999 -9999 -9999 -9999 -9999 -9999 -9999 -9999 -9999 -9999 -9999 -9999 -9999 -9999 -9999
6.83178E-1 5.81482E-1 5.88458E-1 6.4944E-1 7.69354E-1 2.50803E-1 4.46309E-1 5.43913E-1 3.00721E-1 6.44911E-2 2.21279E-1 3.53844E-1 3.178E-1 4.27749E-1 2.27536E-1 4.90327E-1 5.26375E-1 9.87675E-2 2.851E-1 1.82373E-1 3.83987E-1 1.25267E-1 5.90328E-1 3.09808E-1 -9999 -9999 -9999 3.72767E-1 2.95027E-1 3.41959E-1 3.53387E-1 -9999 -9999 -9999 3.66409E-1 -9999 2.18685E-1 6.90353E-1 -9999 -9999 -9999 -9999 -9999 -9999 -9999 -9999 -9999 -9999 -9999 -9999 -9999 -9999 -9999 -9999 -9999 -9999 -9999 -9999
5.01783E-1 5.40393E-1 3.27817E-1 7.73527E-1 3.42991E-1 4.16879E-1 3.06913E-1 3.52941E-1 4.10238E-1 1.33735E-2 2.0469E-1 8.17795E-2 6.59434E-1 2.20539E-1 4.26832E-1 6.5202E-2 1.4056E-1 1.85842E-1 1.16652E-1 5.06073E-1 3.95533E-2 2.81931E-3 1.54366E-1 1.86182E-2 2.02017E-2 -9999 -9999 1.61471E-1 6.80551E-2 2.65967E-1 4.67568E-2 -9999 6.00704E-1 -9999 6.22855E-1 3.89135E-2 1.94477E-2 -9999 -9999 6.89771E-2 9.84814E-5 -9999 4.11663E-3 -9999 -9999 -9999 -9999 -9999 1.04308E-2 -9999 -9999 -9999 -9999 -9999 -9999 -9999 -9999 -9999
5.96555E-1 7.32698E-1 6.94983E-1 5.83761E-1 2.54619E-1 5.13291E-1 2.35214E-1 6.29023E-2 4.37096E-2 2.69061E-1 1.91405E-1 3.92296E-1 1.45998E-1 4.11475E-1 5.21902E-1 2.27946E-1 1.38066E-1 2.79056E-1 4.40162E-1 5.1568E-1 5.48852E-1 2.67335E-1 2.09405E-1 6.94324E-1 1.47887E-1 1.81578E-2 9.49394E-3 -9999 7.24961E-1 5.47004E-1 2.43231E-2 8.6244E-2 9.91604E-4 -9999 1.65578E-1 2.45801E-1 4.40073E-1 -9999 2.90518E-1 4.33707E-2 2.08251E-1 -9999 6.34556E-3 6.93921E-2 4.48079E-1 -9999 -9999 1.53436E-2 5.95806E-1 -9999 1.32952E-2 -9999 -9999 -9999 -9999 -9999 -9999 -9999
5.64442E-1 7.70335E-2 8.05662E-1 2.28942E-1 4.22738E-1 8.37017E-2 6.3368E-1 4.84118E-1 3.99368E-1 2.51261E-1 1.74219E-1 4.20204E-1 3.3559E-1 4.83925E-1 6.66155E-1 5.15608E-1 3.20932E-1 1.32884E-1 5.88206E-1 6.37944E-1 1.36768E-1 2.74231E-1 4.39209E-1 7.8455E-2 3.93565E-1 1.86425E-2 2.7295E-1 1.85586E-2 6.32642E-1 1.19682E-1 5.93433E-1 4.30934E-1 3.579E-1 1.86523E-1 2.02626E-2 4.15936E-2 2.38108E-1 -9999 2.85735E-1 1.53405E-1 1.32502E-1 2.90176E-2 5.66729E-2 1.37971E-2 2.78406E-1 -9999 -9999 5.74332E-1 7.50895E-2 1.35966E-2 3.95777E-2 2.35349E-1 -9999 -9999 -9999 -9999 -9999 -9999
9.13143E-1 5.10749E-1 6.60944E-1 5.99581E-1 5.80927E-1 5.73022E-1 5.93225E-1 8.74045E-1 4.96393E-1 3.66773E-1 3.68253E-1 1.18811E-1 7.8975E-2 8.72187E-1 4.84825E-1 1.1732E-1 7.71136E-1 5.31091E-1 5.24292E-1 2.39507E-1 5.41781E-1 3.91309E-1 4.50655E-1 4.04104E-1 1.13829E-1 6.6903E-1 3.06444E-1 6.43464E-1 1.01959E-1 8.91858E-1 5.79682E-1 5.46168E-2 5.99256E-1 9.20167E-2 4.18826E-1 7.14576E-1 2.4626E-1 1.47109E-1 5.60925E-1 1.10132E-1 8.39354E-2 7.82323E-2 3.4368E-1 2.0354E-1 4.25965E-1 1.27441E-1 1.48956E-1 5.29013E-1 4.46635E-1 5.69469E-1 5.3556E-2 1.75922E-1 1.60671E-1 4.2814E-1 -9999 -9999 -9999 -9999
5.91355E-1 6.77185E-1 7.2399E-1 5.19011E-1 8.17841E-1 5.19353E-1 5.78303E-1 5.21528E-1 5.96591E-1 6.58775E-1 4.88986E-1 4.11428E-2 4.74264E-1 6.15543E-1 3.7974E-1 4.90446E-1 4.37282E-1 6.55037E-1 6.26934E-2 7.53059E-1 6.57072E-1 6.40373E-1 1.62889E-1 2.47171E-1 2.52167E-1 1.4932E-1 6.12276E-2 6.79778E-1 8.86977E-1 1.27316E-1 4.63359E-1 4.52625E-1 7.5432E-1 5.39417E-1 6.02091E-1 5.84924E-1 6.359E-1 6.26158E-1 3.08257E-1 8.94663E-2 4.42513E-2 2.47157E-1 1.6209E-1 2.48538E-2 1.35722E-2 2.51925E-1 2.23546E-1 4.69801E-2 3.08653E-1 2.99138E-1 3.25302E-1 4.60966E-1 6.69895E-1 3.81947E-2 -9999 3.34468E-1 -9999 7.64396E-4
4.97144E-1 6.20104E-1 6.65845E-1 7.73429E-1 8.464E-1 5.21478E-1 3.94739E-1 5.27732E-1 6.54945E-1 5.30271E-1 7.00743E-1 5.33404E-1 6.07664E-1 7.21326E-1 3.6953E-1 3.3878E-1 5.26946E-1 4.89662E-1 7.45522E-1 5.84781E-1 6.82873E-1 1.15748E-1 5.44037E-2 6.76685E-2 1.25633E-1 1.97984E-1 1.94149E-1 5.09687E-3 3.73985E-1 3.31821E-1 6.79722E-1 7.86587E-1 5.0989E-1 7.66551E-1 2.48256E-1 5.99348E-1 7.01122E-1 7.65321E-1 3.96522E-2 4.56102E-1 1.12062E-1 1.2073E-1 1.84337E-1 6.92046E-2 1.10833E-1 4.20515E-1 2.59123E-1 4.74586E-2 3.78436E-1 1.21261E-1 2.14395E-1 5.24647E-1 2.28209E-1 -9999 4.51074E-1 -9999 -9999 2.84279E-2
4.08372E-2 8.39814E-1 4.90458E-1 4.65389E-1 5.50769E-1 5.66194E-1 4.24525E-1 6.25777E-1 5.82026E-1 5.87728E-1 4.3117E-2 4.80753E-1 1.55438E-1 6.41055E-1 3.12175E-1 5.32503E-1 2.82847E-1 6.19928E-1 7.13474E-2 7.7788E-1 8.79523E-1 3.63506E-1 6.34457E-1 1.81752E-1 1.43006E-1 2.07205E-1 5.06571E-1 3.03588E-1 4.17227E-1 1.62348E-1 5.91947E-1 4.76984E-1 4.534E-1 3.8367E-1 7.31425E-1 6.72122E-1 5.61856E-1 4.29034E-2 1.76983E-1 3.36385E-1 2.33878E-2 1.18092E-1 1.51435E-1 4.9807E-2 5.1934E-2 1.57896E-1 1.82509E-1 4.32209E-2 4.39042E-1 1.10447E-1 1.82668E-1 6.19385E-2 1.84444E-1 5.2195E-1 6.30248E-3 -9999 2.54789E-1 1.49012E-2
6.82132E-1 7.70809E-1 7.85959E-1 5.651E-1 5.97514E-1 8.05542E-1 6.63825E-1 3.16248E-1 6.08835E-1 5.08362E-1 3.98124E-1 5.71781E-1 4.32319E-1 5.62955E-1 4.28221E-1 5.07778E-1 5.03611E-1 4.90958E-1 5.38062E-1 5.50433E-1 1.58311E-1 3.97059E-1 5.80435E-1 1.37275E-2 6.25803E-2 2.75983E-1 3.18137E-1 1.47352E-2 2.76563E-1 6.33393E-1 5.15456E-1 5.23139E-1 6.55873E-1 7.76119E-1 3.00312E-1 8.82178E-1 2.95244E-2 3.68831E-1 7.48302E-1 3.71258E-1 1.95412E-1 7.6236E-2 2.18487E-1 2.67063E-1 6.82548E-1 3.23998E-1 4.99326E-1 2.70198E-1 1.24502E-1 1.65337E-1 5.2348E-1 6.86658E-1 3.29576E-1 1.56445E-1 2.1246E-2 -9999 -9999 -9999
6.41473E-1 4.95267E-1 4.81255E-2 7.92724E-1 4.77722E-1 3.16175E-1 7.51712E-2 4.94649E-1 3.84479E-2 4.56689E-1 6.83187E-1 8.34689E-1 7.01962E-1 6.42784E-1 5.91195E-1 3.62706E-1 4.46743E-1 7.75403E-1 4.97764E-2 5.82864E-1 5.12833E-1 2.90455E-1 5.87487E-2 4.74979E-2 1.40294E-1 6.56422E-1 5.60756E-1 6.56138E-1 4.03724E-1 2.29896E-1 1.92634E-1 2.35809E-1 2.40904E-1 1.64196E-1 3.00052E-1 6.69734E-1 6.6076E-1 3.11688E-1 4.29764E-2 2.43073E-1 2.03056E-1 3.0335E-1 2.17016E-1 7.17217E-1 4.32023E-1 7.09587E-1 4.79337E-1 2.39399E-2 5.12891E-1 5.18976E-1 6.52065E-1 3.02681E-1 5.59764E-2 6.1041E-1 -9999 -9999 4.15203E-1 7.28574E-1
6.44614E-1 4.98654E-1 3.80778E-1 4.15297E-1 4.50322E-1 5.95561E-1 5.06584E-1 4.54729E-1 5.21288E-1 3.21701E-1 5.62343E-1 4.71494E-1 4.72562E-2 4.92064E-1 5.24345E-2 5.60144E-1 7.61258E-1 4.24521E-1 5.19439E-1 4.16831E-1 3.07589E-1 4.31837E-1 2.77885E-1 6.28526E-1 5.41651E-1 7.74989E-1 2.32247E-1 3.27531E-1 5.96534E-2 1.58318E-1 1.98258E-2 3.87898E-2 3.78577E-1 3.90808E-1 4.4488E-2 3.32407E-1 4.63675E-1 2.32037E-1 4.7459E-1 3.11306E-1 5.46757E-1 6.83198E-1 4.69446E-1 2.51724E-1 4.64123E-1 2.60126E-1 2.06972E-1 3.75411E-1 6.33076E-2 4.27747E-1 3.88019E-1 4.1551E-1 3.06862E-1 -9999 -9999 2.98377E-1 2.02092E-2 2.83397E-1
6.96986E-1 4.65812E-1 7.68448E-1 1.65573E-1 7.2494E-1 4.74934E-1 6.69579E-1 6.34695E-1 7.15804E-1 6.29125E-1 4.59141E-1 7.45E-1 6.16224E-1 4.92346E-1 5.04084E-1 2.91826E-1 6.43652E-1 6.05141E-1 5.0181E-1 4.62292E-1 5.28152E-1 5.53275E-1 2.03799E-1 5.62635E-1 1.13163E-1 2.14425E-1 5.12507E-1 7.23839E-1 5.58385E-1 5.66966E-1 2.5182E-1 3.94292E-2 3.70341E-1 1.79813E-1 2.70084E-1 4.84961E-1 3.08005E-1 3.98008E-1 6.20986E-1 8.17312E-1 4.03485E-1 6.40854E-1 3.63699E-1 2.18232E-1 7.64191E-1 4.47704E-1 2.33018E-1 2.66129E-1 2.30634E-1 5.25441E-1 6.5617E-1 3.85407E-1 5.61877E-1 4.91785E-1 -9999 6.41502E-1 4.19623E-1 4.74921E-1
4.84288E-1 5.42342E-1 8.44311E-1 1.33605E-1 5.32165E-1 5.95807E-1 4.81187E-1 4.32553E-1 5.54899E-1 6.64122E-1 5.99584E-1 4.95435E-1 1.94012E-1 5.77033E-1 6.33876E-1 7.51766E-1 4.57035E-1 5.7268E-1 7.18143E-1 4.62731E-1 2.28852E-1 7.0788E-1 6.00063E-1 3.27862E-1 2.82036E-1 3.79824E-1 4.87264E-1 2.46096E-1 6.00613E-1 6.77989E-1 6.49622E-1 4.0205E-1 2.97158E-1 1.83676E-1 3.45485E-1 1.18861E-1 7.14945E-1 4.33981E-1 6.76706E-1 2.67225E-1 6.92801E-1 2.74376E-1 4.051E-1 7.94011E-1 6.11608E-1 4.05584E-1 4.65182E-1 1.47146E-1 1.20444E-1 5.02848E-1 4.39714E-1 9.72309E-2 -9999 -9999 2.65723E-1 3.81414E-1 4.05666E-2 1.35856E-1
5.90242E-1 9.06608E-1 8.65368E-1 4.77906E-1 4.99219E-1 4.91592E-1 4.96813E-1 5.61573E-1 5.51569E-1 5.04752E-1 6.29444E-1 6.7216E-1 3.6763E-1 2.06226E-1 1.4426E-1 1.62007E-1 3.3421E-1 5.20182E-1 6.11922E-1 5.65264E-1 1.43325E-1 6.18743E-1 4.88684E-1 6.16531E-1 1.34873E-1 5.66099E-1 4.45475E-1 3.91999E-1 3.83739E-1 4.89487E-2 5.04986E-1 5.433E-1 1.79683E-1 1.09368E-1 1.33612E-1 2.56421E-1 1.3871E-1 8.41279E-1 7.08768E-1 7.19376E-1 1.725E-1 4.03596E-1 4.61375E-1 3.52807E-1 3.36179E-1 9.86768E-2 2.89203E-1 3.45641E-1 2.12668E-1 3.74628E-1 8.05703E-1 3.86397E-1 -9999 2.94625E-1 3.20554E-1 8.8544E-1 2.56948E-1 3.63935E-1
3.96191E-1 5.27683E-1 6.91716E-1 5.47366E-1 4.48447E-1 7.03339E-1 6.29478E-1 3.26869E-1 6.12721E-1 6.25856E-1 5.71075E-1 4.63942E-1 1.2738E-1 3.65916E-1 6.66637E-1 3.72469E-1 5.30461E-1 1.78374E-1 5.23895E-1 3.26643E-1 5.14235E-1 5.09331E-1 4.43659E-1 2.78245E-1 5.94226E-1 5.95924E-1 1.99E-1 5.22447E-1 3.80168E-1 5.80132E-1 6.22582E-1 4.73005E-1 3.50963E-1 2.94658E-1 1.65357E-1 1.01752E-1 2.84248E-1 1.31367E-1 1.40851E-1 5.83746E-1 7.07541E-1 1.37625E-1 1.42669E-1 1.57687E-1 2.8207E-1 1.54243E-1 1.3753E-1 7.98983E-2 1.90619E-1 3.40242E-1 4.79504E-1 2.7057E-1 -9999 2.2618E-1 5.44282E-1 5.14644E-1 1.07675E-1 2.62717E-1
5.46945E-1 5.49589E-1 8.15972E-1 4.72431E-1 5.60365E-1 8.27184E-1 4.47383E-1 5.14157E-1 4.63473E-1 4.53681E-1 7.23791E-1 2.39347E-1 5.94076E-1 3.35022E-1 5.10789E-1 4.73148E-1 4.55918E-1 5.99676E-1 2.98701E-1 7.07236E-1 7.01205E-1 5.54635E-1 7.03509E-1 7.5249E-1 2.94744E-1 2.32304E-1 1.9005E-1 5.29721E-1 8.49615E-2 3.78239E-1 5.30539E-1 1.05944E-1 1.0789E-1 1.2398E-1 1.17902E-1 1.16766E-1 1.43396E-1 8.39589E-1 1.22876E-1 4.98259E-1 4.87221E-1 2.05531E-1 2.3009E-1 4.98303E-1 7.72969E-1 1.51767E-1 1.21093E-1 7.65371E-1 3.71086E-1 6.56099E-1 4.3862E-1 6.47905E-2 2.7703E-1 2.53211E-1 3.38551E-1 2.09854E-1 1.74955E-1 3.52248E-1
5.68663E-1 2.80034E-1 5.58029E-1 4.38617E-1 4.96625E-1 7.34831E-1 5.48476E-1 5.23175E-1 2.99108E-1 4.64188E-1 5.38963E-1 8.47334E-1 4.84631E-1 4.81795E-1 7.98677E-2 6.20554E-1 4.96524E-1 5.03228E-1 5.67222E-1 3.806E-1 3.51638E-1 3.72799E-1 6.52817E-1 4.52409E-1 6.94282E-1 5.59734E-1 6.74624E-1 6.85615E-2 3.15212E-1 6.64218E-1 3.20223E-1 3.00233E-2 3.84608E-2 2.00974E-1 2.61014E-2 5.39148E-1 5.67279E-1 5.92386E-1 3.02557E-1 4.14523E-1 5.28673E-1 3.92786E-1 2.23884E-1 2.51987E-1 5.42925E-1 4.186E-1 1.32801E-1 2.16244E-1 3.06907E-1 3.39926E-1 2.89595E-1 1.76413E-1 1.84618E-1 5.50372E-1 1.49707E-1 4.57269E-1 4.11418E-1 3.34722E-1
5.9758E-1 5.57573E-1 7.06345E-1 8.22393E-1 4.7435E-1 4.8863E-1 1.77728E-1 7.66568E-1 5.35639E-1 5.79932E-1 2.97023E-1 4.02502E-1 3.01678E-1 6.46941E-1 5.97839E-1 7.50879E-1 7.62985E-1 5.13884E-1 3.25204E-1 5.12608E-1 5.15665E-1 2.76067E-1 4.47101E-1 4.27083E-1 4.20021E-1 3.51964E-1 2.52791E-1 5.68478E-1 2.52731E-1 6.4586E-1 4.65247E-1 2.91863E-1 6.58336E-1 3.54566E-1 3.0281E-1 3.00426E-1 1.77922E-1 4.76626E-1 5.83924E-1 4.92944E-1 4.78997E-1 3.43785E-1 2.1896E-1 6.15982E-1 1.28438E-1 1.28011E-1 1.42062E-1 3.46792E-1 3.02031E-1 3.38892E-1 4.71498E-2 6.21997E-2 1.38332E-1 1.66203E-1 2.35954E-1 2.96206E-1 2.71761E-1 7.22122E-1
4.34094E-1 5.18712E-1 4.52142E-1 4.82898E-1 4.43198E-1 6.08582E-1 5.84045E-1 4.0371E-1 1.74886E-1 3.69607E-1 6.54547E-1 7.68437E-1 4.16194E-1 3.23545E-1 5.79188E-1 3.76005E-1 4.2051E-2 4.80776E-1 4.5781E-1 4.1407E-1 4.47641E-1 4.49967E-1 4.37611E-1 6.09164E-1 3.55699E-1 7.03816E-1 1.70333E-1 7.04328E-1 6.31886E-1 4.74253E-1 6.70901E-1 2.55994E-1 5.26254E-1 2.49685E-1 3.28094E-1 3.4266E-1 8.35778E-1 8.4852E-1 1.99468E-1 5.24669E-1 2.14335E-1 6.414E-1 5.50545E-1 5.66331E-1 6.94608E-2 1.32235E-1 2.15919E-1 2.51839E-1 1.71727E-1 8.79771E-2 1.45368E-1 1.1081E-1 1.26659E-1 1.78268E-1 2.49647E-1 2.38434E-1 1.72391E-1 1.22029E-1
