outputs/pantheraTigris_max.asc
ncols         290
nrows         290
xllcorner     68.0
yllcorner     8.0
cellsize      0.1
NODATA_value  -9999
[rows 182 to 207 of 290, columns 0 to 57 of 290]
7.52064E-1 1.18498E-1 1.60079E-1 1.10777E-1 2.8002E-1 3.46337E-1 6.53888E-1 4.71573E-1 2.71321E-2 5.99039E-1 2.32859E-1 1.84781E-2 4.97588E-1 5.37582E-4 3.20755E-1 2.67932E-4 1.46909E-1 1.55359E-1 3.22427E-2 8.59992E-3 1.05724E-3 2.90884E-1 7.91676E-2 4.03016E-3 9.46447E-2 2.78315E-1 2.82704E-1 2.40435E-1 8.71079E-3 6.81951E-2 1.38109E-1 2.09021E-1 2.39284E-1 1.51437E-1 8.22135E-3 3.20236E-1 1.01582E-2 2.67289E-1 9.86955E-2 9.67411E-4 3.39215E-3 3.55477E-2 2.6844E-3 2.08589E-1 1.23333E-1 4.14293E-1 4.53732E-1 1.84452E-2 2.39323E-2 2.05536E-2 7.17624E-1 9.3596E-2 4.1578E-1 2.43736E-2 2.21979E-1 2.07649E-1 1.26002E-1 3.6704E-1
1.717E-1 4.22708E-2 2.86932E-1 2.59183E-2 2.10209E-1 1.97039E-2 4.58454E-3 1.88647E-1 7.56889E-2 1.63108E-1 3.18035E-1 2.56699E-2 1.61993E-1 1.23253E-1 1.29943E-2 3.42401E-2 3.20942E-2 7.60379E-2 5.58439E-2 4.65112E-2 2.79811E-1 2.98229E-1 3.05446E-1 2.03076E-1 1.4014E-2 5.04228E-1 3.17626E-1 6.60354E-3 1.8322E-1 2.77112E-1 5.55171E-1 1.35514E-3 3.58563E-1 5.10822E-1 2.89902E-1 1.59308E-1 9.78923E-2 9.43708E-2 2.30687E-2 5.84257E-2 8.05672E-3 5.77292E-2 6.93981E-2 3.27954E-2 2.44234E-1 7.90505E-2 2.31262E-1 2.03294E-2 2.47521E-1 3.48659E-1 1.87352E-1 9.53972E-1 4.75046E-1 6.26199E-1 2.58613E-1 3.08648E-1 3.18288E-1 7.21832E-1
2.82859E-1 2.55265E-2 2.07486E-2 3.5045E-1 2.09262E-1 5.15209E-2 5.29308E-1 5.06757E-2 6.7669E-2 2.95096E-1 3.19909E-3 1.51127E-1 8.62765E-2 1.04503E-1 1.0927E-2 5.59809E-2 5.59625E-1 1.37053E-3 1.50792E-2 4.63466E-1 6.84423E-3 2.83302E-3 2.98857E-1 1.38666E-2 5.2959E-1 2.29031E-2 1.11652E-3 5.40937E-2 1.62569E-1 5.49925E-2 3.14296E-2 6.2145E-1 3.94274E-1 2.77247E-3 2.29597E-1 2.19083E-1 2.83695E-1 2.73526E-1 1.59474E-2 5.18847E-2 3.10065E-1 2.50462E-1 3.69445E-3 6.09079E-2 1.7333E-2 2.39854E-1 2.36983E-1 3.70165E-1 3.78244E-1 2.18657E-2 5.85025E-1 1.76887E-1 5.40371E-2 1.14248E-1 3.45545E-1 3.20091E-1 5.68176E-2 3.45405E-1
3.29376E-2 2.11061E-1 3.73465E-1 2.44335E-1 3.49287E-1 1.45015E-2 1.35474E-1 2.11613E-1 4.12706E-1 4.09246E-1 2.28788E-2 2.50837E-1 2.07705E-1 5.83961E-3 2.76473E-1 9.14071E-2 1.01239E-2 2.10984E-2 1.77772E-2 2.3902E-2 2.29574E-1 4.80777E-2 3.15201E-1 2.55994E-1 1.89963E-1 2.66872E-2 9.132E-4 1.95248E-1 2.06659E-2 9.95444E-3 7.06363E-1 2.32935E-2 1.60698E-2 3.26418E-2 8.3822E-2 1.6847E-2 1.31206E-1 1.29439E-1 1.5956E-2 2.03312E-1 5.63761E-2 1.00951E-2 2.61449E-1 1.37582E-1 3.48946E-1 2.71536E-1 1.61729E-1 1.43122E-2 1.78881E-1 9.85831E-2 6.99318E-2 1.9023E-2 1.96178E-2 6.58298E-1 2.78483E-2 3.51461E-2 4.39105E-1 4.89272E-1
1.01215E-1 1.76748E-1 1.12649E-2 3.59859E-1 1.14731E-2 2.40575E-1 2.26047E-1 1.374E-1 3.40605E-3 1.1263E-1 3.68726E-1 5.09306E-1 1.75577E-2 1.47767E-4 2.13137E-1 9.84711E-3 1.43736E-2 1.88311E-1 2.82566E-2 1.73658E-1 2.22031E-2 3.10221E-2 3.85349E-1 1.66854E-1 1.78071E-1 2.11382E-1 1.31871E-3 1.01371E-2 3.18572E-2 2.511E-2 9.74734E-1 8.9413E-1 1.52985E-1 4.47748E-2 1.33233E-3 9.26685E-2 1.47911E-2 2.68201E-1 2.87886E-2 5.00017E-1 1.26497E-1 3.50295E-2 1.54416E-2 8.11632E-2 7.54786E-2 4.34078E-1 2.21782E-2 9.68818E-2 3.95451E-1 9.15707E-2 1.15202E-1 1.61395E-1 1.89468E-2 3.05301E-1 2.30508E-2 3.04213E-1 2.35263E-2 1.60322E-1
1.25918E-1 2.97548E-1 2.40929E-1 6.46563E-1 4.89783E-2 1.7669E-1 1.7405E-2 4.65222E-1 5.25605E-2 2.85884E-1 2.01303E-1 2.81833E-1 2.3642E-1 1.49536E-1 9.47848E-2 2.061E-4 1.44304E-1 2.97777E-1 2.88241E-1 1.58575E-2 1.04948E-1 1.63982E-1 1.32123E-2 3.3034E-1 2.24589E-2 1.81308E-1 4.26884E-2 9.80942E-3 2.04441E-2 3.34795E-1 3.38993E-1 2.39335E-2 1.3361E-3 9.6399E-2 8.37094E-3 1.53127E-2 2.89391E-1 1.53701E-1 3.03682E-1 5.33648E-2 4.37238E-1 6.8525E-1 4.52361E-2 3.05649E-1 1.71807E-2 1.69903E-2 3.57058E-1 8.32574E-4 1.21675E-1 2.16958E-1 1.76839E-2 1.55845E-1 1.58341E-1 2.85702E-1 3.21083E-1 3.71849E-1 2.76626E-1 3.5347E-2
1.07843E-1 1.46393E-1 5.96892E-1 1.51833E-1 5.02835E-2 2.85703E-1 9.94763E-2 1.21675E-1 8.88969E-3 3.16162E-1 1.94422E-2 1.91213E-3 2.35187E-2 1.61517E-2 3.65161E-2 1.52747E-2 2.24098E-2 3.13059E-1 1.41349E-2 5.78079E-1 5.34269E-1 3.07214E-1 2.84639E-1 2.85202E-1 6.01138E-1 3.47571E-2 4.08408E-2 3.44065E-2 1.01553E-1 3.00406E-2 3.24834E-1 2.98203E-1 1.65425E-2 9.42006E-3 2.06286E-1 1.10099E-1 1.71346E-1 1.49576E-1 3.19916E-2 1.74255E-1 3.52288E-1 2.28678E-2 2.36541E-2 2.62603E-2 2.51901E-2 3.54063E-2 3.57016E-1 8.66595E-2 2.7451E-3 3.12663E-2 4.94382E-1 1.70776E-1 1.22125E-1 3.93139E-1 1.67942E-1 1.98802E-1 3.3613E-2 2.17908E-1
2.51383E-1 3.32991E-2 1.68199E-2 2.69605E-1 1.66005E-1 6.3419E-1 1.18904E-2 3.04609E-1 6.58513E-2 2.98727E-2 3.1225E-2 2.0017E-1 4.51305E-3 2.0143E-1 2.11202E-1 1.91195E-3 5.19067E-1 3.37327E-2 2.36517E-1 8.26295E-2 1.498E-1 5.8969E-1 2.96406E-1 5.31891E-2 1.27956E-1 4.3342E-2 2.72949E-2 1.6872E-2 4.86996E-1 1.46167E-3 1.82744E-3 5.34475E-1 4.17404E-1 2.05067E-1 3.45542E-1 1.38321E-1 4.88148E-2 3.10666E-1 1.12918E-1 8.24664E-2 1.84455E-2 5.06222E-1 4.22685E-2 1.78422E-2 2.26631E-2 1.73914E-2 4.10308E-1 5.10522E-2 3.13954E-2 1.75031E-1 1.05197E-1 6.16075E-1 5.36331E-2 5.92163E-1 6.5845E-2 4.61632E-1 5.2052E-1 2.26418E-1
5.02853E-1 1.21939E-1 1.65555E-2 1.69696E-1 2.31065E-1 7.03031E-1 2.08532E-2 3.70892E-1 1.78639E-1 2.03925E-1 2.71821E-1 4.85008E-1 1.32844E-1 1.95622E-1 1.81532E-1 1.79902E-2 1.94644E-1 6.15515E-1 8.64452E-2 2.70995E-3 1.93909E-1 1.15517E-1 3.60336E-1 3.35294E-1 2.48495E-1 4.3171E-2 4.4139E-1 1.70802E-1 1.03533E-1 2.89936E-1 1.58794E-2 2.21546E-1 8.02144E-2 2.31256E-1 1.83536E-2 1.98087E-2 4.4187E-3 9.30522E-2 2.02841E-2 6.13171E-1 7.05559E-1 3.53002E-1 4.25971E-3 4.29192E-1 3.07545E-2 6.34811E-2 5.43997E-1 1.9434E-1 7.53061E-2 1.30942E-1 1.94201E-2 8.7716E-2 4.62973E-1 7.42323E-2 2.94849E-1 2.83186E-1 2.23137E-2 6.02076E-3
2.9285E-2 2.14645E-1 7.56816E-1 2.47509E-1 1.64359E-1 2.58058E-1 1.89836E-2 2.62684E-1 1.58818E-1 1.00287E-1 3.09363E-1 2.77697E-1 1.30515E-1 1.52324E-2 2.1327E-1 2.96144E-2 3.06755E-1 1.59463E-3 1.95355E-1 5.38664E-3 7.4735E-2 2.78439E-1 4.27456E-1 2.83375E-1 4.98036E-1 4.59678E-1 4.36841E-1 2.15546E-2 4.4158E-2 1.0928E-1 3.93017E-1 2.93547E-1 2.10063E-1 8.72754E-3 1.17657E-1 6.37671E-2 7.49874E-2 3.75719E-1 2.06128E-3 1.11748E-1 2.84327E-2 1.80298E-1 1.37817E-1 1.13052E-1 6.02E-1 5.09197E-1 3.72507E-2 1.47255E-1 1.94645E-2 2.19065E-1 5.03099E-1 1.99003E-1 6.50603E-1 6.40297E-1 1.59963E-1 5.36336E-1 2.2689E-1 1.08135E-1
5.3168E-1 8.57621E-1 8.49454E-1 2.83399E-1 3.3359E-1 2.6191E-2 1.65821E-1 2.33899E-2 4.11772E-1 2.05348E-1 5.65983E-1 1.04861E-1 1.73866E-2 2.26656E-1 1.77736E-1 3.31288E-2 8.84019E-3 4.61239E-2 3.77816E-1 5.25945E-1 2.86188E-1 2.19124E-1 2.63748E-1 3.41962E-2 2.11052E-1 6.48359E-2 4.42877E-1 2.8283E-1 3.42715E-3 4.00116E-2 3.28158E-1 3.92013E-1 1.28213E-2 2.31444E-1 6.26753E-1 2.04307E-1 1.66078E-3 4.06173E-1 1.52382E-3 1.53771E-1 6.2363E-1 5.76029E-1 9.77336E-2 1.44778E-1 4.99006E-1 2.25964E-1 2.34688E-1 1.23457E-1 4.25786E-1 4.40304E-1 1.75626E-1 5.96444E-1 1.34086E-3 1.64081E-1 1.56864E-1 2.31115E-1 1.96525E-1 2.12731E-2
3.94592E-1 7.5036E-1 8.23672E-1 2.19628E-2 1.58806E-1 1.76674E-1 6.25624E-1 1.80666E-2 1.23862E-1 3.5949E-1 3.89252E-1 4.04671E-1 2.41154E-1 1.59099E-1 2.83043E-1 4.56081E-1 3.04795E-3 1.51763E-1 1.86618E-1 5.54622E-2 8.87818E-3 3.28066E-1 2.40567E-2 2.22119E-1 6.47897E-3 4.54655E-2 1.93377E-1 3.81017E-3 2.71529E-1 1.56721E-1 6.32865E-1 8.31095E-2 1.28793E-1 1.36181E-1 4.25646E-1 1.37094E-1 1.00743E-1 8.09679E-2 1.98597E-2 1.97432E-2 2.18857E-1 4.22518E-1 3.81313E-1 3.54952E-1 9.76875E-2 7.0958E-2 5.06965E-1 9.36334E-2 3.88368E-1 3.53066E-2 3.54387E-2 9.86993E-2 6.67211E-1 1.92577E-1 4.80604E-1 4.12615E-1 1.52433E-1 1.38231E-1
5.77126E-2 2.90926E-1 8.87844E-1 7.84464E-1 5.99392E-2 1.89891E-1 8.53943E-2 4.48285E-1 3.83346E-1 8.43043E-2 3.35188E-1 3.34426E-1 2.60434E-2 6.50184E-2 9.3644E-2 1.54811E-1 2.81249E-1 1.6312E-2 1.1413E-1 4.53087E-1 9.30787E-3 1.76198E-1 1.73998E-1 4.76425E-1 2.97507E-1 2.86906E-1 7.84513E-2 1.4093E-2 2.1907E-1 3.2329E-2 4.23643E-1 1.25357E-1 4.0277E-1 1.63129E-1 2.88792E-3 5.26869E-1 2.39633E-1 9.96424E-3 2.1431E-2 4.58249E-1 2.22013E-2 2.37587E-1 1.15121E-1 1.3014E-1 1.16895E-1 1.20436E-2 2.97073E-2 2.44018E-2 1.34172E-1 9.84831E-2 1.49779E-1 2.40445E-1 2.76238E-2 5.54806E-1 1.61032E-3 4.64754E-1 1.12323E-1 1.24436E-2
2.54056E-1 2.63091E-1 3.89039E-1 4.54959E-1 1.00124E-1 2.94048E-1 1.59665E-1 2.66987E-2 2.48306E-1 1.51557E-1 1.91089E-1 3.5816E-1 2.80917E-1 2.24471E-1 3.74199E-1 2.19371E-1 3.53207E-2 4.26204E-1 3.67117E-1 4.87498E-1 3.56373E-1 1.5983E-1 3.12174E-2 2.60116E-2 5.5017E-2 1.20402E-2 1.74271E-1 1.08585E-2 3.51116E-1 1.58903E-1 4.24762E-2 5.5886E-1 2.0244E-2 8.78442E-3 2.7136E-2 2.9227E-1 1.06002E-2 2.19E-2 7.1624E-1 1.05324E-1 3.53432E-1 1.27415E-2 2.18776E-3 4.80854E-1 3.81936E-1 2.30471E-3 2.45256E-1 2.23958E-1 2.74992E-2 1.42208E-1 3.89507E-1 5.53488E-1 5.3106E-1 6.01322E-1 1.46442E-1 1.37895E-1 4.11789E-1 4.20977E-1
1.53353E-1 2.57543E-1 5.46704E-1 7.54881E-2 3.99688E-1 1.52917E-1 1.96706E-2 4.06082E-1 1.92766E-1 1.4931E-2 2.02892E-2 3.97158E-2 3.50146E-1 3.21512E-1 2.12188E-1 2.37077E-2 2.26907E-1 2.90283E-1 3.94209E-1 2.71292E-2 2.46317E-2 1.85918E-1 2.98158E-1 3.10224E-1 4.00609E-1 2.4084E-2 6.4957E-3 3.89049E-1 4.25098E-1 9.11992E-2 2.23695E-1 1.13972E-1 5.64258E-2 2.4702E-2 4.19574E-3 1.69363E-1 2.18674E-1 2.122E-1 4.28606E-1 4.98269E-2 2.86135E-3 7.08133E-1 9.71023E-2 1.71327E-1 2.17427E-2 5.59354E-1 2.31853E-2 2.10306E-2 2.12274E-2 4.60611E-1 6.90235E-1 4.12342E-1 1.3084E-1 2.59486E-1 6.3893E-1 1.43675E-1 2.41149E-1 2.61478E-1
6.88384E-2 5.03054E-1 6.40612E-1 4.03322E-2 3.80585E-1 4.4977E-1 2.66945E-1 2.14313E-2 5.81599E-1 1.61649E-1 1.34088E-1 4.44845E-1 9.89051E-1 6.70924E-1 5.31615E-1 7.27512E-1 8.17232E-1 3.34674E-1 2.13604E-1 3.03961E-1 2.97747E-2 1.7454E-1 3.44035E-2 2.61651E-1 3.83202E-1 1.45771E-2 2.73547E-1 4.19726E-1 4.53508E-2 2.20379E-2 3.2111E-1 3.31186E-1 7.30858E-2 3.58983E-1 2.56913E-1 4.52072E-2 3.05746E-2 3.00323E-1 6.0134E-3 4.77721E-1 3.41268E-1 7.70351E-2 1.21399E-1 2.95023E-1 2.72806E-1 2.33963E-1 7.54043E-1 3.25871E-1 2.66057E-1 3.40956E-2 3.99722E-1 1.14812E-1 2.77521E-1 1.36866E-1 1.48412E-1 6.47966E-1 1.88408E-2 6.34236E-2
5.64984E-1 1.10531E-1 8.64792E-1 6.16183E-1 2.72126E-1 3.42628E-2 2.64929E-1 3.59745E-1 1.52075E-1 8.56624E-1 4.8191E-1 3.24611E-1 3.80318E-2 7.37788E-1 3.62494E-1 1.01793E-1 9.27094E-1 8.61628E-1 2.75284E-2 1.22427E-1 1.96055E-2 1.9786E-1 1.92513E-1 4.9396E-1 3.63568E-2 2.3358E-1 1.65393E-1 1.16808E-1 2.41361E-1 4.40009E-1 2.72393E-1 9.00896E-2 6.14942E-2 2.77211E-2 3.13385E-1 4.73754E-1 3.42239E-1 5.72583E-2 1.59702E-2 5.81514E-1 7.62191E-2 4.65512E-1 3.87991E-1 1.75433E-1 1.7126E-1 2.23251E-1 1.34385E-1 2.29074E-1 2.00733E-1 4.53752E-1 3.05731E-1 6.95069E-1 2.63674E-1 2.90343E-1 1.33012E-2 3.60411E-1 4.25999E-1 1.90066E-1
2.51563E-1 4.78779E-1 1.99108E-1 7.52755E-1 3.05264E-1 8.48316E-1 4.71378E-1 3.43223E-1 3.86523E-1 4.12853E-1 3.67325E-1 6.8913E-1 7.88533E-1 3.51786E-1 5.04838E-1 1.77441E-1 9.85921E-2 7.38407E-1 8.56654E-1 8.53389E-2 1.0469E-1 3.26611E-1 7.24344E-1 1.56294E-1 5.8352E-2 2.10125E-1 4.31873E-1 1.29899E-1 8.18683E-2 2.07191E-1 1.36231E-1 2.07705E-1 2.25526E-1 3.9621E-1 5.50995E-1 3.44386E-1 6.25053E-2 2.1029E-1 5.14767E-2 2.0795E-1 8.18193E-2 2.56041E-1 4.25711E-1 2.28912E-1 4.14037E-1 4.7006E-1 3.01071E-1 4.44487E-1 3.1187E-1 5.76879E-1 2.12271E-2 9.47985E-3 2.11988E-2 2.12606E-2 1.80773E-1 1.55158E-1 5.83647E-1 1.10784E-1
1.04335E-1 5.40661E-1 8.58479E-1 1.50709E-1 3.30479E-1 7.86082E-1 3.48325E-1 3.71012E-1 2.885E-1 5.32373E-1 3.34714E-2 4.13868E-1 3.78914E-2 8.78219E-1 7.46371E-1 7.91673E-1 5.53408E-1 5.00497E-1 8.76142E-1 1.49999E-1 6.51622E-2 8.65383E-2 1.84202E-1 1.3969E-1 1.61105E-1 4.11055E-1 2.67384E-1 2.7225E-1 5.35764E-1 1.8465E-1 2.17089E-2 2.44019E-1 2.82254E-1 3.32197E-1 2.08336E-1 3.21901E-1 2.99631E-2 3.89661E-2 3.62664E-1 3.34795E-1 3.55698E-1 7.65305E-1 4.15312E-1 8.18801E-1 1.54141E-1 1.50088E-1 1.67947E-1 2.93728E-1 4.6953E-2 3.10433E-2 7.79176E-2 1.36756E-2 1.90631E-2 3.20037E-2 1.53346E-1 5.17278E-2 3.67744E-1 4.38802E-1
3.46841E-1 2.16125E-1 5.1485E-1 1.50108E-1 1.28189E-2 2.88281E-1 6.50361E-1 1.43627E-2 3.96783E-1 4.58022E-2 5.12357E-2 5.9339E-1 3.33694E-1 4.16763E-2 1.94136E-1 1.04068E-1 7.04012E-1 5.68465E-1 5.65197E-1 5.83094E-1 3.71309E-1 3.71435E-1 2.11632E-1 2.67464E-1 4.25123E-1 1.96248E-1 2.22178E-1 1.5537E-1 2.48809E-1 2.68329E-1 1.99378E-1 2.5659E-1 5.27882E-2 3.84177E-2 2.41617E-1 5.83965E-1 7.53892E-1 2.68057E-1 2.69089E-1 4.38176E-2 5.33356E-2 1.10213E-1 1.13922E-1 2.66681E-1 1.04283E-1 1.26838E-1 2.23164E-1 6.90773E-1 1.48891E-1 2.79737E-1 3.76922E-1 5.31335E-1 3.17661E-2 2.4068E-2 1.6385E-1 2.80574E-1 2.02497E-1 5.15616E-1
1.01315E-1 3.81995E-1 1.58921E-1 3.933E-1 1.59886E-2 1.34692E-1 1.70223E-1 1.774E-1 1.30469E-1 1.72155E-1 2.44221E-1 4.13164E-1 4.60425E-1 1.20644E-2 4.03865E-1 1.28591E-2 3.90958E-1 4.5351E-2 1.17237E-1 3.29184E-1 5.93404E-1 2.667E-1 3.80803E-1 2.50632E-1 1.03775E-1 1.99475E-1 7.14376E-2 1.69938E-1 2.55164E-1 4.3339E-1 3.02765E-1 2.49151E-2 2.20979E-1 4.26725E-2 1.56799E-1 3.67193E-1 3.51019E-1 6.69251E-1 1.9821E-1 2.49575E-1 2.58611E-1 6.66979E-2 2.88359E-1 3.02362E-1 6.77691E-2 3.50278E-1 2.19084E-1 2.20078E-1 4.08143E-1 2.48371E-1 1.70932E-1 2.83118E-1 1.81412E-2 1.34449E-1 3.7546E-1 2.97329E-1 6.38315E-1 4.70196E-1
1.77164E-1 4.09531E-2 4.11914E-1 1.75864E-2 4.14695E-1 6.48959E-1 3.02884E-1 4.87072E-1 6.61494E-1 7.76533E-2 1.24082E-1 2.06621E-1 1.98498E-1 3.66186E-1 2.34578E-1 2.66701E-1 1.24251E-1 5.74154E-2 3.11799E-1 1.93799E-1 1.61939E-1 3.19219E-1 1.2647E-1 2.21813E-1 3.55834E-2 2.17084E-1 3.02297E-1 4.19313E-1 4.45548E-1 1.84936E-1 3.14439E-1 2.7014E-1 5.56752E-1 5.12666E-2 7.57459E-2 3.3812E-1 8.42286E-2 6.12494E-3 3.16981E-1 2.69714E-1 3.3733E-1 2.01805E-1 3.16906E-1 3.1764E-1 1.97338E-1 3.68984E-1 6.74695E-1 2.57014E-1 2.78041E-2 3.08709E-1 2.77682E-1 2.98719E-1 4.45695E-1 1.94319E-1 3.78415E-1 2.86209E-1 4.19576E-1 2.69013E-1
2.99952E-2 4.28187E-1 4.04706E-2 1.39532E-2 9.87459E-2 8.28471E-1 9.06136E-1 4.34283E-1 4.29834E-1 2.32717E-2 3.57348E-1 1.37793E-2 3.17787E-2 3.13009E-1 4.603E-2 3.62536E-1 2.32302E-1 2.78581E-1 1.28662E-1 1.37759E-1 2.78904E-1 3.38161E-1 2.35976E-1 1.79315E-1 1.58961E-1 1.67227E-1 6.23962E-2 4.14035E-1 1.98462E-1 2.83049E-1 3.08517E-1 2.61639E-2 2.21682E-1 4.60479E-2 3.04328E-1 4.37876E-1 2.54805E-1 1.20555E-1 2.86368E-1 4.10015E-1 9.78741E-2 2.49565E-1 3.83521E-1 2.22706E-1 2.11329E-2 2.06524E-1 4.0242E-1 2.44592E-1 1.99079E-1 2.93127E-1 3.01854E-1 2.83295E-1 5.25148E-1 3.40195E-2 2.04316E-1 4.0285E-1 2.86402E-1 2.69941E-1
9.16751E-2 2.54863E-1 4.65531E-1 2.96698E-2 7.84398E-2 6.23588E-2 3.10672E-1 1.0655E-1 1.55295E-1 1.13432E-2 1.17145E-1 1.6735E-2 3.73888E-2 1.90188E-2 3.64703E-1 1.88768E-1 4.17128E-1 3.92798E-1 4.4864E-1 2.3566E-1 4.61946E-1 4.27846E-2 2.45638E-1 5.13182E-2 1.18559E-2 6.91889E-1 5.06785E-1 5.62794E-1 7.30281E-1 1.07389E-1 1.78022E-2 1.12669E-2 1.01616E-1 3.09689E-1 2.60572E-1 1.81829E-1 6.24826E-2 1.75962E-1 1.2678E-1 2.25723E-1 2.73692E-1 3.50421E-1 3.05638E-1 5.65584E-1 2.60058E-1 2.79273E-1 2.32248E-1 2.80114E-1 1.32865E-1 1.90538E-1 4.4362E-1 8.588E-2 1.40773E-2 2.99864E-1 2.01442E-2 5.05654E-1 6.4856E-1 8.39385E-2
1.35835E-1 4.42161E-1 1.65434E-1 1.5183E-2 3.9851E-1 3.64743E-1 1.9844E-1 4.08952E-1 4.01273E-1 1.01658E-1 3.56519E-1 5.06412E-1 6.02905E-2 1.606E-1 2.89877E-1 3.11367E-1 1.67647E-1 4.88747E-1 5.92122E-2 4.40233E-1 3.86601E-1 5.35768E-1 2.15044E-1 1.66381E-1 1.16638E-2 7.52822E-1 1.65411E-1 4.26868E-1 2.57473E-1 2.49492E-1 2.94653E-1 2.88936E-2 2.37034E-1 2.13273E-1 6.9822E-1 2.8327E-1 2.09615E-1 2.07525E-2 1.13554E-1 3.38478E-2 1.63445E-1 1.78234E-1 2.87081E-1 2.30009E-1 1.85163E-1 2.67843E-1 5.19935E-1 1.39821E-1 2.56942E-1 4.67281E-1 4.88592E-1 4.93729E-1 3.55078E-1 9.28292E-2 4.40735E-1 3.69511E-1 2.47477E-1 2.78844E-1
1.10367E-1 6.26209E-1 6.55292E-2 1.12174E-2 2.92845E-1 3.43418E-1 3.73362E-1 2.32793E-1 1.83762E-2 3.88861E-2 4.41306E-2 3.24307E-1 5.14102E-1 3.50864E-1 1.96223E-1 1.58966E-2 3.82015E-1 3.67722E-1 4.47712E-2 4.35934E-1 2.56605E-1 3.34968E-1 2.77578E-1 3.44059E-1 3.55993E-1 1.77415E-1 2.25808E-1 4.51542E-1 4.25867E-1 3.65515E-1 3.8866E-1 2.87235E-1 3.48807E-1 4.64953E-1 2.53356E-1 1.71471E-1 1.63905E-1 2.38379E-1 5.74613E-2 3.68163E-1 2.63043E-1 2.25048E-2 3.88789E-1 4.49269E-2 2.13405E-1 3.85553E-1 2.68536E-2 3.30135E-1 8.10573E-1 2.22308E-1 3.74655E-1 1.75882E-2 5.30931E-1 6.68337E-2 3.41996E-1 3.23932E-1 1.29246E-1 5.09307E-1
