outputs/pantheraTigris_min.asc
ncols         290
nrows         290
xllcorner     68.0
yllcorner     8.0
cellsize      0.1
NODATA_value  -9999
[rows 208 to 233 of 290, columns 0 to 57 of 290]
1.11611E-1 2.31874E-1 9.75285E-3 2.12788E-1 2.29375E-1 9.1931E-2 3.15338E-1 5.95779E-2 2.40969E-1 6.12817E-2 5.29964E-2 1.90796E-1 1.81219E-1 9.48651E-3 1.59762E-1 7.24702E-2 1.51947E-1 2.8389E-2 7.78007E-2 7.57353E-2 5.02781E-2 1.31821E-2 1.89603E-1 4.66206E-3 6.87021E-2 1.54051E-1 1.91646E-1 9.96501E-3 8.60787E-2 5.19631E-1 9.21129E-2 4.73843E-1 9.93045E-2 1.11127E-2 1.54526E-1 4.7298E-3 1.82354E-1 9.32317E-2 9.7627E-2 4.34669E-1 6.34523E-2 2.92828E-1 2.82189E-1 1.39497E-1 1.8687E-1 1.13381E-1 9.37315E-2 2.62224E-1 8.91952E-2 1.66229E-1 2.20098E-1 1.71911E-1 3.1846E-1 8.7066E-2 9.89208E-2 1.90713E-1 1.51709E-1 1.63751E-1
7.91371E-2 1.63742E-1 6.23914E-2 2.89582E-1 6.91245E-2 1.13905E-2 2.52802E-1 1.07395E-1 2.44643E-1 8.64057E-2 1.57881E-1 1.41201E-1 8.67699E-3 2.70478E-1 3.27672E-1 1.19681E-1 2.20663E-1 1.24268E-1 2.52832E-1 1.36528E-2 2.36154E-2 5.77151E-3 5.69858E-1 2.33728E-1 5.08415E-2 1.20633E-1 7.90154E-2 1.41517E-1 2.03347E-1 1.11403E-1 4.44835E-2 4.7253E-1 5.06209E-1 1.14277E-1 1.71606E-1 6.52852E-2 1.16092E-1 2.22349E-1 1.44928E-1 8.94782E-3 6.13978E-2 1.66934E-1 8.99249E-2 2.02298E-1 3.00809E-1 2.7377E-1 3.16355E-1 3.13345E-1 8.62259E-2 2.25572E-1 1.31328E-1 5.47817E-1 1.66343E-1 4.12831E-1 8.23882E-2 3.26201E-1 2.3924E-1 1.19873E-2
1.51018E-2 9.04603E-2 1.39842E-1 2.39836E-1 7.20881E-2 4.97973E-2 7.15121E-3 8.13736E-2 1.31482E-1 1.31872E-1 2.46951E-1 2.33779E-2 1.13877E-1 6.90426E-2 9.87358E-2 9.5217E-2 3.06576E-1 8.46012E-2 1.42837E-1 1.16874E-1 4.6913E-2 9.17974E-2 4.63508E-1 4.17895E-1 1.01344E-1 1.0003E-1 4.94868E-2 2.07853E-1 5.75423E-2 8.83639E-2 7.4725E-1 3.32435E-1 1.97656E-1 3.95998E-1 6.64933E-1 7.74972E-2 1.98363E-2 1.84736E-2 5.29316E-2 2.6407E-1 1.43545E-1 1.09703E-1 2.60838E-1 6.04418E-2 2.55233E-1 1.38641E-1 8.18388E-2 2.8058E-1 1.39183E-1 8.21835E-3 1.08424E-1 1.68784E-1 1.15924E-1 1.97467E-1 4.87967E-1 1.10709E-1 3.35854E-1 3.04933E-1
2.84756E-2 2.13053E-1 4.41154E-3 3.06447E-1 7.42926E-3 1.0486E-1 6.89612E-2 7.05274E-2 2.72334E-1 1.02386E-1 2.03304E-1 1.15835E-1 5.94746E-3 1.08103E-1 1.66614E-1 9.6728E-2 9.69626E-2 9.07319E-2 2.45505E-1 1.35747E-1 1.53853E-1 1.60406E-1 1.90705E-1 1.73941E-1 3.51449E-1 2.41054E-1 3.19271E-1 6.99542E-1 3.38023E-1 2.86968E-1 1.9666E-1 2.18888E-1 2.97093E-1 3.04991E-1 5.91188E-2 4.99886E-1 3.69749E-2 9.37968E-1 5.97541E-1 5.48606E-2 1.56489E-1 2.07837E-1 1.74723E-1 6.11426E-2 2.83768E-1 6.86749E-3 2.35802E-1 2.04159E-1 3.18124E-2 1.05929E-1 6.19561E-3 2.73699E-1 2.62257E-1 1.78438E-1 1.94346E-1 7.12804E-2 7.65391E-2 1.28854E-1
1.51721E-1 2.6439E-1 2.54149E-1 2.85719E-1 9.69963E-2 2.73002E-1 7.1064E-2 1.10736E-1 1.56133E-1 1.83941E-1 1.20399E-1 3.90136E-2 1.49138E-1 1.03277E-1 3.17436E-1 1.38967E-2 6.47967E-2 1.77887E-1 1.13879E-1 7.33397E-3 1.8476E-1 2.12538E-1 4.23234E-1 6.6177E-2 1.63443E-2 1.81616E-1 4.83899E-1 2.04844E-1 5.45798E-1 1.23623E-1 1.56503E-2 3.1845E-1 4.83554E-1 1.97931E-1 4.02932E-1 2.38093E-1 4.46347E-1 1.37565E-1 2.03593E-1 2.73961E-1 8.90756E-2 4.44458E-2 2.55702E-1 1.56624E-1 1.61044E-1 6.71736E-2 7.21535E-2 3.7007E-1 9.85089E-2 2.44306E-1 1.50289E-1 1.02089E-1 7.1927E-2 2.73333E-1 2.31414E-1 1.72776E-1 4.5142E-1 1.34837E-1
3.1936E-1 1.20357E-1 2.59573E-1 8.32706E-2 1.3056E-1 8.91151E-3 7.48642E-2 1.53654E-1 1.1299E-1 1.10997E-1 8.39314E-2 2.36093E-1 2.43461E-1 7.59835E-2 4.81857E-2 1.64844E-1 1.07173E-1 4.53078E-2 8.36288E-2 5.90107E-3 2.8702E-1 3.12774E-1 1.9025E-1 4.86548E-2 2.95441E-3 4.01928E-1 1.45314E-2 1.30408E-1 2.7291E-1 1.3463E-1 1.35817E-2 3.67556E-3 1.18959E-1 1.42447E-1 2.06032E-1 2.82545E-1 4.20925E-1 2.68363E-1 4.85681E-1 3.81687E-1 3.80361E-1 2.08096E-1 4.92885E-2 1.48956E-2 1.86936E-1 1.84927E-1 1.18933E-1 1.85713E-1 3.6255E-1 3.21564E-1 2.34506E-1 3.16079E-1 3.16893E-1 1.63573E-1 4.4313E-1 2.48835E-1 1.17048E-1 9.13777E-2
1.57507E-1 1.09875E-1 6.73964E-3 3.20104E-1 2.52955E-1 4.63606E-3 1.46504E-1 1.08769E-1 2.81396E-2 9.27493E-2 2.66509E-1 1.48606E-1 1.59992E-1 3.26402E-2 7.79209E-2 2.01155E-1 2.72698E-1 1.58228E-1 2.26915E-1 2.37548E-1 9.03877E-2 1.95778E-1 4.43164E-1 4.17888E-1 5.10778E-1 6.46231E-1 5.04207E-1 8.73699E-1 5.76813E-1 2.67315E-1 2.658E-2 2.30575E-1 8.75753E-3 1.09463E-1 1.11704E-1 4.18481E-1 5.32668E-1 4.09508E-1 7.08452E-1 3.53135E-1 3.56454E-1 2.75847E-1 1.53624E-1 1.46405E-1 2.13329E-1 3.6305E-1 8.94131E-2 4.09494E-2 1.03869E-1 2.13119E-2 2.32283E-1 2.44653E-1 6.5366E-2 9.8196E-2 1.98117E-1 1.62683E-1 1.33859E-1 1.40187E-1
2.51438E-1 1.17571E-1 2.48014E-1 7.27469E-2 9.02206E-3 2.45041E-1 1.53847E-1 2.07885E-1 8.76151E-2 1.92862E-1 7.79567E-2 3.48943E-1 1.79484E-1 8.00665E-2 7.13591E-2 1.2196E-1 1.6555E-1 2.65252E-1 1.963E-1 9.1947E-2 7.26166E-2 7.48424E-2 2.18441E-1 3.47331E-1 4.70239E-1 1.29375E-2 7.27095E-1 2.51666E-1 7.63645E-1 4.79878E-3 1.06946E-1 1.9535E-1 5.66992E-1 9.25382E-1 7.46932E-3 7.25288E-2 6.59047E-1 8.83101E-1 4.60409E-1 2.59259E-2 3.90345E-2 8.39537E-1 5.20191E-1 2.68994E-1 1.66136E-1 1.13669E-2 1.11878E-1 1.19003E-2 1.35442E-1 1.58331E-1 2.18563E-1 2.51995E-1 9.03375E-2 1.89742E-1 5.6233E-3 1.01777E-1 1.21586E-1 1.56406E-1
2.08457E-1 8.43481E-2 8.27689E-2 1.58451E-1 1.62228E-1 9.76903E-2 1.13478E-1 1.50554E-2 8.91033E-2 1.86309E-1 2.37546E-1 1.61806E-1 2.55844E-1 2.41566E-1 1.14687E-1 1.584E-1 3.35409E-2 2.44466E-1 1.10818E-1 1.13106E-1 1.26814E-1 1.92006E-1 1.99381E-1 6.3083E-1 5.85189E-1 2.29943E-1 5.85748E-1 6.10055E-1 5.88207E-1 2.40783E-1 3.86778E-3 1.63551E-2 1.19293E-1 2.5493E-1 6.74061E-2 2.15768E-1 9.65339E-2 3.21079E-1 2.94637E-2 9.04393E-1 5.66318E-1 3.82817E-1 3.76092E-2 3.51189E-1 6.16102E-1 6.2286E-3 1.10622E-2 8.09789E-1 9.16012E-2 4.54208E-3 2.21355E-1 2.21771E-1 1.07192E-1 1.40589E-2 6.88487E-3 2.07145E-1 1.16373E-2 1.22461E-2
8.2372E-2 2.71775E-1 1.52447E-1 9.01531E-3 1.39104E-1 1.44927E-1 7.55144E-3 5.09622E-2 1.14907E-1 1.49675E-1 7.04023E-2 2.57668E-1 1.87531E-1 9.96843E-2 1.21256E-1 1.20177E-1 8.08245E-2 2.01866E-1 1.02195E-1 7.97501E-2 1.09828E-1 1.8693E-1 1.17393E-1 5.12241E-2 1.6068E-1 5.57433E-3 3.53867E-1 3.54859E-1 8.53375E-1 6.01565E-1 2.32083E-1 4.74891E-3 2.30077E-1 3.90877E-2 1.11884E-1 6.74946E-1 9.07802E-3 4.38826E-1 1.5158E-1 8.39099E-1 1.90805E-1 5.45759E-1 4.62785E-1 2.16015E-1 6.522E-1 3.86437E-1 3.1928E-1 1.59315E-1 3.43376E-1 4.25005E-1 2.49202E-1 4.42649E-3 2.46405E-1 7.5992E-3 1.42524E-1 1.09213E-1 8.41394E-2 1.32146E-1
4.78065E-3 9.22103E-3 1.44745E-1 3.27202E-3 3.17763E-1 1.11411E-1 7.50924E-3 8.08637E-2 1.47635E-1 4.72118E-2 9.68469E-2 3.81685E-2 4.56734E-2 4.84732E-3 1.41482E-1 6.31775E-2 2.33056E-1 1.6704E-1 1.1406E-1 1.13347E-1 8.022E-2 2.74523E-1 1.68675E-1 5.36508E-2 2.68528E-1 7.05848E-3 3.22335E-2 1.09887E-1 6.7262E-1 6.33068E-1 9.97502E-3 9.28257E-3 1.40564E-1 3.93976E-3 4.93789E-2 2.74415E-1 5.47613E-1 3.11212E-1 3.59557E-1 4.02111E-1 3.31383E-1 5.60547E-1 3.60655E-1 2.62998E-1 2.43764E-1 1.12711E-2 3.75237E-1 6.10037E-1 5.62029E-1 3.60526E-1 2.59632E-1 2.36176E-1 3.57531E-1 1.04199E-1 6.20948E-2 1.38203E-1 1.90874E-1 1.22417E-1
8.87258E-2 8.87631E-2 1.4882E-1 9.21484E-2 3.11181E-2 1.3459E-1 1.27417E-1 1.08335E-1 2.32812E-1 1.07597E-1 7.03389E-2 1.15562E-1 2.08767E-1 5.59407E-3 1.49737E-1 6.53082E-3 1.58225E-1 9.08167E-3 6.77734E-2 1.49883E-1 5.6831E-2 1.01559E-1 6.85113E-2 4.83371E-2 4.56679E-2 8.08567E-2 1.53372E-1 8.8607E-3 1.5262E-1 6.38763E-3 1.15206E-1 7.29147E-2 3.92004E-2 1.97645E-1 4.32197E-3 9.77437E-2 1.17758E-1 1.49537E-1 2.52557E-2 2.54163E-2 7.9998E-2 4.05874E-1 6.08035E-1 2.06882E-1 5.69447E-1 1.85837E-1 3.34161E-1 2.41466E-1 4.57923E-1 1.4437E-1 6.02706E-1 3.7719E-1 5.39703E-1 7.55912E-1 6.3457E-1 3.42453E-1 1.22986E-1 1.09297E-2
2.53283E-1 1.3773E-1 1.08708E-1 8.12246E-3 5.8268E-2 1.38204E-1 1.01285E-1 4.66048E-2 1.38825E-1 1.38293E-1 6.15202E-2 4.63616E-2 1.1605E-1 5.59674E-2 2.05349E-1 5.44197E-2 1.16257E-1 8.03214E-2 1.36224E-1 1.17769E-1 1.24524E-1 1.07243E-1 1.87337E-2 5.5957E-2 8.58884E-2 2.48362E-1 2.77181E-1 5.54404E-2 4.96275E-2 6.72204E-2 5.62402E-3 1.41423E-1 1.97938E-1 3.26929E-2 3.30118E-2 8.66449E-1 4.16678E-1 1.17719E-1 4.39229E-2 1.14562E-1 1.07769E-1 6.07019E-1 7.32629E-1 6.79766E-2 1.53199E-2 2.70231E-1 5.72209E-2 1.07455E-1 9.14094E-2 4.11116E-1 3.1064E-1 3.27042E-1 6.07827E-1 9.75331E-3 2.68012E-1 4.2931E-1 2.22974E-2 1.08809E-1
8.47172E-2 6.2071E-2 1.26014E-1 9.14952E-2 1.21804E-1 4.52053E-2 2.9964E-2 4.43769E-2 9.32829E-2 3.01018E-2 2.23324E-1 6.20629E-2 5.16329E-2 2.34152E-1 1.43616E-1 5.14987E-2 4.30694E-2 4.74759E-2 1.67369E-1 2.4499E-1 1.21585E-1 8.84604E-2 2.28945E-1 2.50871E-1 1.4803E-1 4.62229E-2 1.03985E-1 5.77601E-2 1.92064E-1 1.10079E-1 6.52433E-2 1.85833E-1 7.69204E-2 4.11217E-1 1.55982E-1 6.25044E-2 6.3661E-3 1.85421E-1 8.48276E-2 2.0833E-1 6.01953E-2 2.37054E-2 3.45237E-1 1.28293E-1 3.82979E-3 1.26458E-1 1.02735E-1 5.16184E-2 2.66483E-1 3.91058E-1 2.35293E-1 2.65811E-1 2.44693E-1 4.33255E-1 1.23249E-1 2.57295E-1 3.44305E-1 4.20345E-1
6.27873E-2 7.00106E-2 1.87871E-2 4.97376E-2 6.26951E-2 4.52758E-2 5.4215E-2 8.92062E-3 3.87707E-3 3.46003E-2 4.79708E-2 3.93329E-2 2.22443E-1 4.39298E-2 1.10962E-1 3.84854E-3 6.77602E-2 8.43158E-2 2.28771E-1 2.3062E-1 1.2835E-1 1.26687E-1 1.55023E-1 1.81174E-1 2.76838E-1 4.27383E-3 1.88078E-1 1.63022E-1 1.10877E-1 7.78642E-2 1.34859E-1 2.25596E-1 1.74648E-1 1.84192E-1 9.418E-2 2.22225E-1 3.8496E-1 2.1782E-1 1.81513E-1 1.24965E-1 8.47836E-2 7.29841E-1 1.05629E-1 6.69659E-1 6.67022E-1 2.33303E-1 8.6952E-2 5.58813E-2 9.13222E-2 2.12886E-1 1.16116E-1 1.35012E-2 4.6405E-1 1.67737E-1 9.23662E-2 2.37253E-1 8.91973E-2 1.38021E-1
2.54027E-2 1.89337E-2 1.03724E-1 1.1726E-1 1.11562E-1 2.50083E-1 3.78674E-1 2.88036E-2 2.64104E-3 3.87235E-2 4.51136E-2 4.46588E-2 1.22501E-1 8.94379E-2 8.061E-2 3.92753E-3 1.68918E-2 1.51384E-1 4.23877E-2 1.44573E-1 7.83414E-2 1.14345E-1 1.54134E-1 1.24796E-1 6.74096E-2 1.2227E-1 1.83784E-1 9.72659E-3 5.53552E-1 5.54467E-1 4.09983E-1 8.0336E-3 8.30739E-2 8.38735E-2 2.12494E-1 3.23851E-1 2.06112E-1 6.83222E-2 2.195E-1 2.03967E-1 3.20272E-1 2.96801E-1 6.97583E-1 8.51386E-2 6.16642E-2 3.02009E-2 1.12326E-1 2.76075E-1 1.46061E-1 1.17566E-1 2.35711E-1 9.68512E-2 1.58762E-1 6.49624E-2 1.25794E-1 9.74174E-2 1.55428E-1 7.99507E-2
8.09311E-2 3.73468E-2 4.77352E-2 5.65351E-2 3.33632E-2 6.36289E-1 2.44886E-1 1.09289E-1 5.80429E-2 1.71588E-2 5.18558E-2 2.36298E-1 3.11841E-1 2.40424E-1 1.12592E-1 7.9005E-2 7.75726E-2 1.32795E-1 1.25332E-1 2.10439E-1 1.53494E-1 1.32086E-1 1.66246E-1 2.16138E-1 1.5966E-1 8.89513E-2 7.29873E-2 2.62659E-1 5.59744E-1 4.84006E-1 9.44709E-2 6.65687E-2 1.56294E-1 1.33326E-1 5.21254E-2 5.11022E-2 2.28484E-1 7.03474E-2 1.89454E-1 2.00678E-1 8.03175E-2 6.16815E-1 2.57655E-1 1.91937E-1 4.40463E-1 4.18566E-1 2.66813E-1 8.57277E-1 3.11412E-3 2.04695E-1 2.16595E-1 6.13372E-2 2.58196E-1 1.33066E-1 2.37655E-1 6.89771E-2 1.21878E-1 3.64193E-1
7.05138E-3 1.2017E-1 5.70931E-2 9.9929E-2 1.32261E-1 9.94396E-2 4.34036E-3 2.73357E-1 1.27292E-2 4.38797E-3 5.23983E-2 1.2153E-1 5.0521E-3 1.41548E-2 1.57869E-2 1.31961E-1 1.02949E-1 1.19304E-1 6.53514E-2 2.2779E-1 8.9776E-2 1.07791E-1 1.09106E-1 1.0751E-1 1.13432E-2 1.26061E-1 1.25905E-1 5.88763E-1 8.68908E-1 7.02352E-1 1.13171E-1 6.06478E-3 9.07394E-2 1.16887E-1 2.33791E-1 2.27279E-1 3.07857E-1 1.69362E-1 1.4674E-1 1.85311E-1 5.15747E-2 5.67843E-1 7.92806E-1 2.52399E-1 2.64997E-1 3.23716E-1 4.10294E-1 7.50196E-1 1.05377E-1 3.11517E-1 6.5599E-2 2.53518E-1 2.89412E-1 1.34909E-1 2.50818E-1 1.45746E-1 1.38465E-1 1.04143E-2
2.62344E-2 3.34322E-2 1.90665E-3 9.66403E-2 3.4502E-2 2.52432E-3 2.11704E-2 1.61612E-2 3.88009E-2 4.0835E-2 1.02586E-2 9.05792E-2 1.63552E-2 5.26863E-2 1.12317E-1 2.1269E-2 1.61753E-2 1.68145E-1 8.3262E-2 9.10927E-3 1.18599E-1 1.33074E-1 1.30118E-1 1.91017E-1 1.4599E-1 2.16E-1 8.49043E-2 3.7696E-1 3.91477E-1 5.297E-1 3.18454E-1 9.78389E-2 4.42222E-1 6.56753E-2 2.00448E-1 2.60597E-1 2.84427E-1 3.04593E-1 4.86475E-1 5.44074E-1 1.74548E-2 1.81938E-1 3.13862E-1 1.42993E-1 5.54086E-1 2.2309E-1 2.98512E-1 7.84965E-1 1.68431E-1 5.11263E-2 1.50838E-2 7.00348E-2 1.63941E-1 1.07389E-1 6.46393E-2 2.90052E-1 1.43736E-1 2.27089E-1
1.02575E-1 2.24775E-2 7.61255E-2 2.81767E-2 2.4866E-2 8.38876E-2 4.9875E-2 1.36298E-1 1.22088E-1 8.55321E-3 6.98572E-2 8.42727E-3 7.41954E-3 8.2044E-2 1.04915E-1 1.01184E-1 2.02968E-1 1.8793E-1 5.85887E-2 9.48151E-2 1.18E-1 1.25491E-1 8.13268E-2 1.57533E-1 5.61741E-3 2.60469E-1 2.50803E-1 1.14557E-1 1.91103E-1 1.58698E-1 1.66237E-1 1.33464E-1 3.08743E-1 1.35515E-2 1.78979E-1 7.05841E-2 1.13573E-1 1.90788E-1 2.02507E-1 2.05033E-1 2.35062E-1 2.48457E-1 9.52601E-2 1.91746E-1 1.93513E-1 1.51344E-1 1.95021E-1 4.18738E-1 4.59707E-1 2.55049E-1 4.81333E-1 1.67922E-1 2.93093E-1 8.07554E-2 5.7176E-3 1.32159E-1 1.62273E-2 2.57308E-2
2.58306E-3 2.8178E-2 4.69612E-3 9.63669E-2 7.23982E-2 6.13927E-3 1.08842E-1 3.26106E-2 9.42633E-2 9.92965E-3 1.29305E-1 7.10004E-3 1.32894E-2 2.18815E-2 8.81986E-2 8.68007E-2 1.55483E-1 8.33851E-2 1.14637E-1 1.05016E-1 1.52075E-1 1.19538E-1 1.26303E-1 9.8681E-2 1.39047E-1 1.81427E-1 2.14794E-1 2.65081E-1 8.50073E-2 1.07091E-1 2.22164E-1 5.27998E-1 2.33304E-2 2.31811E-1 6.7899E-2 2.07717E-1 2.38181E-1 1.64911E-1 4.41435E-3 5.03271E-2 8.37787E-2 1.06359E-1 1.71667E-1 8.45804E-3 1.80771E-1 6.62043E-1 4.32691E-1 3.30973E-1 4.31372E-1 2.30175E-1 1.70483E-1 6.64633E-2 8.18276E-2 1.45881E-1 6.61676E-2 2.25525E-1 7.79632E-2 1.12734E-1
1.1616E-1 2.67339E-3 2.0125E-2 1.19134E-1 9.25258E-2 3.05981E-3 1.5511E-2 8.96189E-2 3.30899E-2 3.53737E-2 9.46246E-2 4.3352E-3 1.1814E-2 6.95979E-2 3.48235E-2 4.20526E-2 7.74102E-2 8.02901E-2 8.72207E-2 1.19518E-1 6.97728E-2 5.93893E-2 1.11435E-1 6.80304E-2 2.27045E-1 2.19326E-1 1.69416E-1 1.24464E-2 1.96246E-1 1.36038E-1 4.2627E-2 2.40884E-1 2.13792E-1 1.43434E-1 8.58419E-2 1.7401E-1 4.25937E-1 3.0757E-1 1.19876E-1 1.44839E-1 4.80789E-2 9.7103E-2 2.27157E-1 8.92679E-2 3.20063E-2 4.72547E-3 1.84515E-1 5.59367E-1 3.50503E-1 1.66579E-1 5.29254E-1 7.54635E-2 1.96183E-1 2.03826E-1 1.98895E-1 1.4698E-1 3.12077E-1 2.1396E-1
3.1202E-2 2.03792E-2 8.05022E-2 1.12403E-1 1.47934E-2 8.05961E-2 1.01774E-1 1.2443E-1 3.43714E-2 7.26735E-3 3.6887E-3 9.65806E-2 4.00972E-2 1.00421E-1 4.4287E-2 2.016E-1 4.41958E-2 1.02276E-1 8.99862E-2 1.34657E-1 5.00081E-2 6.39521E-2 5.02783E-2 1.75061E-1 2.276E-1 1.56265E-1 1.67965E-1 2.69409E-2 2.21865E-1 7.33674E-2 1.16438E-1 2.24649E-1 1.22714E-1 6.73516E-3 1.84801E-1 3.52324E-1 2.31226E-1 2.16391E-1 2.16741E-1 7.39806E-2 5.92202E-2 2.20081E-1 3.02533E-1 7.17209E-2 2.18008E-1 7.44669E-2 2.05516E-1 1.8984E-1 2.25699E-1 4.86467E-1 2.04537E-1 2.53119E-1 6.57636E-2 1.33875E-1 9.257E-2 8.62154E-2 1.62455E-1 7.50578E-2
1.14816E-1 1.27903E-1 6.90816E-2 3.83694E-2 1.51625E-1 7.99485E-2 1.80165E-2 1.27412E-1 3.7814E-2 6.14194E-2 1.96122E-1 1.47044E-1 8.11487E-2 7.31866E-2 5.04016E-2 1.61376E-1 1.20696E-1 9.93192E-2 1.67335E-1 1.41286E-1 1.14692E-1 5.18847E-2 1.10478E-1 7.20078E-2 1.84178E-1 1.06411E-1 7.58481E-2 6.20189E-2 2.29261E-1 1.94364E-1 1.65485E-1 1.5315E-1 2.22402E-1 2.91515E-1 1.75371E-1 2.25492E-1 1.468E-2 2.4633E-1 1.77919E-1 1.21097E-1 1.85592E-2 7.15042E-2 1.69119E-1 7.56047E-2 9.99941E-2 1.89955E-1 2.1715E-1 2.29757E-1 4.99583E-1 6.0812E-2 1.56624E-1 2.84066E-1 1.19456E-1 2.80536E-1 5.31225E-2 8.15055E-2 6.99463E-3 3.02572E-1
1.57729E-1 1.83104E-1 6.0094E-2 4.05666E-2 8.28875E-2 4.47853E-2 2.04221E-1 4.17218E-2 3.73669E-3 7.01178E-2 2.31903E-1 1.13013E-1 9.62512E-2 1.38434E-2 2.35905E-1 5.54891E-2 1.26808E-1 4.48899E-2 1.08563E-1 1.07637E-1 8.8276E-2 3.2262E-1 2.333E-1 2.38496E-1 8.85994E-2 2.62163E-1 2.27661E-1 3.45384E-1 3.1952E-1 9.07856E-2 3.24805E-1 3.2601E-1 5.03696E-1 9.60233E-2 2.70126E-1 4.92286E-3 3.49478E-2 1.12679E-1 1.05626E-1 3.06247E-1 1.91018E-1 4.57278E-1 9.43943E-2 4.54115E-3 1.94563E-1 1.58222E-1 5.27055E-2 1.26292E-1 6.76262E-1 2.2297E-1 1.13634E-1 1.21986E-1 1.16119E-1 9.94203E-2 2.01118E-1 5.36721E-2 5.4873E-2 1.38383E-1
5.00685E-2 1.27937E-3 7.08309E-2 2.01728E-1 1.19329E-1 2.13293E-2 1.23275E-1 1.13811E-1 1.46473E-1 3.92301E-2 5.45473E-2 9.63733E-2 2.59828E-1 2.3085E-1 2.95766E-1 2.11656E-1 2.2481E-1 1.06337E-1 2.73983E-2 2.0339E-1 8.89017E-2 5.0346E-1 6.35178E-2 1.88643E-1 3.01808E-1 1.03456E-1 1.33715E-1 8.1404E-1 3.79677E-1 3.00551E-1 2.37972E-1 8.30808E-1 1.50418E-1 7.77964E-2 6.93233E-2 2.48263E-1 2.27069E-1 7.36851E-2 2.48773E-1 3.22296E-1 2.88403E-1 3.99469E-1 2.94543E-2 2.56859E-1 1.26738E-1 3.3508E-1 1.06332E-1 2.11455E-1 4.02297E-1 7.16763E-2 1.10354E-1 4.62957E-2 1.99568E-1 1.82603E-1 1.39549E-1 3.14811E-1 1.12061E-1 6.08723E-2
