outputs/pantheraTigris_min.asc
ncols         290
nrows         290
xllcorner     68.0
yllcorner     8.0
cellsize      0.1
NODATA_value  -9999
[rows 104 to 129 of 290, columns 116 to 173 of 290]
6.74904E-1 4.94805E-1 8.48206E-2 5.22237E-1 8.72858E-1 8.56822E-1 6.88824E-1 7.32666E-1 6.97953E-1 8.52883E-1 5.10666E-1 5.81435E-1 6.18412E-1 6.48917E-1 1.23666E-1 8.16652E-1 6.18081E-1 8.38092E-1 6.61634E-1 4.90973E-2 5.67894E-1 9.20603E-1 7.33105E-1 5.46529E-1 8.78652E-1 5.18901E-1 5.64126E-1 2.61937E-1 6.89293E-1 1.86703E-1 7.61674E-1 4.16976E-1 2.41495E-1 4.36336E-1 5.34746E-1 2.62366E-1 4.20565E-1 2.71514E-1 5.79271E-1 3.70338E-1 3.2039E-1 7.7007E-1 1.53086E-1 9.71154E-2 1.21681E-1 6.95264E-1 -9999 -9999 -9999 -9999 -9999 -9999 -9999 -9999 -9999 -9999 -9999 -9999
8.98939E-1 7.65776E-1 6.71303E-1 5.10018E-1 5.81182E-1 5.16432E-1 7.61747E-1 1.90083E-1 6.35817E-1 6.52122E-1 3.12059E-1 5.07503E-1 4.87811E-1 4.17193E-1 5.74809E-1 3.63358E-1 5.98687E-1 3.9476E-1 4.62401E-1 4.74643E-1 3.85217E-1 9.56041E-1 6.48424E-1 6.12477E-1 3.38781E-1 5.83744E-1 5.09281E-1 7.38224E-2 8.47135E-1 5.1608E-1 5.13186E-1 3.18787E-1 3.95702E-1 4.89942E-1 7.04489E-1 2.18505E-1 4.24526E-1 5.42504E-1 5.1814E-1 5.38197E-1 2.98E-1 4.44275E-1 6.50737E-1 1.43741E-1 8.69082E-2 2.67562E-1 4.29454E-1 1.18559E-1 -9999 -9999 -9999 -9999 -9999 -9999 -9999 -9999 -9999 -9999
8.39057E-1 8.26212E-1 5.53976E-1 5.65604E-1 8.77208E-1 6.94751E-1 2.12963E-1 5.99844E-1 6.09128E-1 6.6247E-1 7.32036E-1 1.41047E-1 1.2721E-1 3.445E-1 8.85633E-2 3.07097E-1 6.27365E-1 2.75041E-2 2.47283E-1 6.29356E-1 5.37117E-1 7.24989E-1 3.81908E-1 3.11607E-1 5.06918E-1 7.55055E-1 4.17733E-1 7.43673E-1 5.34693E-1 5.25469E-1 6.01842E-1 6.53691E-1 4.09996E-1 1.72457E-1 2.57233E-1 8.27493E-1 4.03039E-1 8.92209E-2 3.77365E-1 5.81113E-1 5.14733E-1 4.61548E-1 1.88097E-1 6.46563E-1 4.57957E-2 7.44277E-2 6.40648E-1 1.71057E-1 2.56459E-1 -9999 -9999 -9999 -9999 -9999 -9999 -9999 -9999 -9999
7.49776E-1 6.96547E-1 6.55302E-1 6.85398E-1 8.2808E-1 7.60528E-1 6.67938E-1 5.55468E-1 5.74865E-1 4.96868E-1 5.24586E-1 1.37251E-1 2.69289E-1 5.67486E-1 2.57119E-1 5.06213E-1 7.84104E-1 7.0193E-1 9.66447E-1 5.28603E-1 2.85071E-1 6.37712E-1 8.09974E-1 4.46865E-1 6.08847E-1 6.38907E-1 3.6892E-1 3.76958E-1 4.09537E-2 6.36413E-1 3.64657E-1 6.23267E-1 6.12046E-1 7.40373E-2 3.22787E-1 4.53399E-1 2.00889E-1 3.96251E-1 3.24078E-1 2.97282E-1 3.3655E-1 3.70798E-1 2.35141E-1 5.67422E-1 2.13254E-1 1.34925E-1 1.7882E-1 1.42092E-2 5.30087E-2 -9999 -9999 -9999 -9999 -9999 -9999 -9999 -9999 -9999
7.86697E-1 6.27695E-1 7.36784E-1 7.48737E-1 3.34889E-1 7.60697E-1 4.48525E-1 4.98698E-1 5.71515E-1 3.21569E-1 6.47081E-1 2.14871E-1 5.52417E-1 2.79639E-1 2.64454E-1 6.05577E-1 5.88153E-1 5.51165E-1 4.32034E-1 8.54538E-1 4.68165E-1 2.48479E-1 2.96016E-2 5.11545E-1 4.63219E-1 1.38672E-1 5.35282E-1 3.13811E-1 4.62793E-1 2.7061E-1 7.57468E-1 6.0776E-1 2.23874E-1 3.97308E-1 4.95582E-1 3.73432E-1 4.88711E-1 7.67364E-1 4.00243E-1 4.50279E-1 5.59532E-1 7.75256E-1 5.69993E-1 3.98177E-1 4.9206E-1 4.71872E-1 2.1129E-1 2.22041E-1 2.26954E-2 1.22857E-1 -9999 -9999 -9999 -9999 -9999 -9999 -9999 -9999
6.55818E-1 5.10164E-1 9.5519E-1 4.7828E-1 5.51054E-1 2.59331E-2 5.12443E-1 6.09531E-1 4.61954E-1 2.73686E-1 1.07773E-1 3.75281E-1 2.70703E-1 4.9326E-1 5.17273E-1 5.15981E-1 5.23611E-1 6.32897E-1 5.73921E-1 2.83901E-1 7.55397E-1 6.95072E-1 4.42136E-1 3.12981E-1 3.69828E-1 6.585E-1 4.18833E-1 7.97503E-1 5.28832E-1 9.21976E-1 7.76161E-1 7.64541E-1 4.49199E-1 6.92981E-1 2.67349E-1 4.45256E-1 7.42152E-1 2.46463E-1 2.09446E-1 4.25403E-1 2.46869E-1 5.74954E-1 4.09838E-1 4.775E-1 4.16813E-1 1.64948E-1 3.34423E-1 8.87289E-2 2.75524E-2 7.20317E-1 -9999 -9999 -9999 -9999 -9999 -9999 -9999 -9999
5.08764E-1 9.22512E-1 2.53208E-1 6.06793E-1 7.25302E-1 7.0563E-1 8.68356E-1 5.93023E-1 2.02367E-1 1.78741E-1 5.78889E-1 3.21142E-1 3.88547E-1 6.90284E-1 2.04293E-1 3.62017E-1 4.29023E-1 9.46367E-1 7.69561E-1 5.94514E-1 9.10599E-1 8.02677E-1 4.79218E-1 3.63696E-1 5.06061E-1 5.49859E-1 4.91927E-1 4.53331E-2 5.39382E-1 8.08442E-1 7.22577E-1 5.3514E-1 5.18008E-1 4.41323E-1 4.15723E-1 3.22797E-1 2.74347E-1 5.87793E-1 5.81043E-1 5.6876E-1 4.49399E-1 4.61002E-1 5.47834E-1 5.79921E-1 5.53708E-1 1.72063E-1 1.33934E-1 1.14915E-1 2.69088E-2 2.46284E-1 1.22397E-1 2.95104E-1 -9999 -9999 -9999 -9999 -9999 -9999
7.76793E-1 5.63343E-1 5.21731E-1 4.57682E-1 7.4708E-1 8.87986E-1 2.39441E-1 5.81164E-1 2.98912E-1 4.87232E-1 7.65298E-2 1.89987E-1 3.60379E-1 3.33991E-1 1.95744E-1 5.34422E-1 1.8051E-1 6.01831E-1 5.92765E-1 1.336E-1 5.61608E-1 5.55794E-1 3.64405E-2 4.04345E-1 4.04762E-1 7.73389E-1 6.45813E-1 6.26568E-1 5.72715E-1 5.32998E-1 8.97853E-1 6.0171E-1 6.10438E-1 1.92217E-1 4.85587E-1 4.93908E-1 8.79544E-1 3.88876E-1 2.16264E-1 3.49127E-1 3.66477E-1 5.44057E-1 7.46124E-1 4.15378E-1 2.47709E-1 4.69716E-1 2.31719E-1 2.33391E-1 5.42577E-1 1.33629E-1 2.09353E-1 2.68672E-1 -9999 -9999 -9999 -9999 -9999 -9999
8.81491E-1 9.05421E-1 8.21126E-1 4.4255E-1 7.01872E-1 7.05871E-1 6.40638E-1 3.68055E-1 5.6167E-1 2.60029E-1 3.54053E-1 4.85458E-1 6.51778E-1 2.72921E-1 4.34952E-1 1.2535E-2 5.83029E-1 3.95513E-1 4.52794E-1 2.23574E-1 8.45592E-1 6.87589E-2 7.86563E-1 7.2461E-1 6.16477E-1 7.26712E-1 4.02959E-2 5.53797E-1 2.93832E-1 8.75894E-1 6.90773E-1 6.05954E-1 5.8238E-1 2.99214E-1 6.15813E-1 4.46414E-1 6.28884E-1 5.37284E-1 7.13945E-1 6.48746E-1 4.84405E-1 4.914E-1 4.04987E-1 3.25553E-1 3.45141E-1 3.67196E-1 5.65095E-1 5.01696E-1 4.80567E-1 4.13203E-1 4.26862E-1 2.9993E-1 1.08857E-1 -9999 -9999 -9999 -9999 -9999
5.50336E-1 8.34002E-1 7.96138E-1 4.32469E-1 6.9075E-1 2.11558E-1 5.87443E-1 1.35305E-1 5.6335E-1 4.21298E-1 6.1369E-1 5.09532E-1 4.91023E-1 3.19906E-1 7.54059E-1 9.34255E-1 5.67534E-1 3.58689E-1 6.78493E-1 8.0975E-1 8.84535E-1 8.14935E-1 8.40324E-1 4.87134E-1 7.97737E-1 3.25741E-1 3.96373E-1 4.88274E-1 7.07121E-1 6.25647E-1 4.69447E-1 6.79887E-1 4.89766E-1 6.33183E-1 5.4429E-1 3.71276E-1 4.31746E-1 4.75609E-1 5.03843E-1 3.5982E-1 2.21706E-1 4.28464E-1 2.39202E-1 3.24754E-1 2.03428E-1 2.65418E-1 5.24865E-1 4.89723E-1 2.86871E-1 2.00212E-1 2.42586E-1 3.84546E-1 5.86422E-1 4.21781E-2 -9999 -9999 -9999 -9999
5.65089E-1 7.63803E-1 3.01888E-1 8.19785E-1 3.14881E-1 1.93568E-1 4.81209E-1 6.62744E-1 2.88952E-1 4.08397E-1 1.60469E-1 3.97223E-1 2.8407E-1 3.03347E-1 3.9084E-1 2.89325E-1 6.00825E-1 5.96973E-1 8.18501E-1 5.44554E-1 6.04226E-1 9.45092E-1 2.9365E-1 7.27091E-1 7.5539E-1 3.38655E-1 7.69833E-1 5.80288E-1 3.46194E-1 5.88689E-1 3.72537E-1 5.98796E-1 9.06216E-1 7.479E-1 4.1305E-1 3.75842E-1 2.73208E-1 5.62034E-1 4.79376E-2 2.92592E-1 4.44108E-1 3.29218E-1 1.71047E-1 1.32378E-1 3.29959E-1 2.60757E-1 5.09591E-1 2.12104E-1 7.90454E-1 3.51975E-1 5.55847E-1 1.64184E-1 4.49355E-1 1.23136E-2 2.5596E-3 -9999 -9999 -9999
4.67246E-1 5.50637E-1 4.56436E-1 8.21922E-1 1.0422E-1 2.63182E-2 4.95213E-1 5.44983E-1 5.0923E-1 2.50824E-1 6.61347E-1 4.44557E-1 2.50648E-1 1.47763E-1 1.55957E-1 4.88439E-1 3.46003E-1 7.13122E-1 7.88767E-1 8.49333E-1 5.68276E-1 8.82461E-1 4.25496E-1 3.99555E-1 6.72465E-1 7.2186E-1 5.78713E-1 6.85175E-1 5.78477E-1 6.61904E-1 3.55509E-2 7.41223E-1 6.83869E-1 4.52972E-1 5.69971E-1 5.30939E-1 4.62321E-1 2.27211E-1 4.47237E-1 6.56258E-1 5.82774E-1 1.42002E-1 1.74348E-1 4.06089E-2 3.61472E-1 6.33466E-1 1.4525E-1 5.82074E-1 5.32435E-1 6.13929E-1 5.73521E-1 3.56229E-1 3.27078E-1 1.89689E-3 8.92549E-1 5.18018E-1 -9999 -9999
9.3056E-1 8.97401E-1 8.76692E-1 4.13863E-1 5.50285E-2 8.43867E-2 3.69901E-1 2.84605E-1 4.40484E-1 4.15884E-2 4.21492E-2 4.44374E-1 2.86102E-1 3.82458E-1 2.81971E-1 3.15938E-1 4.90477E-1 7.13238E-1 7.03624E-1 6.29192E-1 9.30975E-1 9.02555E-1 3.89317E-1 4.8547E-1 5.3105E-1 6.75127E-1 3.44534E-1 6.1031E-1 4.89205E-2 2.08744E-1 4.01456E-2 7.31957E-1 6.72894E-1 9.21113E-1 4.68185E-1 5.44526E-1 8.13635E-1 5.78713E-1 4.9128E-1 2.83266E-1 1.58895E-1 2.74055E-1 1.32248E-1 3.24069E-1 4.24081E-1 1.96415E-1 4.30701E-1 2.2435E-1 4.87472E-1 5.37329E-1 3.4508E-1 3.07569E-1 5.62129E-1 1.21874E-1 4.95987E-1 5.49924E-2 -9999 5.11321E-3
4.34224E-1 9.33247E-1 8.20767E-1 5.28671E-1 5.24594E-1 1.67133E-1 7.02254E-1 6.85855E-1 2.91686E-2 5.88111E-1 4.63523E-1 5.6898E-1 6.74643E-1 2.11515E-2 9.82185E-2 3.88838E-2 6.49496E-1 5.22182E-1 9.05079E-1 8.40699E-1 6.853E-1 5.93723E-1 5.9835E-1 6.55545E-1 8.60924E-1 2.8714E-1 7.08336E-1 7.70426E-1 4.4594E-1 6.14718E-1 6.42314E-1 5.64546E-1 2.29799E-1 6.5203E-1 5.75469E-1 5.52763E-1 5.02729E-1 4.17189E-1 4.49529E-1 4.66065E-1 3.53416E-1 2.04826E-1 1.12482E-1 3.32096E-1 4.68465E-1 4.93875E-2 9.11255E-3 1.98515E-2 2.89686E-1 1.9377E-1 4.87069E-1 2.08351E-1 1.0123E-1 6.07027E-1 3.25661E-1 3.88971E-2 -9999 -9999
2.1707E-1 6.00859E-1 6.84376E-1 7.20426E-1 4.72085E-1 6.64553E-1 4.17477E-1 5.96769E-1 5.17798E-1 4.58993E-1 1.96953E-1 3.27014E-2 6.17204E-1 6.48452E-1 4.81069E-1 5.2071E-1 7.52581E-1 3.26461E-2 6.81691E-1 5.74963E-1 6.44596E-1 5.8983E-1 6.30717E-1 5.15871E-1 8.24172E-1 7.6802E-1 7.7497E-1 6.78332E-1 7.50946E-1 6.93113E-1 4.18318E-1 6.59497E-1 5.44299E-1 4.25723E-1 8.98845E-1 3.0484E-1 5.62804E-1 5.91852E-1 6.48634E-2 2.24561E-1 4.1268E-1 2.12063E-1 2.70717E-1 3.81226E-1 3.668E-1 7.09988E-2 1.09246E-2 2.86577E-2 6.24001E-2 5.73857E-1 4.84058E-1 1.80205E-1 3.15461E-1 1.13624E-1 1.31792E-1 6.93365E-2 6.64005E-1 -9999
8.44886E-1 7.17181E-2 3.72414E-1 6.6697E-1 9.11195E-1 1.35247E-1 6.23678E-1 5.95413E-1 4.81653E-1 6.97446E-1 7.95273E-1 9.03342E-1 4.76107E-1 6.40729E-1 6.79916E-1 6.34986E-1 8.16321E-1 7.7755E-1 6.67545E-1 8.25066E-1 6.75732E-1 6.12466E-1 6.05852E-1 7.22531E-1 7.12705E-1 6.47721E-1 6.87849E-1 4.40734E-1 6.42852E-1 5.87887E-1 7.34422E-1 5.10845E-1 2.89572E-1 6.53829E-1 4.20738E-1 5.84284E-1 9.67521E-1 3.93206E-1 7.28498E-1 4.69915E-1 2.05288E-2 6.97088E-1 5.78461E-1 6.13951E-1 3.08452E-1 4.02388E-1 1.94965E-1 3.19269E-1 1.50173E-1 3.29083E-1 3.66456E-1 3.74085E-1 1.25819E-1 5.49615E-1 3.81482E-1 7.58143E-2 5.05093E-1 3.39461E-1
8.86188E-1 5.00641E-1 7.92354E-1 3.87429E-1 5.47509E-1 1.93182E-1 6.77458E-1 6.33663E-1 2.46025E-1 2.46999E-1 5.48181E-1 4.11375E-1 5.09124E-1 5.72478E-1 6.52737E-1 7.02029E-1 6.89107E-1 5.22638E-1 7.13874E-1 7.07272E-1 7.04802E-1 8.27083E-1 8.13496E-1 9.1793E-1 7.29707E-1 6.37295E-1 3.89511E-2 3.57207E-1 7.07245E-1 4.09833E-1 6.7951E-1 5.0997E-1 7.11247E-1 5.91493E-1 8.4752E-1 7.77759E-1 7.00387E-1 7.19656E-1 4.85244E-1 6.50741E-1 3.57924E-1 6.51078E-1 5.89252E-1 4.45024E-1 3.80241E-1 8.17867E-2 3.25693E-1 2.75039E-1 2.33727E-1 2.46089E-1 5.06927E-1 6.20379E-1 3.9895E-1 5.79918E-1 1.30611E-1 1.77241E-1 7.81678E-2 3.71339E-1
6.97223E-1 8.85173E-1 8.33886E-1 6.06211E-1 3.37926E-1 2.92969E-1 8.00815E-1 8.00296E-1 7.51993E-2 7.48471E-1 7.6902E-1 7.4987E-1 4.11895E-1 4.80878E-1 7.04784E-1 8.77711E-1 7.03039E-1 6.7236E-1 7.39882E-1 5.67525E-1 7.79404E-1 7.10904E-1 8.03451E-1 7.77563E-1 5.74664E-1 6.5633E-1 5.35289E-1 5.73692E-1 6.59015E-1 6.50659E-1 3.86944E-1 7.07722E-1 6.2172E-1 4.783E-1 4.2306E-1 3.15297E-2 7.92525E-1 7.64803E-1 3.96957E-2 5.31593E-1 7.56588E-1 2.72884E-1 6.86464E-1 6.15268E-1 6.73293E-1 4.65757E-1 4.9144E-1 4.41946E-1 5.90099E-1 3.62254E-1 1.23544E-1 3.9642E-1 5.04753E-1 3.02249E-1 6.84252E-1 5.79162E-1 2.46116E-2 2.70659E-1
7.93738E-1 5.91399E-1 5.97256E-1 9.62214E-1 3.90835E-1 7.88128E-1 6.45497E-1 6.53735E-1 6.00274E-1 1.82601E-1 7.9319E-1 5.60651E-1 5.01083E-1 6.29387E-1 6.36947E-1 2.69541E-1 6.16233E-1 5.61132E-1 8.71453E-1 5.92021E-1 7.97017E-1 8.04288E-1 5.93012E-1 5.64305E-1 6.28124E-1 5.7458E-1 5.2438E-1 5.53689E-1 5.91595E-1 7.38698E-1 6.94342E-1 3.99834E-1 4.86371E-1 5.08808E-1 5.39896E-1 7.43266E-1 6.15469E-1 6.05901E-1 2.76314E-1 6.19363E-1 5.16302E-1 5.34431E-2 7.46161E-1 4.88904E-1 5.20855E-1 6.46921E-1 4.47871E-1 4.13075E-1 2.63312E-1 5.50729E-1 2.76601E-1 3.60686E-1 4.46406E-1 2.28461E-1 4.02354E-1 2.02692E-1 2.37237E-1 1.28321E-1
4.73655E-1 7.25454E-1 6.65839E-1 7.06247E-1 8.96244E-1 9.80247E-1 1.11244E-1 6.04863E-1 1.00956E-1 5.04211E-1 2.02739E-1 6.53417E-1 4.14053E-1 6.31715E-1 7.18378E-1 7.32851E-1 7.4646E-1 7.23249E-1 6.37528E-1 4.3229E-1 7.82354E-1 9.37407E-1 6.17264E-1 6.60736E-1 3.46022E-2 3.49843E-2 4.6607E-1 8.24611E-1 7.64502E-1 4.51371E-1 5.50602E-1 6.69556E-1 3.50311E-1 3.47285E-1 3.6149E-1 4.74961E-1 6.96711E-1 6.98451E-1 3.15768E-1 6.98811E-1 3.04851E-1 3.85287E-1 5.54041E-1 4.90828E-1 5.91468E-1 4.11091E-1 5.76979E-1 2.3849E-1 7.43244E-1 2.96345E-2 3.98097E-1 3.34284E-1 7.04903E-1 6.39047E-1 3.11722E-1 6.23818E-1 3.8612E-1 1.50845E-1
6.03509E-1 6.70047E-1 4.15009E-1 9.68928E-1 8.49423E-1 9.15981E-1 6.25853E-1 7.18547E-1 5.79808E-1 5.19956E-1 5.86866E-1 6.32275E-1 7.65591E-1 2.54259E-1 7.48686E-1 7.79851E-1 6.52718E-1 5.23934E-1 6.8233E-1 7.3718E-1 4.91928E-2 6.55878E-1 7.21593E-1 6.83644E-1 6.94969E-1 9.30817E-1 4.40693E-2 5.80954E-1 6.79699E-1 5.74599E-1 7.28966E-1 4.99436E-1 4.93318E-1 6.44512E-1 6.21663E-1 7.2294E-1 7.83534E-1 3.43263E-2 3.72641E-1 7.43108E-1 5.11665E-1 6.27724E-1 6.30306E-1 3.81427E-1 5.73272E-2 6.36523E-1 5.35644E-1 4.02196E-1 5.08762E-1 6.66638E-1 2.04902E-1 6.33289E-1 2.28454E-1 2.28585E-1 5.01974E-1 2.71742E-1 5.89608E-1 3.60839E-1
5.24439E-1 8.71069E-1 6.34523E-1 7.10785E-1 3.1346E-1 4.98462E-2 7.20635E-1 6.4349E-1 5.01374E-1 5.25468E-1 5.93056E-1 6.14891E-1 6.53241E-1 8.51915E-1 6.87006E-1 6.80088E-1 5.63627E-1 5.04532E-1 5.36237E-1 6.80144E-1 7.16196E-1 7.1683E-1 1.83119E-1 4.48992E-1 5.49636E-1 6.75276E-1 3.59546E-1 7.37885E-1 9.08991E-1 6.21333E-1 8.06189E-1 6.70595E-1 7.42249E-1 3.32994E-1 4.35274E-1 3.69618E-1 5.04816E-1 8.68037E-1 4.10146E-1 8.35432E-1 3.79511E-1 4.55896E-2 5.36236E-1 6.89854E-2 5.04411E-1 6.11552E-1 4.7172E-1 8.92238E-1 8.54205E-1 3.78703E-1 3.92785E-1 3.10568E-2 3.7546E-1 5.48254E-1 4.63676E-1 1.96987E-1 1.11625E-1 4.9005E-1
7.25834E-1 7.06951E-1 6.53988E-1 8.87942E-1 6.77562E-1 7.46218E-1 6.95171E-1 7.18388E-1 7.15852E-1 4.71428E-1 5.57085E-1 7.15196E-1 6.16373E-1 6.87558E-1 7.10944E-1 5.63772E-1 7.18746E-1 6.35727E-1 5.70202E-1 6.95993E-1 6.76231E-1 5.35272E-1 3.43307E-1 6.53913E-1 7.92887E-1 7.58316E-1 7.17558E-1 6.03604E-1 8.94602E-1 5.55465E-1 9.28408E-1 6.33288E-2 7.52E-1 6.14368E-1 6.44879E-1 6.34042E-2 3.70099E-1 5.86357E-1 3.75818E-1 7.24454E-1 6.32368E-1 3.60639E-1 4.09464E-1 7.72598E-1 3.9303E-1 6.46146E-1 3.58092E-1 4.55823E-1 5.99252E-1 5.94519E-1 1.50402E-1 2.07581E-1 2.37269E-1 3.89134E-1 4.79007E-1 3.77038E-1 5.48726E-1 4.41249E-1
4.26685E-1 6.06722E-1 7.55221E-1 6.06767E-1 9.81292E-1 3.51807E-1 6.89167E-1 8.79053E-1 7.16258E-1 5.49519E-1 7.22497E-1 3.4592E-2 8.77434E-1 5.30515E-1 8.36654E-1 8.03571E-1 6.72599E-1 5.57021E-1 9.03449E-1 7.75932E-1 7.99749E-1 7.71688E-1 6.11962E-1 7.80566E-1 6.69852E-1 7.53522E-1 2.84845E-1 8.85198E-1 6.39505E-1 7.2763E-1 5.59565E-1 5.26313E-1 8.19026E-1 5.81908E-1 5.85395E-1 6.0155E-1 7.93883E-1 6.38426E-2 5.23746E-1 3.70675E-1 7.90152E-1 6.94529E-1 6.52527E-1 4.4304E-1 1.9763E-1 3.52187E-1 4.73498E-1 4.08403E-1 4.53614E-1 3.79699E-1 4.70658E-1 2.43447E-1 2.8852E-1 4.70253E-1 3.87883E-1 3.10055E-1 4.15942E-1 3.96307E-1
6.23502E-1 7.38729E-1 5.90965E-1 4.08795E-1 1.36303E-1 5.04362E-1 7.83813E-1 9.41423E-1 4.90602E-1 8.33448E-1 8.0683E-1 8.66448E-1 6.50045E-1 7.39595E-1 8.41495E-1 5.41393E-1 4.52207E-1 8.09483E-1 5.27512E-1 5.6101E-1 1.57599E-1 6.66632E-1 1.41522E-1 7.4397E-1 7.58058E-1 6.86882E-1 7.39772E-1 6.46462E-1 1.42103E-1 2.16355E-1 4.39122E-1 3.32981E-1 5.14086E-1 7.43216E-1 6.196E-1 3.28409E-1 6.04365E-1 5.35207E-1 4.15618E-1 5.28084E-1 4.08146E-1 3.04219E-1 7.30919E-1 6.74322E-1 2.52907E-1 7.56208E-2 6.29571E-1 6.09067E-1 4.49784E-1 3.64678E-1 5.00053E-1 3.27472E-1 4.77148E-1 4.91114E-1 5.82603E-1 6.50265E-2 5.25377E-1 4.33457E-2
6.38519E-2 4.99476E-1 6.33032E-1 3.07201E-1 8.85255E-1 7.38139E-1 6.79543E-1 8.82825E-1 7.2978E-1 1.09671E-1 6.56673E-1 5.07685E-1 8.54095E-1 7.19519E-1 3.29957E-2 3.90723E-1 7.67966E-1 2.53118E-1 2.72286E-1 8.66226E-1 7.25815E-1 4.12938E-1 5.44928E-1 6.49466E-1 6.00104E-1 7.33793E-1 7.75676E-1 7.48877E-1 7.43266E-1 4.61859E-1 6.07845E-1 3.26805E-1 5.32338E-1 7.25185E-1 3.74552E-1 8.95344E-1 6.35058E-1 6.02812E-1 5.35392E-1 4.35292E-1 5.35073E-1 5.51748E-1 3.33346E-1 5.62789E-2 6.16E-1 5.45363E-1 3.64916E-1 6.75733E-1 4.13917E-1 2.68131E-2 2.5598E-1 4.26852E-1 4.9804E-1 6.32763E-1 2.92465E-1 2.73643E-1 6.1826E-1 3.66289E-1
