outputs/pantheraTigris_2.asc
ncols         290
nrows         290
xllcorner     68.0
yllcorner     8.0
cellsize      0.1
NODATA_value  -9999
[rows 208 to 233 of 290, columns 174 to 231 of 290]
6.41637E-2 4.27183E-1 8.71667E-2 3.38658E-1 9.93195E-2 1.59365E-2 1.01612E-1 7.74392E-2 1.74533E-1 1.08261E-1 7.55337E-2 8.9756E-2 6.80896E-2 2.49045E-2 1.3024E-2 1.26743E-2 4.79107E-3 1.81633E-2 1.64195E-2 6.32681E-2 5.38837E-2 3.31511E-2 2.67226E-3 2.26377E-2 7.95033E-2 7.65626E-2 9.53801E-3 4.24615E-2 7.89842E-2 1.22301E-2 6.95319E-2 2.57281E-1 2.4216E-1 1.91007E-2 2.64681E-2 2.17314E-2 5.6687E-2 3.48003E-2 7.12607E-2 8.71246E-3 2.70042E-2 9.0664E-2 5.39789E-2 3.30197E-3 6.2227E-2 8.68435E-2 7.98644E-2 7.49376E-2 8.35937E-3 7.45101E-2 1.14555E-1 1.44178E-1 2.47778E-2 5.45659E-2 5.85734E-2 6.60954E-2 1.16765E-3 3.24748E-2
3.47796E-1 2.66825E-2 1.54985E-1 6.24042E-2 6.99695E-2 5.34894E-2 2.10087E-1 4.43674E-2 4.12367E-2 8.79501E-2 1.23082E-1 3.86908E-2 1.74471E-2 3.43532E-2 2.9527E-3 6.6463E-2 2.34834E-2 7.71361E-3 4.3797E-2 4.72959E-2 4.04527E-3 1.22694E-1 2.09512E-2 2.39869E-2 8.17692E-2 4.11826E-2 1.89294E-2 4.22715E-2 1.14505E-1 8.61282E-3 1.72986E-2 9.63021E-2 1.56921E-1 1.02038E-1 6.99462E-2 6.51045E-2 5.67199E-3 1.09765E-2 8.87783E-2 8.20303E-3 8.65268E-2 7.39127E-2 5.07109E-2 3.34259E-2 5.90029E-2 1.08828E-1 2.02992E-2 2.8249E-2 3.95331E-2 4.21807E-2 5.08104E-2 9.03417E-2 5.82489E-2 9.0754E-2 7.46932E-2 1.96737E-2 1.23071E-3 2.89961E-2
5.81246E-2 1.02044E-1 3.73503E-1 1.02898E-2 3.28416E-2 2.46909E-3 2.4659E-1 6.28988E-2 4.00599E-2 5.5995E-2 3.65822E-2 2.51897E-2 1.18055E-2 4.25552E-2 5.86877E-2 1.23083E-2 1.03839E-2 2.26191E-2 4.71804E-3 4.05353E-3 1.11798E-2 1.67169E-2 2.06787E-2 3.71423E-2 4.20607E-3 1.48418E-2 8.07632E-2 2.13143E-2 3.61588E-2 1.54236E-2 1.69242E-1 3.50496E-2 9.09329E-2 1.21131E-1 1.66433E-2 2.16134E-2 5.90982E-2 3.20731E-2 2.39447E-3 7.5296E-2 4.16375E-2 8.5604E-2 3.89432E-2 1.37638E-1 7.78682E-3 2.13906E-2 6.09563E-2 4.91718E-2 7.35488E-2 1.52143E-1 4.17683E-2 3.66591E-2 3.68435E-2 1.36124E-1 1.13812E-2 6.7419E-2 4.60735E-2 6.85162E-2
3.29876E-3 1.74391E-1 1.0708E-1 3.92139E-1 3.07912E-1 6.58664E-2 5.4085E-2 2.99105E-2 3.6854E-2 7.019E-3 4.38271E-3 8.14834E-2 3.80337E-3 5.02196E-2 4.68979E-2 1.05895E-2 3.65776E-2 9.18629E-3 1.18355E-2 2.61532E-2 8.33116E-3 5.04745E-2 5.16782E-2 2.58582E-2 6.17741E-2 1.62215E-2 8.6128E-2 2.16409E-2 6.80426E-3 1.69867E-2 9.39637E-3 1.88243E-2 3.04847E-2 6.29751E-2 1.76978E-2 1.16919E-1 4.05197E-2 2.53685E-2 1.93086E-2 1.22812E-2 9.24036E-2 3.35776E-2 1.29502E-2 3.93557E-2 9.4038E-3 5.32336E-2 2.25513E-2 1.04827E-1 1.32914E-1 2.97131E-2 4.79765E-2 3.77205E-1 4.8385E-1 7.76248E-2 2.00348E-1 4.24878E-2 8.52388E-2 6.80265E-2
1.11385E-1 1.07195E-1 3.49593E-1 3.50831E-2 6.26867E-2 1.01707E-1 4.76265E-2 8.2878E-2 3.13183E-2 7.61577E-2 2.18044E-2 9.87267E-3 1.54931E-2 4.74463E-2 7.11358E-2 8.72368E-3 1.11873E-2 1.16902E-3 2.00997E-2 8.79034E-2 1.58746E-2 1.6807E-2 1.62096E-2 3.07674E-2 6.33156E-2 1.23162E-2 2.45468E-2 2.3677E-2 7.02571E-2 2.59091E-2 8.25274E-2 3.03383E-1 4.12897E-2 2.30527E-2 2.82098E-2 4.53089E-2 5.77364E-2 2.86337E-2 3.80569E-2 1.59744E-2 6.31398E-2 6.68948E-2 6.9332E-2 2.62854E-2 2.95619E-2 7.04654E-2 3.94935E-2 1.04259E-1 1.5795E-1 1.41431E-2 3.73911E-1 3.13859E-1 2.34827E-1 1.85505E-1 3.91345E-1 7.8558E-2 2.23253E-2 6.43535E-2
1.93595E-2 1.05868E-1 3.32281E-2 5.0743E-3 7.26942E-2 1.76119E-2 1.91747E-1 3.04016E-2 1.44953E-1 3.13544E-2 6.30646E-3 4.75685E-2 8.46542E-3 5.98211E-2 1.05894E-1 3.32583E-2 3.59341E-3 7.93399E-3 1.05695E-3 1.34966E-2 7.35509E-2 1.65671E-2 2.01243E-2 3.46956E-2 3.62771E-2 3.01891E-2 3.31429E-2 3.53664E-2 2.40628E-2 3.45604E-2 6.95889E-2 1.39157E-1 2.30218E-1 3.23797E-2 5.75264E-2 3.3101E-2 6.60214E-2 5.92317E-2 7.05554E-2 2.79133E-2 1.13737E-2 2.71759E-2 2.82382E-1 2.777E-1 3.86389E-1 2.32362E-1 1.13493E-1 3.30517E-2 4.87363E-2 3.93841E-2 5.20944E-2 3.52091E-1 3.39622E-1 7.56197E-2 1.34286E-1 6.633E-2 5.35336E-2 5.8866E-2
3.8542E-2 4.79827E-2 9.86631E-2 6.16811E-2 1.3616E-1 1.731E-2 1.43174E-1 6.20322E-2 7.61826E-3 8.17198E-2 4.35076E-2 1.03733E-1 8.44674E-2 3.19583E-3 1.46918E-2 1.22607E-2 3.62021E-2 7.97529E-2 3.50405E-2 3.75483E-3 3.37268E-2 6.52559E-3 2.34877E-2 1.34251E-2 2.43801E-2 7.90066E-2 7.67464E-2 2.1748E-2 3.11811E-2 1.37921E-2 1.28627E-2 8.3376E-2 7.49837E-2 6.73934E-2 9.05922E-2 2.44972E-2 1.09072E-2 5.96895E-2 4.12626E-2 4.12028E-2 3.43956E-2 3.50646E-2 1.63347E-2 3.995E-2 1.02214E-1 2.75196E-1 2.90611E-2 1.00135E-1 6.20685E-2 7.51319E-2 1.79897E-2 8.00418E-2 1.599E-1 3.81932E-1 3.20339E-1 3.48356E-2 6.04065E-2 4.18497E-2
3.15673E-2 1.17879E-1 1.12013E-1 5.7636E-2 2.14224E-1 1.25821E-1 1.76146E-2 2.7129E-3 4.28116E-3 4.0878E-2 5.22473E-2 8.86652E-2 4.33177E-3 1.32651E-2 1.51438E-3 2.92724E-3 1.14691E-2 4.18933E-2 2.21252E-3 5.98669E-3 1.70302E-2 5.71984E-2 1.97269E-2 9.69138E-3 3.47589E-2 4.68682E-3 2.53956E-2 2.17143E-2 4.47609E-2 1.92318E-2 4.84072E-2 1.49392E-2 9.2987E-2 2.09596E-2 6.98187E-2 2.69814E-2 5.12411E-2 2.28621E-2 2.51826E-2 5.14263E-2 7.55423E-2 2.81097E-2 2.26818E-2 2.18145E-1 1.25326E-1 9.64174E-2 9.5191E-2 5.68135E-2 7.87007E-2 2.96928E-2 7.4162E-2 5.33228E-2 8.22793E-2 3.80034E-1 8.35708E-2 1.54816E-1 4.8425E-2 2.81279E-1
1.59638E-2 8.41355E-3 8.48455E-4 4.6962E-2 1.29849E-4 1.68239E-1 4.80844E-3 2.9608E-2 4.67314E-2 6.27016E-2 3.63766E-2 2.19177E-3 3.77436E-2 1.09084E-2 3.83419E-2 4.21563E-2 2.29268E-2 2.84401E-2 3.48648E-3 5.19139E-3 8.87567E-2 4.86567E-2 2.25081E-2 1.31511E-2 4.92252E-2 5.86246E-2 2.62411E-2 7.10531E-2 3.74506E-2 1.58779E-2 5.15987E-2 7.45126E-2 9.39119E-2 1.56941E-2 4.07127E-1 8.30056E-2 1.15416E-1 6.51076E-1 4.52065E-1 6.49118E-3 1.87874E-1 2.18482E-1 1.40077E-2 3.41514E-1 8.57952E-2 1.13991E-1 2.50679E-2 1.04561E-1 4.11125E-2 7.35415E-2 9.12951E-2 1.10519E-1 2.58684E-2 2.17149E-1 4.99197E-1 1.66431E-1 7.23522E-2 1.33489E-1
4.40901E-2 5.14098E-2 4.56158E-3 2.41073E-3 1.15914E-2 9.68867E-3 6.74887E-2 1.33002E-1 8.14393E-3 1.02127E-2 3.76639E-2 1.04664E-3 1.06541E-1 9.07692E-3 3.92852E-2 1.14683E-1 2.16683E-2 9.71953E-3 2.71939E-2 1.02093E-3 2.9182E-2 9.6431E-2 2.38214E-2 6.35124E-2 1.9954E-2 2.15989E-2 1.57922E-2 1.36026E-2 1.32892E-1 1.27768E-2 1.22073E-1 1.79516E-2 4.75456E-2 1.41675E-2 2.40708E-2 3.27346E-2 1.08405E-2 2.03679E-2 3.10674E-2 2.37078E-2 5.69183E-2 5.11937E-2 6.30329E-2 1.29473E-1 3.43624E-2 2.95609E-2 5.58487E-2 7.68817E-2 1.86855E-2 6.21467E-2 2.3876E-2 1.17467E-1 1.30124E-2 8.30039E-2 1.05126E-1 3.53024E-2 1.15497E-2 1.79786E-2
2.5201E-2 2.99092E-1 1.41554E-2 6.26395E-2 1.90841E-1 8.64101E-3 4.72837E-3 2.94242E-2 4.01034E-3 9.5691E-3 1.02253E-3 1.77715E-3 3.72167E-3 6.62938E-3 7.63977E-3 8.74759E-3 1.08367E-3 1.0008E-3 3.32618E-2 1.36011E-2 2.48178E-2 7.51975E-2 1.8495E-2 9.43852E-2 1.20752E-1 5.02355E-3 1.83132E-2 5.22244E-2 3.33941E-2 8.12093E-3 7.85716E-2 5.94607E-2 2.61899E-2 8.41502E-2 3.80594E-2 1.04291E-2 2.1846E-2 2.27318E-2 3.6826E-2 2.45025E-2 1.97281E-1 1.11888E-2 4.169E-2 8.02472E-2 3.05634E-2 9.3441E-2 6.45073E-2 7.80308E-2 1.03156E-1 1.02938E-1 8.46142E-2 9.64093E-2 1.12026E-1 2.79724E-2 1.15718E-1 8.09359E-2 1.76112E-1 7.17718E-2
3.93589E-4 4.5552E-4 7.87709E-3 3.86622E-3 2.0547E-2 3.2956E-2 1.05683E-3 1.91347E-3 3.54197E-3 8.10903E-4 3.50391E-2 4.95911E-3 1.20489E-2 2.06542E-2 4.52631E-4 8.34419E-3 4.26059E-2 9.9624E-3 1.58346E-3 2.56841E-2 1.82156E-2 2.53225E-2 1.32957E-2 2.61118E-2 2.18979E-2 7.13592E-2 6.21155E-2 5.82825E-2 1.37075E-2 1.53057E-2 8.61376E-2 2.51672E-2 1.77964E-2 1.33325E-2 3.03474E-2 1.06648E-1 1.04972E-2 1.43438E-1 4.33157E-2 5.42395E-2 6.21988E-2 3.7471E-2 1.01933E-1 2.72932E-2 5.95265E-2 6.23812E-2 5.3719E-2 1.38738E-1 2.76205E-2 6.80128E-2 4.04716E-2 1.53572E-2 2.47836E-1 1.7948E-2 5.79786E-2 1.85253E-1 1.2478E-1 2.4116E-2
7.99195E-2 4.22543E-3 3.66061E-2 1.93338E-3 2.11739E-3 3.21137E-2 7.26912E-3 1.85871E-2 5.97585E-2 6.32461E-4 2.40819E-3 3.65706E-2 3.18916E-2 3.3427E-2 4.97509E-4 3.82303E-4 1.0011E-3 1.27502E-2 1.63569E-3 2.04335E-3 3.08403E-2 4.12472E-2 8.51965E-2 3.18785E-2 6.64393E-3 1.90828E-2 1.14205E-2 2.8273E-2 4.11921E-2 5.76571E-2 2.00003E-2 1.72718E-2 9.21944E-2 1.1295E-2 2.2001E-2 5.06269E-2 1.80067E-2 4.35864E-2 6.73141E-2 1.53522E-2 7.16247E-2 2.35044E-3 6.6411E-2 2.23253E-1 4.89275E-2 4.906E-2 1.1538E-1 3.14845E-2 8.00884E-2 1.27032E-1 4.17368E-2 1.11096E-1 1.06709E-1 1.81375E-1 1.0588E-1 1.3408E-1 1.18759E-1 7.41681E-2
3.84218E-4 4.76486E-4 4.61033E-2 6.84586E-3 1.80658E-2 1.33685E-3 9.70169E-3 3.59442E-2 2.55606E-2 7.19452E-3 4.79859E-3 4.4841E-3 3.24635E-2 1.83523E-3 2.83016E-3 1.14985E-2 6.56981E-2 9.34558E-3 1.36237E-2 1.96581E-2 5.91375E-2 3.5524E-3 2.4661E-2 4.26806E-3 3.28653E-3 5.19019E-3 2.7225E-2 1.29925E-2 2.27432E-2 6.91854E-2 3.55943E-3 1.43721E-2 5.36156E-2 5.47796E-2 4.22881E-3 8.21563E-3 1.70169E-2 1.84706E-2 4.15439E-3 5.51547E-3 3.90953E-2 8.21293E-2 5.26551E-3 4.68073E-2 8.63321E-2 4.26877E-2 1.19573E-1 3.92881E-2 3.02202E-2 7.09753E-2 7.91618E-2 3.08556E-2 1.14283E-1 6.83167E-2 2.21764E-2 1.47544E-1 1.93197E-1 6.2909E-2
4.5258E-2 4.03561E-3 3.01321E-4 3.16259E-3 1.31139E-2 2.7372E-2 1.82253E-2 2.02581E-3 6.75767E-3 1.80356E-3 3.2782E-3 1.0836E-3 1.91708E-3 1.89561E-3 4.07304E-3 5.63768E-3 2.87592E-2 2.0845E-3 4.185E-3 2.12889E-2 5.15072E-2 1.75459E-2 9.21822E-3 7.42619E-2 1.41374E-2 1.50147E-2 1.73796E-2 5.01803E-2 9.2347E-3 4.7559E-2 3.18502E-2 1.29984E-2 1.06846E-1 6.12854E-3 1.18742E-2 6.10633E-3 3.74651E-2 2.23862E-2 6.90999E-2 1.07522E-2 8.90359E-3 1.6552E-1 5.72503E-2 4.48786E-2 2.69879E-2 1.61224E-2 1.84935E-2 7.38931E-2 1.57399E-1 4.42526E-2 6.02163E-2 5.51307E-3 7.80458E-2 2.75852E-2 7.58274E-2 1.39804E-1 2.60363E-2 7.31159E-2
6.00805E-2 2.79773E-2 4.48243E-2 1.36092E-2 3.68896E-4 1.63208E-3 7.02415E-3 2.36489E-3 3.60515E-4 7.31327E-3 1.0681E-2 2.54712E-2 3.69876E-3 1.00268E-2 2.07308E-3 3.86368E-3 1.11074E-2 4.32709E-4 1.45317E-2 9.92576E-3 3.29464E-3 7.77076E-2 4.85076E-3 3.42371E-2 5.85168E-2 4.92501E-2 2.08849E-2 3.61754E-3 6.07E-4 1.48209E-2 8.51452E-2 3.51823E-2 1.88321E-2 1.07363E-2 2.99942E-2 5.27733E-2 9.63688E-2 3.78332E-2 4.05818E-2 3.7025E-2 4.75469E-2 7.08158E-2 9.42595E-2 4.14857E-2 6.07744E-2 5.07223E-2 3.63253E-2 1.89047E-2 2.50392E-2 8.71291E-2 6.33226E-2 4.00093E-2 8.4656E-2 4.1562E-2 6.45625E-2 7.73015E-2 6.0337E-2 1.8309E-1
6.67731E-3 3.82853E-2 3.85463E-3 4.18439E-2 2.66303E-3 1.68389E-2 4.24688E-2 2.45265E-2 5.35738E-2 3.15692E-3 3.87063E-2 1.88941E-2 7.80298E-3 6.95404E-2 6.16495E-3 2.9768E-2 8.47792E-3 8.83092E-2 8.01539E-2 3.74446E-3 9.04208E-3 8.43863E-2 8.55261E-2 7.60956E-3 8.82755E-3 5.25657E-3 3.28225E-2 9.94203E-2 1.24435E-2 9.81612E-3 4.65612E-3 1.51371E-2 3.24655E-2 2.19189E-2 6.80718E-2 8.48197E-3 1.50099E-2 5.45901E-3 6.92595E-3 1.84759E-2 1.0917E-1 2.17131E-2 1.8936E-3 6.77099E-4 3.76302E-2 4.25952E-2 2.67074E-2 6.62121E-3 2.95548E-2 2.78887E-2 8.72122E-2 3.7457E-2 8.40003E-2 8.74592E-2 6.35955E-2 6.88735E-2 1.3406E-1 6.95746E-2
3.91624E-3 7.19874E-2 3.96634E-2 1.7252E-4 7.56424E-3 3.65458E-3 4.94241E-3 2.47561E-2 2.71342E-3 1.5582E-2 1.94809E-2 2.10375E-2 3.31053E-2 5.99815E-2 6.72195E-3 1.8079E-2 5.00341E-3 4.77111E-2 4.40484E-2 3.23747E-3 1.9377E-2 1.5223E-3 2.93911E-3 8.6043E-2 3.40305E-3 5.73219E-2 5.62431E-3 1.0472E-2 9.48979E-3 7.67184E-2 3.67909E-3 4.271E-2 9.40728E-2 1.69871E-2 1.30018E-2 2.59538E-2 1.87489E-3 2.36031E-3 4.41384E-2 5.70568E-2 7.48376E-3 1.36537E-2 5.48627E-3 1.24039E-2 1.1813E-2 5.64936E-2 2.27044E-2 5.81887E-3 1.40839E-1 5.25684E-2 4.82507E-2 2.89243E-2 1.57787E-2 8.45055E-2 2.02411E-2 8.13312E-2 2.74321E-2 4.78604E-1
1.0603E-2 4.07744E-3 6.16135E-3 2.82338E-4 2.83772E-2 2.52935E-2 1.34273E-2 2.99981E-2 4.23482E-2 1.88801E-2 2.39064E-2 5.40045E-3 4.83012E-2 1.48971E-2 4.66572E-2 1.33459E-2 7.70061E-3 2.14194E-2 7.79163E-4 7.40064E-2 2.05919E-2 2.7448E-2 3.14898E-2 5.13397E-3 9.86771E-3 9.68583E-2 2.3388E-2 2.18631E-2 3.10735E-2 4.56062E-2 3.31252E-2 8.28113E-3 9.10541E-2 1.33187E-2 4.30814E-2 7.38553E-2 5.83828E-3 5.81009E-2 5.90113E-2 1.32301E-2 9.04142E-3 1.7916E-3 3.49799E-2 9.5948E-2 3.90459E-3 4.44399E-2 3.64223E-2 4.62372E-2 2.70724E-2 3.24923E-2 3.48638E-2 1.44727E-1 1.6576E-1 4.01822E-2 3.29682E-2 7.43432E-2 1.09345E-1 1.53675E-1
2.02857E-4 2.67849E-2 8.58338E-3 5.21625E-3 7.61673E-3 3.92783E-2 3.4676E-2 2.10201E-2 3.96364E-2 9.25168E-3 1.99809E-3 2.00172E-2 6.8897E-3 7.62444E-3 3.01733E-2 7.81231E-4 3.19388E-2 6.93348E-2 1.83808E-3 6.17816E-3 3.80278E-2 6.96715E-2 1.46966E-2 4.10568E-4 4.36774E-4 3.70403E-2 1.82729E-2 2.9248E-2 6.87124E-3 2.64815E-2 5.66943E-2 5.38204E-2 5.88848E-3 3.27807E-3 1.53363E-2 1.84997E-2 5.89159E-2 4.8697E-2 3.71107E-2 3.89755E-2 1.45075E-2 6.26272E-3 3.287E-2 6.11617E-2 1.34834E-2 1.26701E-2 2.9985E-2 8.07655E-2 7.01494E-2 6.71734E-2 1.13022E-1 6.8891E-4 1.98283E-1 1.75364E-1 5.05389E-2 3.19641E-2 4.55142E-2 3.08665E-1
7.3384E-3 8.59019E-3 4.29171E-2 2.09664E-3 2.28554E-3 2.31492E-2 3.21927E-2 1.69214E-3 1.23617E-2 6.14407E-2 5.38216E-2 6.03748E-2 4.55125E-2 6.94578E-2 1.02336E-2 1.38655E-3 9.69516E-4 5.38482E-3 8.30847E-3 1.55904E-3 3.88125E-2 1.01519E-2 4.86909E-3 2.66126E-2 3.08952E-3 3.58169E-3 7.5986E-2 2.18165E-3 2.31982E-2 4.61709E-2 6.54631E-3 3.61161E-2 9.47778E-3 7.88904E-3 4.45391E-2 6.64752E-2 2.10218E-3 2.1112E-2 2.27629E-2 2.22652E-3 8.23157E-3 4.6529E-2 1.14848E-2 3.26363E-3 2.02927E-2 9.12755E-2 1.04684E-2 6.01013E-2 5.4147E-2 1.32264E-1 5.51225E-4 6.49871E-3 7.0018E-2 6.25405E-2 3.30365E-2 7.40228E-2 9.13399E-2 9.57316E-2
6.64774E-2 9.67099E-4 1.2365E-3 1.21634E-2 1.38248E-2 4.48825E-2 4.77787E-2 4.14805E-3 3.81266E-2 2.70486E-3 1.72017E-3 5.49045E-2 1.27442E-2 6.75049E-3 4.07383E-2 1.31084E-2 1.6104E-3 1.33474E-2 5.25708E-2 4.61565E-2 6.25492E-2 2.18979E-3 5.97759E-4 7.23595E-3 5.546E-3 1.74361E-2 9.58947E-3 4.74537E-3 1.82612E-2 4.3847E-2 6.92896E-2 9.65822E-3 9.73047E-3 1.53631E-2 7.84815E-2 8.10797E-2 9.58723E-2 7.34672E-2 2.31243E-2 8.60776E-2 5.75655E-2 4.29777E-2 9.18697E-2 7.65997E-3 1.25684E-2 2.1177E-2 7.50908E-2 5.81475E-2 2.21163E-2 8.09973E-2 9.49126E-3 1.97481E-2 1.27307E-2 4.12196E-3 8.64419E-2 8.42084E-2 1.21785E-1 8.80916E-2
1.56551E-3 4.43705E-3 6.22749E-2 3.14776E-2 5.23773E-4 1.05897E-2 2.34231E-2 1.09033E-3 2.35916E-3 3.49408E-3 5.35401E-2 7.64189E-2 1.19261E-1 1.99529E-3 6.6293E-2 2.97454E-3 8.92967E-3 5.97863E-3 6.59638E-3 2.80123E-2 3.16812E-3 4.37825E-2 8.30774E-3 1.61194E-2 1.09751E-2 6.88232E-3 3.25967E-2 6.57346E-2 2.16659E-2 7.17488E-2 4.36009E-2 5.73036E-2 2.3344E-2 6.62127E-2 1.02809E-1 1.42038E-2 7.08292E-2 4.26564E-2 9.22688E-3 6.30144E-2 3.68208E-3 1.4649E-2 7.32673E-2 5.0903E-2 4.52712E-2 3.26749E-2 1.2293E-1 5.8529E-2 4.67414E-2 5.34209E-2 7.11795E-2 8.53112E-3 3.85412E-2 3.0941E-2 6.82472E-2 6.54677E-2 6.78044E-2 6.24837E-2
6.35078E-4 3.09365E-2 8.56717E-4 6.53048E-3 2.09721E-2 1.00334E-2 6.45827E-3 1.04374E-3 1.21883E-3 3.44033E-2 1.03417E-2 9.43915E-3 2.81057E-2 2.87127E-2 2.37311E-2 2.92825E-3 2.90274E-3 1.14364E-2 2.18248E-2 2.19616E-2 5.21752E-3 6.83641E-3 7.76929E-2 6.94358E-2 2.36581E-2 1.98137E-3 2.67854E-2 5.33511E-3 3.69984E-3 3.08134E-2 6.94233E-2 1.06315E-2 4.02194E-2 1.35105E-2 8.64146E-3 6.80452E-2 3.79251E-2 3.31026E-2 8.52762E-2 2.84819E-2 2.61207E-3 1.17582E-2 3.75316E-2 6.93182E-2 7.21935E-3 1.46153E-1 1.37434E-1 4.13806E-2 1.86674E-2 2.44584E-2 2.38264E-2 8.82802E-2 7.98825E-2 7.16325E-2 3.42355E-2 1.07377E-2 7.78739E-2 7.93116E-2
4.69597E-2 2.45513E-2 1.03708E-3 2.77559E-4 5.27621E-5 2.44735E-3 4.81726E-2 7.17135E-3 1.66184E-2 4.16458E-2 1.99138E-2 4.74479E-2 8.06325E-3 8.05628E-2 6.85016E-2 7.26499E-2 5.95257E-3 1.85367E-2 3.13053E-2 6.11562E-2 1.0309E-2 3.27288E-2 4.89786E-2 4.26035E-3 2.77385E-2 2.85697E-3 3.42718E-2 3.20578E-2 2.35138E-2 6.73925E-2 6.47331E-3 2.00717E-3 1.47278E-2 1.50295E-2 5.61222E-3 1.12725E-2 6.40274E-2 9.1542E-2 6.52168E-3 8.99295E-2 1.24115E-2 3.79086E-2 3.75294E-2 5.39306E-2 2.06223E-2 5.33941E-2 4.63224E-2 4.15614E-2 4.91457E-2 5.44128E-2 5.55784E-2 1.03164E-1 8.46666E-2 8.84483E-2 5.55597E-2 6.11293E-2 4.91753E-2 1.75782E-3
1.01093E-2 3.94571E-2 6.45198E-2 9.60174E-4 3.92272E-3 3.07659E-2 7.80935E-3 2.8447E-3 8.85783E-3 2.46594E-3 8.70749E-2 2.38946E-3 9.50448E-3 3.90148E-2 2.05142E-2 1.44945E-2 1.97955E-2 3.98978E-2 4.76193E-3 4.26188E-2 1.03395E-2 5.98406E-2 6.59948E-2 1.41682E-2 1.09256E-2 1.85911E-2 4.93573E-2 7.03567E-3 6.04454E-2 5.56091E-2 1.97341E-3 6.33382E-2 2.57808E-2 6.49063E-3 2.06104E-2 1.2616E-2 9.44468E-2 7.97735E-3 7.21163E-2 1.11947E-2 6.94284E-2 6.12437E-2 2.3488E-2 3.30025E-2 5.18352E-2 4.77621E-2 5.8239E-2 1.00444E-1 1.03538E-1 2.69976E-2 1.83373E-2 8.34106E-2 2.65119E-2 4.14239E-2 1.08292E-2 2.1828E-2 5.99895E-2 6.71685E-2
