outputs/pantheraTigris_3.asc
ncols         290
nrows         290
xllcorner     68.0
yllcorner     8.0
cellsize      0.1
NODATA_value  -9999
[rows 156 to 181 of 290, columns 0 to 57 of 290]
-9999 -9999 -9999 -9999 -9999 2.89693E-1 1.93985E-4 5.98374E-2 2.43231E-7 4.48892E-5 3.2105E-2 5.63844E-2 1.95809E-1 7.5603E-1 9.58993E-1 2.4343E-1 1.18889E-1 3.02834E-1 7.8927E-3 2.87829E-3 4.0487E-3 9.36601E-2 2.09868E-2 5.21433E-1 1.96399E-2 8.06031E-2 1.19869E-1 3.95665E-1 7.92636E-2 3.28926E-1 9.64033E-2 3.53818E-3 5.36284E-1 2.73245E-1 2.81472E-2 5.18185E-1 3.6751E-2 3.28598E-1 4.96442E-1 1.87985E-1 2.47623E-1 2.25552E-1 5.79482E-1 5.59391E-1 8.17261E-1 8.49321E-1 5.70875E-1 5.5473E-1 1.53044E-1 7.8032E-1 7.78962E-1 8.7918E-2 1.10894E-1 7.4968E-1 8.16643E-2 8.65082E-1 2.60399E-1 8.67449E-2
-9999 -9999 4.72685E-2 5.97629E-3 -9999 -9999 1.12925E-2 7.88805E-3 3.32792E-3 2.9119E-2 3.38089E-3 4.99802E-1 3.97716E-1 7.32381E-1 7.64278E-3 4.59696E-1 2.00923E-1 1.58148E-3 2.00953E-3 3.87826E-2 5.26764E-5 6.54945E-2 2.45079E-2 2.41859E-2 4.70413E-1 4.27037E-1 5.87778E-3 3.82335E-2 1.87936E-2 3.46251E-1 1.87335E-2 1.92805E-1 1.17579E-1 1.8239E-2 2.71888E-1 4.02666E-2 1.73909E-1 5.61357E-1 2.58676E-1 2.65273E-2 7.07533E-1 1.09309E-1 4.95015E-1 1.57928E-1 1.56324E-1 4.44632E-1 6.47704E-1 9.74975E-1 4.10119E-1 7.38302E-1 4.67462E-1 4.41578E-1 6.9243E-1 6.41351E-1 8.21677E-1 7.71458E-2 8.53127E-1 4.34822E-1
-9999 1.01207E-2 3.43901E-1 7.40626E-3 8.66152E-2 3.8194E-2 -9999 3.95234E-2 5.93559E-1 6.06218E-4 4.70213E-2 1.30843E-2 1.98801E-1 3.82293E-4 4.54741E-1 9.02342E-1 4.30531E-4 6.68993E-3 3.88723E-2 4.97238E-1 2.1427E-2 3.49815E-1 6.9932E-1 7.86761E-2 1.65742E-1 6.92406E-2 7.08422E-4 4.78382E-1 5.35074E-2 1.10988E-2 4.53959E-1 4.64718E-1 4.58681E-1 1.9362E-2 1.16367E-2 4.17035E-3 2.2825E-1 1.63746E-1 2.61768E-1 5.91407E-2 9.46024E-1 5.2422E-1 4.18417E-2 3.85645E-1 7.16498E-2 3.03296E-1 2.86762E-2 7.32428E-1 6.17786E-1 8.46782E-1 5.75061E-2 1.18995E-1 3.89173E-1 3.87863E-1 7.39605E-1 6.71468E-1 8.01797E-1 4.12274E-1
1.72663E-3 4.10398E-2 1.07766E-2 8.75512E-3 6.20003E-1 -9999 7.51837E-1 3.27213E-2 6.40732E-3 4.67105E-2 7.09064E-8 1.69827E-1 2.96134E-3 8.18646E-2 1.92889E-1 1.53721E-1 5.29173E-2 4.90575E-1 9.34685E-2 2.12116E-2 6.73609E-2 2.44296E-1 2.13496E-1 1.14445E-1 4.01166E-3 7.23123E-2 7.21728E-5 4.63109E-1 1.14996E-1 3.30674E-2 4.64915E-1 4.9965E-2 2.13383E-1 7.44591E-3 4.38882E-1 4.49294E-1 1.88159E-1 3.77683E-1 6.45112E-1 2.13167E-1 3.64803E-1 5.97622E-1 7.51383E-1 3.05318E-1 6.4267E-1 4.33011E-1 7.09873E-1 1.72419E-1 5.19069E-1 5.36843E-1 5.1536E-2 7.0706E-2 4.21613E-2 6.27978E-1 8.66753E-1 7.52786E-1 9.48766E-2 8.62581E-1
2.91294E-5 1.47466E-2 2.03586E-1 6.14326E-6 3.19864E-1 5.78343E-2 6.3621E-4 8.17666E-2 4.16337E-1 2.88364E-1 3.01606E-1 8.11951E-2 3.03127E-2 4.31459E-1 2.12121E-4 2.31243E-2 1.23655E-3 8.43291E-3 1.10043E-1 2.44543E-1 2.2669E-1 4.50916E-5 2.61297E-1 1.60422E-2 9.67121E-4 1.21663E-3 5.30278E-1 8.25611E-3 1.45344E-2 2.09228E-2 1.11884E-3 2.25942E-4 2.81934E-2 4.06315E-1 6.19084E-2 6.4328E-2 1.3286E-1 3.74921E-1 2.55803E-1 2.86981E-1 2.30412E-2 4.05306E-1 7.08374E-1 8.04162E-2 8.46684E-2 8.30439E-2 7.67064E-1 6.56127E-1 4.28825E-1 5.7638E-1 5.19033E-2 3.37748E-1 4.97895E-2 8.23189E-1 7.54907E-2 4.20768E-1 4.37879E-1 9.58493E-1
7.43235E-5 4.71543E-1 1.22432E-1 3.06018E-2 5.69603E-2 7.27326E-4 4.70564E-1 3.73134E-1 2.68854E-1 3.99044E-1 1.1541E-1 1.09682E-1 1.90876E-2 9.27194E-2 4.80923E-2 2.09244E-3 6.80023E-1 1.60483E-4 5.82277E-2 1.95391E-2 2.53999E-5 1.9281E-3 5.42616E-2 2.39035E-1 1.42426E-1 1.54927E-3 5.12508E-1 6.80939E-3 9.17666E-2 1.81855E-1 3.9656E-1 1.24117E-2 2.86541E-1 7.33679E-2 2.63342E-1 7.63194E-2 1.59939E-1 1.15068E-2 3.40091E-1 7.17817E-1 3.54476E-1 6.39086E-1 5.4156E-2 7.573E-1 1.14179E-1 7.85579E-1 6.86173E-1 4.07564E-2 7.26419E-1 1.90766E-1 8.46656E-1 7.60288E-1 7.62186E-1 3.62738E-2 9.05475E-2 5.29606E-1 6.25988E-1 4.36146E-1
2.22092E-2 2.35451E-5 4.959E-1 4.1497E-1 1.32667E-1 1.76253E-2 9.40258E-5 7.92059E-1 1.42882E-3 5.36794E-4 2.24001E-5 3.46633E-2 6.24689E-1 6.64001E-1 9.72708E-2 3.10572E-2 1.6556E-1 4.24434E-1 7.1283E-4 6.7365E-2 3.56457E-1 3.6569E-4 4.62172E-1 1.08944E-1 3.18501E-3 4.17317E-2 4.18943E-2 2.09552E-1 1.27194E-4 1.90511E-1 1.00619E-2 4.34262E-1 3.80455E-1 4.345E-2 3.34683E-1 4.70066E-3 5.2655E-1 3.92225E-1 2.37596E-2 4.50097E-2 7.23383E-1 3.50266E-2 2.62268E-2 1.44899E-1 2.28416E-1 4.89759E-1 6.94128E-2 8.61245E-1 8.67888E-1 9.67943E-1 8.9447E-2 1.29736E-1 8.53326E-1 4.4051E-1 6.84115E-1 6.8663E-1 6.77166E-1 2.33814E-1
8.65837E-1 4.99223E-1 1.06251E-1 3.55437E-2 2.48581E-2 1.56263E-1 1.76537E-3 1.82847E-6 1.96005E-3 7.53464E-2 9.13614E-6 6.30482E-7 1.94799E-1 1.27687E-1 2.62307E-2 1.71358E-2 2.00344E-1 2.5665E-3 1.65595E-2 4.48166E-2 1.35385E-1 2.19162E-1 9.72119E-4 1.95833E-2 8.843E-2 3.14861E-3 4.2066E-2 1.23152E-1 2.4305E-1 6.83834E-3 3.30907E-1 2.19635E-2 2.17293E-2 4.19629E-1 3.94883E-1 1.39953E-1 4.65626E-2 1.52539E-1 3.06397E-1 2.94823E-1 4.80111E-2 4.72012E-1 4.71E-1 6.79401E-2 7.5808E-1 7.72616E-1 6.55034E-1 9.45081E-1 9.57863E-1 8.74733E-1 5.33572E-1 2.71133E-1 6.90891E-2 3.14107E-1 2.68163E-1 5.71443E-1 4.041E-1 7.51665E-1
8.39553E-1 2.69378E-4 8.91495E-4 6.22295E-2 1.77646E-2 6.65552E-2 3.10817E-1 1.08933E-2 3.42266E-1 6.33984E-1 1.34309E-1 2.37653E-2 1.01585E-1 2.21742E-3 5.37208E-2 5.83784E-5 3.0632E-2 2.63255E-3 3.52809E-4 4.88922E-6 3.83274E-4 3.9773E-1 5.46136E-3 4.12166E-3 2.00856E-2 2.41224E-2 4.30964E-2 3.28979E-2 2.2668E-2 2.95709E-2 1.00265E-1 1.03519E-2 4.92692E-4 6.77849E-2 1.28965E-1 5.88462E-1 9.60763E-1 2.14281E-1 2.1346E-2 2.2879E-2 1.98611E-1 3.93902E-1 8.60531E-1 5.86694E-1 8.20101E-1 7.63962E-2 7.86744E-1 8.58999E-1 8.9505E-1 4.98289E-1 6.48118E-1 4.93653E-1 3.39607E-2 8.8529E-1 8.16864E-2 4.8451E-1 5.25509E-1 7.72801E-1
5.19547E-1 5.47042E-3 3.85182E-1 5.57175E-1 4.54883E-1 7.68169E-1 7.838E-2 4.34941E-2 3.24101E-1 3.04102E-1 9.12857E-1 8.49752E-2 1.81148E-1 2.89684E-4 4.02725E-1 4.02077E-2 9.15919E-2 2.65722E-2 6.60472E-5 4.00867E-2 6.46126E-2 4.10085E-1 2.80301E-5 2.00772E-1 2.16153E-1 1.10626E-1 1.02343E-1 1.43854E-1 3.13532E-1 9.33833E-3 4.58208E-2 2.84058E-1 4.84555E-2 4.38472E-1 4.88719E-1 7.76251E-1 9.69116E-1 1.33664E-1 5.62404E-1 1.39804E-1 3.63671E-1 6.19211E-1 3.89909E-1 9.70752E-1 3.33437E-1 1.02718E-1 8.58026E-2 6.01609E-1 5.99399E-1 7.56447E-1 3.28242E-1 6.03786E-2 1.7956E-1 5.89662E-1 6.65148E-1 6.49173E-1 6.74477E-1 6.16772E-1
4.58355E-1 4.20355E-1 1.94393E-3 6.64247E-4 1.46582E-1 5.23501E-1 1.34496E-1 4.41079E-1 7.62987E-3 7.07053E-1 4.26935E-1 6.36741E-1 8.90836E-3 2.45082E-4 4.35942E-1 2.16901E-2 4.94859E-1 7.12318E-2 2.05007E-2 1.71724E-2 3.99966E-2 8.3105E-3 1.49813E-2 3.79234E-2 4.78752E-2 6.68017E-1 2.32366E-2 8.41662E-3 5.07576E-1 5.46892E-2 2.62148E-1 1.14765E-2 2.13099E-1 2.66228E-2 3.36886E-1 6.92087E-2 2.15399E-1 3.2706E-1 1.94203E-2 4.21541E-1 9.68374E-2 4.5326E-1 9.50903E-1 1.89489E-1 5.89328E-1 2.61339E-1 7.2187E-2 6.97833E-1 6.50012E-1 4.71744E-1 8.81092E-1 4.70108E-1 7.65183E-1 7.11748E-1 8.48253E-1 8.37033E-1 8.14115E-2 3.13629E-1
1.11685E-3 1.08251E-1 3.37714E-1 4.72112E-1 4.7051E-1 4.18339E-1 1.00551E-2 1.98939E-1 2.71565E-1 7.04073E-3 8.1357E-1 2.33646E-1 1.68486E-2 2.20839E-3 7.04874E-2 3.1096E-2 1.87958E-1 9.91525E-3 1.78655E-2 2.04224E-4 2.03571E-2 1.68045E-2 2.4468E-2 2.33982E-2 2.78722E-1 2.09285E-2 1.19433E-2 2.71094E-1 3.20447E-1 5.55542E-2 2.51219E-2 1.09244E-1 2.19531E-2 1.4918E-1 1.3916E-1 1.16479E-2 4.50229E-2 3.6568E-1 1.22081E-1 3.87745E-1 4.57578E-1 4.27313E-1 3.14763E-1 9.64774E-2 8.2192E-1 7.46359E-1 8.25099E-1 8.50983E-1 5.60718E-1 8.68099E-1 4.58451E-1 6.17324E-1 8.86957E-1 4.43698E-1 4.80637E-1 4.39231E-1 4.28464E-1 3.74615E-1
6.78715E-6 1.52223E-1 2.90635E-1 2.6154E-1 4.17902E-2 9.93876E-3 4.87224E-3 3.96257E-3 2.04854E-2 4.38419E-1 3.96732E-1 2.78484E-1 3.08336E-1 1.59484E-2 2.3705E-3 1.85529E-2 1.15332E-3 7.68284E-2 1.68307E-1 1.58766E-4 5.03493E-2 1.89607E-2 1.49281E-2 2.40931E-1 1.01782E-1 6.13199E-2 1.39883E-2 3.29288E-1 3.90137E-1 1.54517E-2 3.53767E-2 3.83635E-2 1.29555E-2 1.01037E-1 1.71411E-1 1.0093E-1 3.41177E-1 3.90528E-1 5.61046E-1 1.20165E-1 1.25514E-1 9.82409E-2 4.51267E-1 5.2748E-2 8.83134E-1 3.48557E-1 7.09865E-1 9.4484E-2 9.7825E-2 1.54792E-1 4.33133E-1 6.25421E-1 7.05433E-1 7.277E-1 3.91492E-1 2.16032E-1 6.23919E-1 1.29161E-1
7.1058E-3 3.86919E-1 2.42418E-3 1.22489E-1 7.41231E-2 2.3552E-1 1.74833E-2 2.45354E-2 4.88501E-1 6.11703E-1 1.95334E-1 9.57357E-1 2.96219E-1 1.67011E-2 3.94444E-2 2.63358E-2 9.77201E-2 1.23591E-4 2.08755E-2 5.07112E-2 4.0915E-1 3.45478E-2 4.91499E-1 1.04859E-1 2.03842E-2 1.02644E-3 1.06909E-1 3.37603E-1 4.67323E-2 1.78021E-2 1.55417E-1 2.32676E-1 3.94502E-2 5.37472E-2 6.8286E-2 1.62151E-1 8.23177E-1 3.09158E-1 5.02697E-1 1.79442E-1 7.3259E-1 5.38366E-1 9.44016E-1 8.13012E-2 1.29423E-1 3.87446E-1 5.90105E-1 8.86457E-1 1.20784E-1 7.15532E-1 8.12469E-1 1.13529E-1 6.8348E-2 4.35872E-1 5.09327E-1 1.31736E-1 2.04787E-1 1.78165E-1
5.64185E-1 9.55416E-2 5.18257E-2 1.61E-1 7.09957E-2 8.22821E-3 3.24068E-2 4.04081E-3 1.34478E-1 2.72307E-1 2.09483E-1 1.37042E-1 2.70755E-1 3.93466E-3 2.85348E-3 3.46481E-3 2.9502E-2 2.12208E-2 1.62685E-1 2.22594E-1 1.02606E-1 1.09997E-1 1.2251E-2 2.01923E-2 2.80271E-2 8.10221E-2 1.62454E-3 4.45287E-1 8.94922E-4 1.65888E-1 1.51799E-2 7.67993E-3 1.40076E-2 4.05682E-1 1.13968E-2 9.32974E-2 1.06805E-1 7.90573E-2 1.57922E-1 7.43416E-2 2.9874E-2 1.67251E-1 9.14715E-1 1.30451E-1 3.96059E-1 5.46374E-1 1.5731E-1 3.19068E-1 8.45302E-1 8.89535E-1 7.30286E-1 7.54204E-1 4.62026E-1 8.40452E-1 7.92394E-1 5.41176E-1 7.80048E-1 4.07474E-1
1.55716E-1 5.49825E-2 1.14602E-4 8.82957E-4 2.60339E-2 1.34831E-1 1.63891E-3 1.0806E-1 7.73671E-2 5.23716E-1 6.62435E-1 6.24486E-2 2.54964E-2 6.37956E-1 5.02589E-2 2.56554E-1 7.79337E-1 6.41234E-1 1.41729E-2 1.2006E-1 6.65982E-2 3.16429E-4 2.62946E-2 2.3796E-2 3.19209E-1 2.09681E-2 3.40472E-1 1.17807E-3 6.0292E-4 1.25731E-1 5.76889E-1 3.80286E-3 1.28278E-1 1.65581E-1 3.67099E-1 8.38999E-2 1.16302E-1 4.04317E-1 1.19202E-1 2.38128E-1 3.63292E-2 1.6445E-1 7.10744E-1 7.12449E-1 4.17551E-1 1.96694E-1 9.86841E-1 2.37422E-1 8.00918E-1 5.9958E-1 3.58414E-1 1.21528E-1 7.46529E-1 9.11044E-1 6.32229E-1 5.92801E-1 5.8868E-1 6.44992E-1
2.07491E-6 1.00704E-1 1.25515E-1 3.74563E-1 4.43126E-4 1.73316E-1 1.07234E-3 1.24562E-2 3.15127E-3 1.67759E-2 3.70917E-1 1.35856E-2 2.50914E-2 2.64584E-2 8.53002E-2 5.22633E-1 1.20274E-1 1.486E-1 5.69587E-3 2.08731E-2 2.51772E-3 8.88761E-2 2.89849E-4 9.16771E-3 4.15984E-1 4.80757E-4 1.16484E-1 4.17612E-3 1.28824E-2 3.15157E-1 4.33747E-2 2.34319E-2 5.17616E-2 2.31275E-2 1.00869E-1 7.79071E-3 1.93882E-2 9.4434E-3 1.8263E-3 2.50826E-1 2.35397E-2 1.02382E-1 9.24502E-1 8.24102E-1 2.275E-1 3.91921E-1 3.80806E-1 3.74065E-1 4.97038E-1 6.19803E-1 4.32104E-2 8.90967E-2 7.73197E-1 4.28348E-1 9.27014E-1 7.05719E-1 4.95278E-1 7.34371E-1
1.00011E-1 2.74747E-1 2.77725E-1 9.00827E-3 2.6349E-1 1.67317E-3 8.55187E-3 1.63597E-1 3.56694E-2 3.20015E-3 5.33266E-2 9.77384E-2 2.43257E-1 5.10638E-3 2.97803E-2 3.43599E-1 9.76352E-3 3.30126E-1 2.47729E-3 3.84822E-1 1.92294E-2 1.19134E-1 8.26487E-2 1.96222E-2 9.55659E-2 2.11504E-3 8.06061E-3 4.14662E-3 3.4841E-1 1.81026E-3 3.00123E-3 1.65407E-2 2.85658E-1 7.90741E-2 8.37066E-2 2.11639E-1 7.31084E-3 2.35485E-2 2.89166E-2 2.22907E-1 2.33131E-1 8.00207E-1 3.10084E-1 2.5883E-1 5.30412E-1 6.94016E-1 8.34049E-1 7.97782E-1 2.40316E-1 1.04634E-1 1.2425E-1 4.45189E-1 6.75992E-1 7.46261E-1 4.43408E-1 4.41335E-1 4.05902E-1 5.46288E-1
3.0077E-1 1.42668E-1 1.18815E-2 2.90969E-1 1.46864E-2 1.04153E-3 2.52622E-1 3.73811E-2 8.518E-3 4.38762E-2 1.83411E-2 4.25815E-3 9.32705E-2 2.47249E-1 5.03778E-1 2.26216E-1 5.28999E-1 3.28797E-2 2.78903E-1 1.92057E-2 2.34888E-2 5.18928E-3 1.7408E-2 1.17843E-2 2.02896E-1 9.84681E-2 2.89948E-1 1.13175E-1 1.38396E-1 4.18639E-1 1.87361E-2 9.23066E-2 5.3529E-2 5.0894E-1 6.78817E-3 2.16602E-1 3.45957E-1 6.39788E-2 9.31576E-2 7.54328E-2 5.10878E-2 1.0013E-1 1.53309E-2 6.11184E-1 9.51144E-2 3.9593E-1 2.4079E-1 4.91709E-1 3.63687E-1 5.33812E-1 3.6653E-2 9.42292E-2 7.97792E-1 8.81371E-1 2.10602E-2 4.92109E-1 5.01598E-1 3.37626E-1
1.06274E-1 5.75792E-5 1.52955E-2 2.48257E-1 1.58018E-3 6.24882E-1 2.21937E-1 4.07092E-2 4.33346E-1 3.49064E-2 3.58406E-3 2.41231E-2 3.47658E-3 5.40245E-2 1.49615E-1 1.05417E-1 1.03148E-1 1.79558E-1 2.9293E-2 2.9285E-2 1.31056E-3 9.18327E-2 1.38459E-1 3.72209E-2 2.06445E-1 2.02077E-1 5.38263E-2 8.3214E-3 1.54708E-1 3.48069E-2 6.98437E-2 5.13234E-3 2.29699E-2 2.95352E-2 1.31215E-2 2.59813E-2 5.47117E-1 3.8413E-1 1.67224E-2 1.44135E-1 1.26442E-1 2.39084E-2 1.35858E-1 4.53E-1 7.30056E-2 1.68527E-1 4.45843E-1 9.88969E-2 8.33071E-2 1.36764E-1 6.39796E-1 5.94624E-1 2.65694E-1 3.85503E-1 6.22842E-1 1.31234E-1 2.34476E-1 1.37483E-1
1.18311E-4 1.10868E-2 1.32115E-4 1.42644E-1 3.48528E-1 1.42991E-1 5.36806E-1 3.84718E-1 4.08924E-3 1.34153E-2 6.30414E-1 2.9255E-2 1.38362E-2 1.58609E-2 2.32412E-1 4.92037E-1 1.14829E-1 5.05684E-1 1.64704E-3 2.24495E-2 2.25476E-2 1.57409E-1 1.93364E-2 4.28933E-3 2.42549E-2 1.6993E-3 1.1253E-2 1.94609E-2 2.78636E-2 1.45069E-2 4.63656E-2 5.52213E-1 3.28911E-3 5.49751E-1 1.96615E-1 2.33751E-1 6.45353E-2 9.61278E-2 3.62973E-1 1.02915E-2 3.80123E-2 2.35107E-2 1.39917E-1 3.17028E-2 5.19295E-2 4.53168E-1 9.52788E-1 2.56905E-1 4.13221E-1 2.34896E-1 3.33591E-2 3.46849E-1 7.32975E-1 8.26809E-1 3.68788E-1 2.83711E-1 1.01134E-1 4.94015E-1
3.18276E-1 2.40766E-1 1.75638E-2 1.97264E-4 2.42626E-2 4.92889E-1 2.75178E-1 6.14115E-4 1.31314E-1 1.28277E-1 2.60548E-1 2.456E-2 2.47655E-1 2.05488E-1 1.35337E-1 6.82615E-1 1.66207E-3 2.42823E-1 1.08978E-1 3.08254E-3 7.10185E-2 3.70102E-3 1.07343E-1 5.08397E-1 2.02701E-1 1.84303E-2 2.05192E-2 4.8258E-1 1.90642E-2 1.17955E-2 2.46206E-2 6.54524E-2 1.76201E-1 2.32833E-1 2.0478E-2 3.46567E-2 7.67221E-3 5.58285E-4 2.20534E-1 5.40115E-2 2.26157E-2 1.16787E-2 4.59758E-2 1.6091E-2 4.71893E-1 5.608E-1 5.33794E-2 4.31337E-2 5.2018E-1 4.02107E-1 4.06804E-1 2.95323E-1 7.72315E-1 4.71676E-1 8.31773E-1 3.10159E-1 2.7013E-1 5.59069E-1
7.43677E-3 2.74298E-1 3.07234E-1 2.621E-1 3.33906E-4 4.44875E-2 4.28096E-1 6.50319E-1 1.77844E-2 2.41622E-2 1.7845E-2 5.48446E-1 3.6633E-1 6.0605E-1 5.59694E-2 2.78292E-1 5.96957E-3 9.87074E-4 9.08333E-4 5.05294E-1 1.90317E-2 5.22117E-1 4.74233E-1 1.10405E-2 3.5712E-1 7.51068E-2 2.04352E-1 1.4609E-2 2.55472E-2 3.67899E-1 3.98478E-3 7.62027E-2 5.90089E-2 4.26316E-1 3.40911E-1 2.61154E-2 3.25819E-1 7.92806E-2 2.88078E-2 5.14187E-2 3.52792E-1 4.11254E-1 5.62884E-1 3.78042E-2 9.68383E-3 1.7244E-2 9.71585E-2 1.2778E-3 3.06853E-1 6.74491E-1 7.23579E-1 2.58398E-1 1.76922E-2 1.01541E-1 9.07564E-1 8.00537E-1 9.20982E-1 8.19303E-1
3.80371E-1 1.56342E-1 6.14964E-1 2.75831E-1 4.13505E-2 3.99514E-1 1.4921E-2 4.26243E-2 7.55306E-2 1.69576E-1 5.58493E-2 1.30957E-1 2.57529E-1 3.34342E-3 3.66014E-2 3.69358E-3 1.68934E-2 6.72652E-2 5.14739E-2 7.5259E-3 1.90633E-1 1.01387E-2 5.42873E-1 1.99729E-2 1.27579E-1 4.61387E-2 8.9029E-2 6.33043E-1 3.32753E-3 5.05897E-1 6.58714E-2 1.15248E-2 4.39313E-2 1.35995E-2 2.36252E-1 2.05822E-1 4.04712E-2 5.38977E-1 6.83799E-2 1.08157E-1 1.48738E-3 1.62944E-2 5.51229E-1 1.30236E-2 5.20931E-2 8.00894E-2 1.95898E-1 2.31394E-1 2.657E-2 1.0158E-1 4.31006E-2 6.11753E-1 1.99379E-1 6.30642E-1 1.37277E-1 4.35255E-1 8.98413E-2 3.55625E-2
2.23572E-1 3.84296E-1 5.95784E-1 3.31128E-3 8.30426E-2 2.92026E-1 2.12277E-1 8.59523E-2 4.28987E-1 1.95584E-1 3.62249E-1 4.62662E-2 1.38157E-1 1.98998E-2 9.20509E-1 1.41399E-2 7.57773E-2 1.58786E-1 6.09032E-3 1.13547E-1 3.52845E-1 9.85627E-4 2.52731E-2 1.28681E-1 2.63667E-2 2.52964E-2 5.11822E-1 5.73603E-2 1.42645E-2 8.12605E-2 2.65497E-2 1.63508E-1 3.04194E-1 7.42975E-3 1.04582E-2 2.71134E-2 6.50152E-3 7.72703E-3 2.98552E-1 5.63647E-4 1.56986E-1 1.62439E-2 1.36172E-2 5.89899E-4 6.01606E-1 1.89424E-2 7.72102E-2 5.93628E-2 6.25082E-2 2.34573E-2 3.60418E-2 3.67311E-1 5.14446E-1 2.44094E-2 3.48703E-1 4.55609E-1 6.28624E-1 8.24081E-1
5.30569E-2 5.06945E-3 1.73654E-1 2.71524E-1 5.64746E-2 9.87738E-2 2.17583E-2 1.58438E-2 1.93976E-2 1.60839E-1 2.45211E-1 2.83998E-1 1.87722E-1 2.27835E-1 2.15692E-1 3.05168E-5 5.62595E-1 9.23942E-2 5.65097E-3 1.24772E-2 4.93035E-1 3.14424E-1 3.43832E-1 6.65188E-2 4.70574E-2 2.73554E-1 3.74677E-1 2.56733E-2 1.81664E-2 2.00634E-1 5.0392E-2 3.03908E-1 7.25416E-2 3.69371E-1 4.88152E-2 2.28208E-1 3.04307E-2 6.39539E-2 4.29652E-1 6.79675E-3 5.02058E-3 1.33581E-2 2.78398E-3 1.74283E-1 2.23E-1 5.92013E-2 2.01149E-1 6.47422E-1 9.48776E-2 2.55315E-2 1.57639E-1 1.21383E-1 9.14989E-2 9.74227E-2 5.67017E-1 3.48963E-1 2.24905E-1 7.88966E-1
