outputs/pantheraTigris_4.asc
ncols         290
nrows         290
xllcorner     68.0
yllcorner     8.0
cellsize      0.1
NODATA_value  -9999
[rows 130 to 155 of 290, columns 116 to 173 of 290]
4.17253E-1 4.8591E-1 6.2972E-1 5.75551E-1 6.34975E-1 9.02394E-1 4.75068E-1 8.51806E-1 7.70397E-1 8.35227E-1 7.26743E-1 7.77782E-1 5.71708E-1 8.48553E-1 6.71533E-1 6.87365E-1 8.16601E-1 7.22897E-1 7.39655E-1 9.20793E-1 7.20768E-1 7.94178E-1 6.37476E-1 8.23457E-1 7.50516E-1 6.93136E-1 7.05775E-1 7.09158E-1 5.24683E-1 7.91835E-1 8.79259E-2 9.2364E-1 7.54489E-2 3.22061E-1 6.42298E-1 7.56069E-1 7.2716E-1 4.59976E-1 6.65632E-1 7.67101E-1 9.84863E-1 7.62019E-1 8.71709E-1 3.36515E-1 1.99778E-1 6.49776E-1 3.75521E-1 2.25661E-1 6.38002E-1 5.2981E-1 4.6265E-1 5.8675E-1 6.49644E-1 4.10638E-1 6.18721E-1 5.67462E-1 4.69984E-1 4.16748E-1
5.91682E-1 8.24572E-1 6.9846E-1 5.23601E-1 9.85724E-1 9.59182E-1 8.02819E-1 9.97309E-2 9.94747E-1 8.20689E-1 9.23942E-1 9.41326E-1 6.68501E-1 4.05299E-1 3.95594E-1 8.97917E-1 9.47461E-1 4.50608E-1 6.4933E-1 6.32427E-1 7.68656E-1 8.16398E-1 8.52891E-1 9.64142E-1 8.21138E-1 3.40414E-1 9.37728E-1 8.79161E-1 8.72789E-1 5.17685E-1 6.13369E-1 9.2718E-1 6.99335E-1 6.40558E-1 6.38493E-1 7.19787E-1 6.9895E-1 5.99795E-1 6.2904E-1 7.06313E-1 2.42791E-1 6.61713E-1 6.73822E-1 6.83592E-1 9.03497E-1 5.5527E-1 6.5756E-1 7.72588E-1 6.76923E-1 3.14469E-1 5.15069E-1 5.30366E-1 4.07057E-1 6.12857E-1 7.23464E-1 6.83666E-1 4.84387E-1 6.3066E-1
6.59205E-1 8.59559E-1 6.57099E-1 4.43373E-1 2.18173E-1 5.59051E-1 7.41346E-1 8.18113E-2 9.17339E-1 9.53209E-1 5.5621E-1 5.62431E-1 4.56312E-1 6.64583E-1 8.79496E-1 8.1855E-1 5.04196E-1 5.19953E-1 9.32333E-1 9.74339E-1 6.00494E-1 4.79114E-1 9.76322E-1 5.17026E-1 1.63042E-1 6.31244E-1 6.66647E-1 6.21593E-1 4.67302E-1 7.42138E-1 8.75044E-1 5.74119E-1 8.31737E-1 6.83669E-1 8.09445E-2 7.13103E-1 4.91151E-1 1.40495E-1 6.99289E-1 5.599E-1 8.35189E-1 6.00376E-1 8.28602E-1 5.833E-1 1.55868E-1 5.65171E-1 3.06897E-1 3.75624E-1 7.14955E-1 2.9186E-1 5.70881E-1 4.69724E-1 5.92168E-1 4.11971E-1 5.27855E-1 5.37658E-1 5.44486E-1 4.89245E-1
6.10907E-2 7.04243E-2 9.77059E-1 8.57092E-1 5.95198E-1 5.01418E-1 7.9426E-1 8.94717E-1 6.99555E-1 4.13283E-1 7.37748E-1 7.03214E-1 6.03058E-1 8.8774E-1 6.02261E-1 5.06689E-1 6.54467E-1 7.58011E-1 6.46314E-1 7.53323E-1 6.01248E-1 5.19967E-1 7.20859E-1 8.79164E-1 8.95264E-1 7.93967E-1 9.55033E-1 7.10481E-2 7.38366E-1 6.89685E-1 8.94437E-1 4.86344E-1 3.25203E-1 3.23421E-1 8.08543E-1 7.97066E-2 8.27726E-1 5.62362E-1 5.38325E-1 6.25361E-1 7.50263E-1 7.70214E-1 6.44189E-1 7.19005E-1 6.83204E-1 5.6093E-1 7.62034E-1 6.99347E-1 2.5517E-1 6.71832E-1 5.80452E-1 5.23312E-1 8.95167E-2 4.65394E-1 4.7878E-1 5.69099E-1 1.56907E-1 6.56295E-1
8.81513E-1 8.02437E-1 6.5897E-1 4.58806E-1 6.61928E-1 7.35216E-1 7.88204E-1 6.6478E-1 7.43794E-1 4.10831E-1 6.70705E-1 2.59448E-1 4.73888E-1 5.04606E-1 7.30269E-1 6.18543E-1 6.73178E-1 5.75247E-1 8.67197E-1 4.57254E-1 6.47415E-1 6.23661E-1 7.66E-1 8.84175E-1 7.48687E-1 6.94742E-1 5.46425E-1 6.91592E-1 4.86678E-1 4.41317E-1 3.54952E-1 4.80071E-1 5.13444E-1 7.23511E-1 7.53667E-1 6.09682E-1 4.06116E-1 9.42725E-1 1.52929E-1 4.77991E-1 5.84205E-1 4.09479E-1 6.62697E-1 8.04686E-1 6.09655E-1 5.99167E-1 6.45233E-1 6.82311E-1 2.95487E-1 8.09526E-1 3.58645E-1 6.50602E-1 3.41502E-1 2.24874E-1 2.32983E-1 3.91141E-1 2.59595E-1 3.51171E-1
6.48002E-1 4.31718E-1 5.64814E-1 7.8776E-1 3.50009E-1 7.37524E-1 4.79299E-1 8.28481E-1 5.13083E-1 3.05589E-1 7.68798E-1 2.56293E-1 7.15761E-1 5.72568E-1 7.60535E-1 6.78394E-1 5.81202E-1 6.75804E-1 7.26996E-1 7.34651E-1 7.26548E-1 5.09658E-1 6.42829E-1 4.56501E-1 4.93335E-1 8.06876E-1 5.8406E-1 7.43662E-1 5.58176E-1 3.68859E-1 3.60016E-1 6.47337E-1 6.89496E-1 5.91151E-1 7.88313E-1 5.99236E-1 5.28543E-1 8.50296E-1 5.46496E-1 7.72119E-1 6.70934E-2 5.89248E-1 6.30192E-1 3.77295E-1 5.55635E-1 4.15198E-1 6.44589E-1 7.44487E-1 4.19961E-1 6.05664E-1 7.92215E-1 4.8452E-1 6.98517E-1 4.9718E-1 3.99031E-1 4.82987E-1 3.95876E-1 5.52172E-1
5.71567E-1 6.08964E-1 4.90534E-1 6.5614E-1 6.54488E-1 8.95556E-1 9.17203E-1 5.67577E-1 1.11763E-1 5.45142E-1 6.63865E-1 3.94524E-1 4.70189E-1 3.81927E-1 9.31875E-1 7.81705E-2 8.62308E-1 6.55988E-1 8.417E-1 2.63911E-1 9.18919E-1 6.51921E-1 6.52345E-1 7.74921E-1 4.77146E-1 7.07456E-1 9.47842E-1 8.25974E-1 6.66702E-1 5.75922E-1 5.06967E-1 3.90141E-1 6.32944E-1 9.52588E-1 6.36096E-1 5.74584E-1 6.29549E-1 7.0682E-1 4.30545E-1 8.34298E-1 3.7378E-1 5.38588E-1 2.05266E-1 1.89621E-1 8.48393E-1 6.26823E-1 3.50755E-1 4.70002E-1 6.49317E-1 4.45943E-1 7.3489E-1 3.81014E-1 5.07291E-1 3.58789E-1 6.25924E-1 4.41921E-1 7.43496E-1 3.54175E-1
5.0691E-1 4.67271E-1 5.21986E-1 4.95426E-1 6.73072E-1 3.59244E-1 5.36491E-1 8.23258E-1 2.90181E-1 1.02529E-1 2.43051E-1 7.44995E-1 7.53439E-1 4.83539E-1 5.58902E-1 5.87426E-1 8.62768E-1 6.70292E-1 4.84811E-1 8.32364E-1 7.264E-1 6.00805E-1 6.76961E-1 8.88101E-1 6.23378E-1 5.90931E-1 6.49325E-1 6.81564E-1 5.31626E-1 6.78691E-1 8.89714E-1 9.77997E-1 6.59919E-1 3.41325E-1 9.24565E-1 5.85691E-1 8.13087E-1 5.75891E-1 8.61084E-1 5.55103E-1 9.15372E-1 7.63339E-1 5.21495E-1 8.62188E-1 5.698E-1 6.84159E-1 7.25119E-1 6.1472E-1 5.45316E-1 5.59818E-1 7.10918E-1 7.67652E-1 2.8301E-1 4.60051E-1 3.57664E-1 2.50977E-1 5.1767E-1 3.91925E-1
6.05169E-1 5.13846E-1 4.86967E-1 1.17532E-1 8.68166E-1 5.92529E-1 5.11778E-1 6.10816E-1 2.88688E-1 7.01662E-1 2.00426E-1 9.16013E-1 3.34368E-2 6.9119E-1 9.35328E-1 7.21652E-1 6.69441E-1 8.64964E-1 9.57621E-1 4.90555E-1 8.9758E-1 8.4225E-1 9.51824E-1 5.75586E-1 4.56975E-1 5.82497E-1 5.38766E-1 6.21019E-1 8.67005E-1 6.45317E-1 5.78287E-1 5.61917E-1 5.56441E-1 5.85945E-1 9.05012E-1 7.04251E-1 9.28257E-1 7.3205E-1 4.75259E-1 5.10381E-1 6.1153E-1 5.78384E-1 6.86754E-1 1.32295E-1 8.09732E-1 5.23249E-1 7.58535E-1 8.21357E-1 5.15153E-1 2.30836E-1 5.43589E-1 3.29129E-1 3.17753E-1 7.65487E-1 4.12082E-1 1.61343E-1 5.81226E-1 5.21453E-1
9.23865E-1 6.82339E-1 7.75751E-1 6.73039E-1 9.43047E-1 4.52919E-1 4.38055E-1 3.88323E-1 4.22507E-1 4.84044E-1 2.33031E-1 8.06555E-2 6.60256E-1 6.26988E-1 6.23948E-1 9.58826E-1 2.3047E-1 5.93723E-1 5.16471E-1 8.17028E-1 8.24635E-1 6.99709E-1 5.26111E-1 8.7616E-1 5.59954E-1 8.75292E-1 9.48518E-2 5.411E-1 3.28094E-1 6.69627E-1 4.87311E-1 8.05766E-1 5.55638E-1 7.16232E-1 7.39193E-1 2.14714E-1 8.3494E-1 7.32098E-1 4.59143E-1 5.49816E-1 3.32554E-1 2.44706E-1 5.22811E-1 6.48204E-1 4.33289E-1 6.28894E-1 7.35014E-1 7.91547E-1 5.62838E-1 6.21032E-1 5.33098E-1 2.62302E-1 3.33624E-1 2.15948E-1 4.01051E-1 6.23711E-1 6.83817E-1 3.34688E-1
7.02341E-1 5.71849E-1 5.94174E-1 7.34218E-1 6.33777E-1 8.13612E-1 4.81461E-1 4.66923E-1 3.99178E-1 6.25187E-1 6.45081E-1 8.45683E-1 9.23398E-1 2.61903E-1 3.9039E-1 6.27661E-1 5.63449E-1 6.16864E-1 7.85649E-1 8.02615E-1 8.7524E-1 6.08958E-1 4.40144E-1 4.63504E-1 6.33918E-1 6.30645E-1 9.30206E-1 5.58576E-1 4.01708E-1 6.90129E-1 9.31738E-1 8.25822E-1 7.74476E-1 5.79791E-1 7.28223E-2 6.6407E-1 8.7005E-1 6.84552E-1 8.56218E-1 8.27872E-1 6.51902E-1 7.40591E-1 4.63619E-1 8.30745E-1 5.50991E-1 7.92484E-1 8.29166E-1 6.40216E-1 5.16488E-1 5.98908E-1 4.47307E-1 5.34375E-1 5.70997E-1 4.01774E-1 5.40459E-1 6.65285E-1 2.16805E-1 6.1498E-1
9.38603E-1 7.6522E-1 8.85554E-1 5.82884E-1 7.14489E-1 6.05213E-1 5.54013E-1 9.57725E-1 5.23575E-1 4.56968E-1 5.85069E-1 5.13146E-1 6.37716E-2 3.73886E-1 7.39908E-1 9.4044E-1 7.44488E-1 6.3922E-1 5.26914E-1 5.42486E-1 4.51666E-1 5.38504E-1 4.9129E-2 8.24873E-1 6.39417E-1 6.32312E-1 3.1468E-1 7.00103E-1 7.68054E-1 4.58546E-1 7.71512E-2 7.70221E-1 5.48183E-1 3.19384E-1 6.57996E-1 8.42456E-1 6.91653E-1 5.93522E-1 7.09058E-1 9.15615E-1 8.033E-1 6.95799E-1 5.11074E-1 4.30285E-1 3.82811E-1 5.43545E-1 4.79758E-1 6.39551E-1 8.52461E-1 7.27335E-1 4.22476E-1 5.79046E-1 5.69655E-1 4.16536E-1 6.94865E-1 5.40204E-1 4.54721E-1 5.24158E-1
5.54002E-1 8.53951E-1 6.43458E-1 3.96212E-1 8.70166E-1 8.61944E-1 3.851E-1 7.14232E-1 6.54207E-2 4.90787E-1 6.4024E-1 5.21065E-1 3.02903E-1 2.2235E-1 4.05395E-1 3.65314E-1 5.91247E-1 3.53447E-1 5.10483E-1 5.61957E-1 5.51943E-1 7.62544E-2 5.20657E-1 6.39742E-1 4.45163E-1 8.903E-1 4.17129E-1 8.27822E-1 6.74088E-1 3.10549E-1 3.81493E-1 5.79796E-1 5.02497E-1 5.18906E-1 8.17795E-1 7.37538E-1 6.28196E-1 4.40726E-1 7.39456E-1 4.82014E-1 6.57664E-1 6.81864E-1 8.40968E-1 3.11625E-1 6.44802E-1 8.48919E-1 5.36103E-1 3.60764E-1 3.83993E-1 5.06681E-1 7.32689E-1 6.14159E-1 5.68435E-1 5.28086E-1 6.40236E-1 4.03149E-1 3.51196E-1 3.30025E-1
5.53064E-1 5.40433E-1 5.11134E-1 6.88976E-1 4.81306E-1 8.08539E-1 7.38685E-1 7.82301E-1 5.83166E-1 4.9669E-2 9.50693E-1 6.92564E-1 5.9238E-1 8.09659E-1 4.33176E-1 4.80464E-1 5.09081E-1 7.47573E-1 7.55307E-1 4.59359E-1 9.05425E-1 2.78079E-1 3.31983E-1 4.25526E-1 1.73136E-1 6.69816E-1 7.68976E-1 7.80511E-1 4.62538E-1 4.55331E-1 4.70318E-1 6.07161E-1 4.5252E-1 5.80429E-1 5.65435E-1 6.31655E-1 5.58452E-1 9.16019E-1 8.15254E-1 7.38859E-1 7.31119E-1 4.34717E-1 5.17621E-1 6.11335E-1 6.6584E-1 6.64936E-1 5.58598E-1 6.53959E-1 3.03184E-1 6.84022E-1 6.50461E-1 6.63016E-1 4.9449E-1 3.77697E-1 5.29962E-1 4.65413E-1 3.6758E-1 3.14924E-1
6.88408E-1 9.56746E-1 6.33581E-1 5.75512E-1 8.47661E-1 8.52784E-1 8.3666E-1 5.19009E-1 5.62354E-1 5.76393E-1 5.36913E-1 5.07441E-1 6.94386E-2 6.95115E-1 3.47572E-1 8.78946E-1 3.89102E-1 3.51225E-1 4.64058E-1 5.29082E-1 4.32049E-1 4.55527E-1 3.99909E-1 2.15199E-1 2.51027E-1 6.36255E-1 3.98943E-1 6.56054E-1 4.86613E-1 7.12039E-1 3.94817E-1 7.26891E-1 3.9982E-1 4.61722E-1 7.96197E-1 3.32185E-1 3.98087E-1 5.44547E-1 5.6789E-1 6.88679E-1 7.00627E-1 5.34524E-1 7.97473E-1 4.81477E-1 6.47433E-1 7.23829E-1 8.24957E-1 6.62211E-1 1.946E-1 6.05253E-1 7.70437E-1 7.66738E-1 7.42678E-1 2.65764E-1 4.75964E-1 2.01118E-1 5.85881E-1 4.33129E-1
6.69172E-1 8.14129E-1 7.34752E-1 9.25896E-1 9.23255E-1 6.8073E-1 5.09641E-1 6.1547E-1 7.38846E-1 8.08514E-1 7.56261E-1 6.27779E-1 6.83424E-1 3.13383E-1 5.73284E-2 5.88029E-1 7.61963E-1 8.03603E-1 3.42181E-1 4.52381E-1 3.90772E-1 4.68893E-1 4.21317E-1 3.08467E-1 5.16598E-1 1.31123E-1 4.37052E-1 6.83484E-1 4.8966E-1 4.77998E-1 3.45633E-1 5.8775E-1 5.60216E-1 3.72298E-1 5.77637E-1 5.38065E-1 4.11288E-1 4.30526E-1 6.26475E-1 7.00816E-1 4.26231E-1 4.77849E-1 5.22068E-1 6.29845E-1 5.22478E-1 6.27967E-1 3.46905E-1 7.7475E-1 5.76852E-1 5.4739E-1 2.04217E-1 4.60411E-1 5.86321E-2 7.95291E-1 7.41755E-1 5.13524E-1 5.31031E-1 4.43284E-1
4.83713E-1 4.04862E-1 8.45078E-1 5.31885E-1 9.48907E-1 6.05884E-1 8.12626E-1 7.11802E-1 7.20747E-1 8.49162E-1 7.94541E-1 8.2665E-1 8.52739E-1 4.11731E-1 7.65499E-1 5.0799E-1 6.17444E-1 3.02697E-1 7.45671E-1 6.91453E-1 4.77066E-1 4.09804E-1 7.10081E-1 5.27459E-1 6.19305E-1 5.68897E-1 5.25269E-1 3.7182E-1 5.09473E-1 8.00814E-1 3.70929E-1 4.46202E-1 7.46928E-1 6.41112E-1 5.03252E-1 4.3419E-1 4.71051E-1 6.40089E-1 3.72481E-1 4.94106E-1 8.10855E-1 5.74609E-1 4.29245E-1 4.15279E-1 8.00186E-1 6.05231E-1 1.01713E-1 7.52141E-1 5.35783E-1 7.11288E-1 5.32292E-1 5.32658E-1 6.59675E-1 7.03007E-1 1.45216E-1 4.33062E-1 6.2088E-1 4.76076E-1
8.86426E-1 4.23356E-1 8.7969E-1 5.91834E-1 7.58037E-1 9.10897E-1 7.453E-1 7.08435E-1 6.62205E-1 6.93398E-1 4.24608E-1 5.23795E-1 6.4344E-1 7.7588E-1 5.83418E-1 5.18409E-1 5.87285E-1 5.47179E-1 5.17176E-1 9.16336E-1 5.12608E-1 3.5E-1 5.51225E-1 4.76497E-1 7.52253E-1 4.89575E-1 6.69116E-1 6.0883E-1 4.71376E-1 5.57924E-1 8.48995E-1 5.6696E-1 5.33226E-1 5.5302E-1 7.16796E-1 7.30117E-1 8.22566E-1 5.18012E-1 5.71391E-1 5.38987E-1 6.6907E-1 8.65E-1 6.14697E-1 7.52671E-1 7.07481E-1 7.25416E-1 6.29861E-1 4.31998E-1 4.59388E-1 5.32064E-1 4.80596E-1 6.50229E-1 7.66956E-1 1.65923E-1 4.21118E-1 4.98454E-1 5.20044E-1 3.22163E-1
7.31001E-1 7.32389E-1 3.09E-1 6.24774E-1 8.10801E-1 8.94519E-1 5.60169E-1 9.0649E-1 3.81667E-1 6.80204E-1 8.2347E-1 8.07375E-1 8.00728E-1 8.44663E-1 5.00382E-1 6.32133E-2 4.33856E-1 6.36272E-1 5.69487E-1 6.55936E-1 6.24895E-1 5.41326E-1 5.67118E-2 7.08007E-1 4.38572E-1 5.90887E-1 7.40884E-1 3.35557E-1 6.8326E-1 6.59591E-1 5.45108E-1 7.64974E-1 5.58523E-1 6.75195E-1 5.83187E-1 6.57156E-1 6.26366E-1 7.40025E-1 6.49263E-1 4.70555E-1 5.52984E-1 5.72753E-1 4.92607E-1 4.88627E-1 5.69129E-1 7.34848E-1 3.39947E-1 4.69726E-1 5.5702E-1 5.36593E-1 2.15279E-1 5.40967E-1 4.46941E-1 5.14401E-1 1.97398E-1 4.14673E-1 8.44967E-1 5.70481E-1
6.72919E-2 6.80313E-1 5.46337E-2 5.85142E-1 7.30033E-1 7.05024E-1 7.74951E-1 8.57226E-1 8.47779E-1 6.43604E-1 8.68261E-1 5.70007E-1 6.51674E-1 7.36872E-1 6.70062E-1 5.68826E-1 4.60483E-1 6.01943E-1 5.09018E-1 7.77713E-1 6.266E-1 4.50281E-1 5.41827E-1 6.65986E-1 5.56188E-1 7.47548E-1 8.35368E-1 5.72009E-1 5.66438E-1 5.22545E-1 5.19488E-1 7.50082E-1 5.33811E-1 7.59879E-1 8.95016E-1 7.63754E-2 5.83716E-1 6.95992E-1 3.81206E-1 5.47826E-1 5.38093E-1 3.8982E-1 5.58381E-1 6.93509E-1 5.45326E-1 4.81082E-1 5.23207E-1 5.53402E-1 5.83154E-1 5.89647E-1 4.25502E-1 6.75557E-1 7.80948E-1 7.8252E-2 7.0055E-1 8.38251E-1 3.41906E-1 6.64697E-1
7.33731E-1 9.57884E-1 5.56594E-1 7.00588E-1 9.05948E-1 5.69572E-1 3.40783E-1 8.85259E-1 5.59268E-1 4.73028E-1 5.79661E-2 5.72547E-1 8.37891E-1 6.50749E-1 6.96652E-1 5.43205E-1 6.32434E-1 4.22888E-1 5.5739E-1 6.19375E-1 6.78933E-1 6.09068E-1 6.00614E-1 4.79238E-1 7.08763E-1 7.13287E-1 6.99328E-1 3.8988E-1 5.10706E-2 5.75295E-1 6.62796E-1 4.54038E-1 6.91649E-1 7.84828E-1 8.22896E-1 4.28483E-1 6.00172E-1 5.58494E-1 6.33891E-1 5.50255E-1 3.49947E-1 4.30665E-1 3.76969E-1 4.78816E-1 4.48712E-1 4.22478E-1 8.05958E-1 5.80929E-1 7.24446E-1 5.05467E-1 5.36183E-1 7.38332E-1 4.96607E-1 7.15782E-1 5.9564E-1 4.82632E-1 5.6575E-1 5.21754E-1
7.30712E-1 7.32656E-1 5.95288E-1 7.19579E-1 5.77649E-1 9.35651E-1 5.4209E-1 6.11304E-1 5.48461E-1 5.81578E-1 5.51609E-1 3.73575E-1 6.07422E-1 6.13422E-1 5.2197E-1 5.6798E-1 7.01723E-1 7.99199E-1 5.0822E-1 6.07151E-1 7.86751E-1 9.06135E-1 6.60694E-1 9.01216E-1 4.77563E-1 7.89198E-1 7.23649E-1 5.28947E-2 3.5438E-1 3.25904E-1 5.95469E-1 4.7318E-1 5.58766E-1 6.40832E-2 6.02036E-1 5.28195E-1 9.00572E-1 7.06565E-1 5.4797E-1 3.48258E-1 5.89834E-1 3.33806E-1 3.84077E-1 6.04777E-1 6.29135E-1 6.27352E-1 5.97884E-1 8.28496E-2 7.38159E-1 4.55209E-1 5.99545E-1 3.1401E-1 3.86244E-1 3.92977E-1 7.73675E-1 4.95103E-1 5.43755E-1 6.02513E-1
9.23835E-1 7.83153E-1 4.91793E-1 6.78573E-1 3.99238E-1 7.36472E-1 8.47153E-1 8.21043E-1 5.71889E-1 6.63074E-1 8.46676E-1 4.56486E-1 7.11287E-1 7.69783E-1 8.30002E-1 5.41334E-2 6.76658E-1 8.48466E-1 6.7332E-1 5.69263E-1 4.59722E-1 6.03394E-1 6.45536E-1 4.57558E-1 5.38118E-1 4.58521E-1 5.88944E-2 5.21784E-1 3.69525E-1 3.48829E-1 6.30551E-1 1.42173E-1 4.39938E-1 4.29965E-1 6.81733E-1 5.19556E-1 7.60387E-1 6.72627E-1 6.8478E-1 3.54264E-1 8.11132E-1 8.42083E-1 5.77996E-1 5.44286E-1 5.2438E-1 6.03852E-1 7.7519E-1 1.54044E-1 7.23508E-1 6.35085E-1 4.18974E-1 4.97484E-1 4.48133E-1 5.81253E-1 6.08938E-1 7.75668E-1 6.6289E-1 5.99453E-1
9.83344E-1 7.59637E-1 7.1112E-1 1.62504E-1 5.15983E-1 7.40733E-1 3.13986E-1 9.26095E-1 6.89563E-1 6.1814E-1 5.90824E-1 5.99682E-1 5.97494E-1 7.36579E-1 8.2496E-1 6.27608E-1 5.47679E-2 6.80039E-1 7.09734E-1 1.3925E-1 6.9085E-1 2.85618E-1 5.73027E-1 6.91305E-1 2.76026E-1 6.35902E-1 5.44995E-1 5.36362E-1 7.38747E-1 1.87323E-1 6.9605E-1 5.5016E-1 6.92716E-1 3.23443E-1 3.01583E-1 4.90654E-1 6.95495E-1 7.18595E-1 4.99456E-1 5.54058E-1 6.11987E-1 2.72943E-1 4.47309E-1 3.51243E-1 7.18945E-1 2.28631E-1 4.76676E-1 6.0049E-1 4.6601E-1 6.21661E-1 4.47389E-1 7.64502E-1 4.47527E-1 8.02521E-1 3.42055E-1 4.97483E-1 6.38703E-1 3.73976E-1
6.96825E-1 8.06186E-1 8.81039E-1 7.47289E-1 8.78227E-1 7.098E-1 4.07979E-1 6.84187E-1 8.25923E-1 6.14612E-1 8.1817E-1 6.64891E-1 6.54281E-1 7.33287E-1 3.97716E-1 6.37343E-1 3.50109E-1 6.08315E-1 5.37042E-1 5.30497E-1 5.78927E-1 8.67025E-1 7.62281E-1 4.25916E-1 5.7171E-1 7.77044E-1 7.51169E-1 7.7196E-1 4.34519E-1 8.93151E-1 5.5398E-1 7.98132E-1 3.53606E-1 1.26688E-1 3.41506E-1 6.9448E-1 4.90887E-1 5.76883E-1 6.71622E-1 2.51285E-1 3.75733E-1 5.60738E-1 5.40993E-1 6.82224E-1 5.73124E-1 4.91681E-1 3.92651E-1 5.54638E-1 3.66174E-1 7.35876E-1 4.51403E-1 6.89996E-1 1.61637E-1 2.20994E-1 6.24252E-1 5.8152E-1 4.17671E-1 8.41428E-1
4.30531E-1 4.7345E-1 8.46999E-1 8.20394E-1 6.86679E-1 8.72083E-1 7.62429E-1 7.1524E-1 8.88188E-1 6.91849E-1 3.66045E-1 7.0882E-1 5.50228E-1 6.46161E-1 5.59599E-1 5.24854E-1 5.86212E-1 5.70284E-1 7.84283E-1 6.23452E-1 5.96568E-1 8.77999E-1 5.76068E-1 4.65501E-1 6.34153E-1 6.91722E-1 6.06088E-1 3.224E-1 5.63085E-1 7.16478E-1 5.64107E-1 6.31526E-1 5.3931E-1 7.07352E-1 6.89244E-1 7.85183E-1 3.49045E-1 6.51813E-1 5.86883E-1 3.53386E-1 2.25011E-1 2.54396E-1 1.9017E-1 4.4294E-1 5.91428E-1 5.53671E-1 5.68043E-1 5.19014E-1 7.90272E-1 6.02075E-1 3.77744E-1 7.62911E-1 6.05389E-1 6.59232E-1 5.65572E-1 4.06878E-1 4.70575E-1 5.70459E-1
