outputs/pantheraTigris_stddev.asc
ncols         290
nrows         290
xllcorner     68.0
yllcorner     8.0
cellsize      0.1
NODATA_value  -9999
[rows 130 to 155 of 290, columns 116 to 173 of 290]
4.16996E-2 4.10967E-2 4.55622E-2 6.09783E-2 3.00408E-2 3.35982E-2 4.03073E-2 1.46154E-2 6.92603E-2 3.74799E-2 4.57243E-2 4.32466E-2 1.01056E-1 7.47611E-2 8.81245E-2 2.37035E-2 3.35986E-2 2.83188E-2 2.93493E-2 2.43343E-2 4.77609E-2 6.42748E-2 6.49911E-2 1.26405E-2 4.20483E-2 5.80205E-2 9.34595E-2 3.8329E-2 4.21688E-2 8.07269E-2 2.73175E-2 2.68916E-2 1.64363E-2 3.01629E-2 3.98121E-2 4.6812E-2 4.52185E-2 6.21943E-2 6.8533E-2 3.27435E-2 3.35286E-2 2.42038E-2 8.77158E-2 1.00417E-1 5.45213E-2 1.27471E-1 3.65584E-2 4.95898E-2 4.70926E-2 5.95412E-2 1.06862E-1 2.23901E-2 5.02805E-2 4.64519E-2 1.40641E-1 1.12574E-1 1.37488E-1 1.28176E-1
1.02912E-1 3.7259E-2 3.34519E-2 1.21333E-1 1.29956E-2 2.15998E-2 3.69308E-2 3.41921E-2 1.12859E-1 3.66761E-2 2.07485E-2 2.3284E-2 5.01195E-2 8.21217E-2 1.05062E-1 2.03597E-2 2.58538E-2 3.99874E-2 5.80768E-2 4.00054E-2 3.51342E-2 4.2903E-2 3.15059E-2 1.92948E-2 2.60165E-2 3.5564E-2 2.06101E-2 3.30302E-2 3.47287E-2 6.32433E-2 3.43778E-2 2.10142E-2 8.31925E-2 3.30623E-2 5.31856E-2 1.04581E-1 5.10282E-2 5.11116E-2 8.69208E-2 3.11837E-2 7.76186E-2 1.14398E-1 6.3144E-2 2.84753E-2 7.55119E-2 1.25583E-1 3.27787E-2 5.6557E-2 9.63969E-2 9.86985E-2 3.22092E-2 7.35762E-2 3.6453E-2 4.98479E-2 9.2638E-2 1.16613E-1 4.10747E-2 9.0791E-2
3.59211E-2 1.18774E-2 4.49495E-2 1.92156E-2 7.51521E-2 2.70362E-2 3.1503E-2 1.87762E-2 1.46654E-2 1.35573E-2 2.99539E-2 3.47842E-2 5.61286E-2 4.24355E-2 1.03575E-2 2.92505E-2 5.45234E-2 1.00596E-1 3.05286E-2 2.80271E-2 3.2747E-2 6.39997E-2 1.486E-2 9.70558E-2 4.65476E-2 4.61783E-2 5.46797E-2 4.67846E-2 1.30163E-1 3.13106E-2 3.95012E-2 4.26645E-2 4.22101E-2 3.66141E-2 1.67931E-2 3.92583E-2 1.2236E-1 4.43186E-2 3.60585E-2 5.6718E-2 1.22208E-1 5.00874E-2 6.69569E-2 9.2251E-2 4.88988E-2 4.57582E-2 3.25432E-2 9.57697E-2 6.82554E-2 8.62791E-2 6.87147E-2 7.11075E-2 1.95481E-2 7.87413E-2 4.64101E-2 5.73032E-2 1.13483E-1 3.15174E-2
1.40863E-2 1.63911E-2 4.35475E-2 3.42095E-2 6.92116E-2 5.06909E-2 9.02184E-2 2.54846E-2 1.07349E-1 5.95368E-2 8.22502E-2 8.208E-2 4.19836E-2 4.22693E-2 2.34556E-2 5.90107E-2 4.45439E-2 4.42505E-2 4.38775E-2 8.07563E-2 9.16969E-2 5.39847E-2 4.11791E-2 2.60229E-2 3.08153E-2 2.182E-2 1.8974E-2 1.6602E-2 3.92756E-2 4.90726E-2 7.00609E-2 5.66916E-2 6.58079E-2 3.3495E-2 5.48229E-2 1.62961E-2 2.59258E-2 1.15903E-1 5.16565E-2 6.51887E-2 4.27089E-2 1.21942E-1 4.27658E-2 2.53809E-2 5.82571E-2 4.05302E-2 6.57573E-2 5.61626E-2 7.73031E-2 3.38107E-2 3.22654E-2 5.54103E-2 2.37561E-2 4.92787E-2 6.82872E-2 7.61748E-2 4.43326E-2 4.47755E-2
2.75285E-2 4.32976E-2 4.49803E-2 9.44012E-2 4.14387E-2 8.73357E-2 4.06196E-2 4.12787E-2 3.20345E-2 3.4302E-2 3.98624E-2 2.3219E-2 9.86942E-2 3.49794E-2 2.64919E-2 3.61969E-2 2.85343E-2 2.78912E-2 4.13595E-2 4.96231E-2 4.96594E-2 4.55525E-2 3.59712E-2 2.24413E-2 4.48043E-2 3.86949E-2 1.22573E-1 3.1479E-2 6.42893E-2 6.67248E-2 5.64671E-2 3.73656E-2 9.49008E-2 4.66883E-2 1.02847E-1 2.94761E-2 5.26112E-2 2.22827E-2 4.59129E-2 5.97456E-2 8.70764E-2 7.80226E-2 5.31907E-2 5.84527E-2 1.25451E-1 3.4817E-2 5.55051E-2 4.52626E-2 2.85108E-2 4.1039E-2 4.7872E-2 4.35851E-2 4.41286E-2 1.3048E-1 3.99107E-2 3.56115E-2 5.61873E-2 1.47772E-1
4.21606E-2 6.18764E-2 4.7265E-2 2.08053E-2 1.07714E-1 3.71828E-2 5.87727E-2 3.0812E-2 1.38808E-1 8.73142E-2 5.01612E-2 5.3253E-2 6.41146E-2 4.7571E-2 8.48376E-2 1.00309E-1 2.28108E-2 3.36497E-2 5.29391E-2 2.81731E-2 5.15625E-2 7.49683E-2 5.65033E-2 7.34846E-2 2.91465E-2 1.94494E-2 1.28772E-1 4.29471E-2 3.52437E-2 3.69872E-2 9.10494E-2 9.2627E-2 7.25436E-2 9.77715E-2 3.72376E-2 3.94206E-2 4.42952E-2 6.53536E-2 3.89889E-2 9.99054E-2 2.18038E-2 9.03879E-2 8.97369E-2 6.10564E-2 3.51905E-2 4.74888E-2 4.21769E-2 6.79908E-2 3.87184E-2 9.45903E-2 5.05763E-2 5.85511E-2 8.92015E-2 8.54516E-2 5.04856E-2 4.50388E-2 5.75817E-2 3.47411E-2
5.18989E-2 3.48275E-2 4.65098E-2 5.21552E-2 4.31731E-2 1.55546E-2 2.48987E-2 6.51442E-2 2.81635E-2 3.1504E-2 5.7181E-2 9.41441E-2 4.48788E-2 3.31667E-2 1.44127E-2 1.78288E-2 4.27402E-2 4.44016E-2 2.36664E-2 8.3938E-2 1.56817E-2 1.00267E-1 8.85961E-2 3.83898E-2 8.24687E-2 2.51824E-2 3.01326E-2 5.63754E-2 1.12792E-1 2.86663E-2 5.42765E-2 6.77729E-2 4.46643E-2 2.74011E-2 4.24828E-2 4.35615E-2 3.84173E-2 1.04607E-1 7.19423E-2 3.89665E-2 7.33892E-2 4.94782E-2 2.90798E-2 1.66563E-2 3.12438E-2 4.46124E-2 4.25991E-2 4.18848E-2 7.27432E-2 1.07883E-1 8.5525E-2 2.9855E-2 7.36423E-2 3.55228E-2 6.98095E-2 5.55946E-2 5.57175E-2 1.20874E-1
3.23155E-2 3.21442E-2 3.46436E-2 4.77451E-2 4.80874E-2 5.17146E-2 4.67923E-2 2.11894E-2 1.55476E-2 4.62724E-2 3.24696E-2 4.64334E-2 2.41777E-2 4.5876E-2 7.74629E-2 3.63465E-2 3.13448E-2 4.89549E-2 4.24193E-2 1.97181E-2 3.01238E-2 5.68089E-2 4.66382E-2 1.66585E-2 4.8157E-2 3.09835E-2 1.14686E-1 3.67015E-2 5.71259E-2 8.76361E-2 4.90998E-2 1.76443E-2 2.83788E-2 7.6694E-2 3.49962E-2 3.76716E-2 4.96113E-2 4.69187E-2 9.3303E-2 3.16949E-2 2.22141E-2 4.61955E-2 8.5539E-2 4.39585E-2 3.13269E-2 1.02809E-1 3.85141E-2 5.28203E-2 8.25966E-2 8.21765E-2 3.88063E-2 3.36567E-2 4.02372E-2 3.40555E-2 1.09787E-1 3.33481E-2 5.10107E-2 9.44696E-2
9.18876E-2 3.60143E-2 3.6037E-2 1.13264E-1 5.03194E-2 3.5026E-2 2.8339E-2 6.71105E-2 1.86761E-2 5.29765E-2 4.3455E-2 5.48726E-2 8.48444E-3 4.74426E-2 1.94905E-2 8.24448E-2 4.06447E-2 2.77827E-2 2.13649E-2 4.78638E-2 3.47675E-2 2.15068E-2 2.97609E-2 5.66296E-2 6.52912E-2 1.03199E-1 8.82686E-2 9.68702E-2 4.32661E-2 5.2531E-2 4.11671E-2 8.38931E-2 1.03887E-1 4.57211E-2 2.038E-2 4.05185E-2 4.22867E-2 1.01256E-1 6.32445E-2 5.24087E-2 3.1714E-2 4.62937E-2 4.41154E-2 3.80672E-2 3.95698E-2 9.19904E-2 8.85882E-2 3.17246E-2 1.18309E-1 3.90446E-2 2.16151E-2 8.91268E-2 6.09074E-2 4.4631E-2 3.58148E-2 3.67983E-2 4.17073E-2 4.56837E-2
1.13333E-2 8.51529E-2 1.88982E-2 2.06664E-2 2.20129E-2 6.23643E-2 1.29549E-1 9.05317E-2 6.74942E-2 4.86735E-2 8.45953E-2 2.82156E-2 4.26332E-2 6.68314E-2 2.97231E-2 2.75457E-2 8.56375E-2 4.6813E-2 8.31869E-2 3.54855E-2 5.14888E-2 4.13689E-2 4.38024E-2 4.56272E-2 9.03222E-2 4.76958E-2 2.87817E-2 5.70781E-2 5.37857E-2 4.82311E-2 8.46692E-2 5.24367E-2 2.88149E-2 7.30422E-2 8.35977E-2 5.59285E-2 3.32698E-2 5.58207E-2 6.69578E-2 3.25785E-2 6.77861E-2 8.79956E-2 6.23791E-2 5.73646E-2 7.75405E-2 9.94136E-2 9.07028E-2 5.19431E-2 1.21135E-1 9.51053E-2 6.12131E-2 3.76054E-2 4.01787E-2 5.66586E-2 5.7565E-2 6.8847E-2 4.57764E-2 9.49682E-2
7.56658E-2 5.7007E-2 3.10048E-2 4.70862E-2 3.64518E-2 4.90354E-2 3.18731E-2 2.27143E-2 3.99533E-2 5.92299E-2 7.53933E-2 3.8409E-2 3.83339E-2 6.88609E-2 1.02085E-1 4.35756E-2 5.73165E-2 1.11502E-1 3.18359E-2 5.10485E-2 2.55806E-2 3.53563E-2 1.35425E-1 4.52228E-2 5.96394E-2 6.15796E-2 2.10127E-2 1.11958E-1 4.01301E-2 3.54666E-2 3.03472E-2 5.09645E-2 6.70306E-2 9.7296E-2 1.81345E-2 6.77592E-2 2.93847E-2 6.02929E-2 3.17197E-2 4.67857E-2 4.38214E-2 6.54312E-2 4.28191E-2 3.86591E-2 1.12312E-1 4.58674E-2 6.60879E-2 5.39216E-2 8.24478E-2 2.38794E-2 3.58698E-2 9.44901E-2 6.03582E-2 5.66381E-2 3.84625E-2 6.24542E-2 2.76899E-2 4.25544E-2
3.50627E-2 4.22547E-2 4.58357E-2 6.27207E-2 5.35125E-2 3.24327E-2 4.03341E-2 5.52412E-2 3.83126E-2 4.35587E-2 3.5412E-2 4.20778E-2 2.56332E-2 2.15957E-2 7.54401E-2 2.22911E-2 2.30058E-2 9.03985E-2 1.14029E-1 6.96655E-2 1.01362E-1 4.27047E-2 1.29464E-2 3.91249E-2 6.07095E-2 6.9083E-2 1.37772E-1 4.98784E-2 4.496E-2 8.49773E-2 1.89128E-2 5.28726E-2 4.73191E-2 1.04058E-1 4.25666E-2 4.13814E-2 6.062E-2 3.12364E-2 1.06049E-1 2.20537E-2 2.92476E-2 3.38902E-2 3.85289E-2 3.69718E-2 1.31318E-1 1.13262E-1 7.71446E-2 9.8737E-2 5.6824E-2 7.11743E-2 8.69027E-2 4.00675E-2 2.95857E-2 3.67746E-2 4.55981E-2 5.30132E-2 5.12044E-2 4.62923E-2
6.08669E-2 3.79495E-2 3.29298E-2 5.25377E-2 3.90408E-2 3.24675E-2 8.76898E-2 5.53063E-2 1.59353E-2 6.48596E-2 2.74518E-2 4.9572E-2 4.94991E-2 2.88096E-2 5.3328E-2 4.0255E-2 3.99852E-2 6.69575E-2 5.49332E-2 3.61923E-2 8.75872E-2 2.77245E-2 4.46122E-2 4.50411E-2 6.91525E-2 7.45847E-2 7.09147E-2 3.35855E-2 3.75267E-2 6.12167E-2 5.97124E-2 2.75136E-2 3.88771E-2 4.78865E-2 6.16956E-2 5.34873E-2 9.84348E-2 4.19185E-2 6.93611E-2 4.25062E-2 8.36471E-2 3.88106E-2 3.55197E-2 6.41707E-2 4.96098E-2 2.65329E-2 4.38099E-2 6.53424E-2 9.23252E-2 7.05586E-2 5.72044E-2 4.02485E-2 4.7117E-2 1.05969E-1 6.66733E-2 4.79328E-2 3.91802E-2 2.69308E-2
4.90327E-2 4.03243E-2 6.93057E-2 1.07997E-1 8.35249E-2 5.35415E-2 7.26289E-2 1.83466E-2 4.38274E-2 1.33993E-2 2.61101E-2 4.654E-2 5.84571E-2 2.54656E-2 4.52652E-2 6.28523E-2 6.32482E-2 4.85191E-2 5.13832E-2 3.42669E-2 2.81821E-2 6.50679E-2 8.79157E-2 1.04571E-1 6.2392E-2 4.7237E-2 5.94128E-2 5.7686E-2 3.87783E-2 3.94729E-2 3.09138E-2 1.29602E-1 4.22706E-2 6.46028E-2 3.85143E-2 5.6782E-2 9.11741E-2 2.09314E-2 3.09653E-2 4.76056E-2 3.90907E-2 3.85071E-2 3.68679E-2 4.38575E-2 4.09689E-2 3.20195E-2 6.04319E-2 1.37542E-1 7.17271E-2 3.28251E-2 4.91189E-2 3.4012E-2 6.8395E-2 3.93532E-2 3.95779E-2 6.21139E-2 4.15434E-2 3.64816E-2
3.93874E-2 1.99333E-2 1.01233E-1 4.06879E-2 5.29939E-2 3.91864E-2 2.01219E-2 7.33307E-2 7.70715E-2 9.84534E-2 3.97634E-2 6.43566E-2 1.6965E-2 8.65599E-2 5.34989E-2 2.9843E-2 4.16595E-2 2.94297E-2 4.56758E-2 4.96089E-2 4.28692E-2 3.15223E-2 6.23257E-2 5.73222E-2 9.34508E-2 7.33867E-2 1.72326E-1 5.39355E-2 6.10462E-2 7.02246E-2 8.57657E-2 8.65803E-2 7.98058E-2 4.81935E-2 3.19379E-2 6.56853E-2 3.59827E-2 5.05357E-2 4.61209E-2 2.67163E-2 4.33203E-2 1.30954E-1 3.10936E-2 4.04627E-2 3.77415E-2 6.70997E-2 3.87669E-2 4.79869E-2 6.65416E-2 3.88367E-2 3.97033E-2 7.4917E-2 1.24618E-1 6.47879E-2 4.42178E-2 6.20536E-2 5.5967E-2 2.00738E-2
1.21639E-1 2.33669E-2 6.66714E-2 3.16175E-2 1.21469E-2 9.68347E-2 3.93977E-2 6.38366E-2 6.19567E-2 4.67669E-2 4.51558E-2 4.90424E-2 2.10592E-2 1.11824E-1 2.49588E-2 4.19604E-2 1.95039E-2 4.67673E-2 3.31199E-2 4.30695E-2 1.03618E-1 7.80479E-2 2.19112E-2 9.50533E-2 2.09589E-2 1.17696E-1 7.75375E-2 6.17522E-2 5.85103E-2 3.28434E-2 8.87172E-2 1.02088E-1 4.46979E-2 4.72848E-2 9.13884E-2 2.51999E-2 1.07068E-1 4.5849E-2 4.91112E-2 5.46227E-2 4.35883E-2 5.52364E-2 3.98343E-2 9.75025E-2 4.65265E-2 4.02074E-2 9.55803E-2 2.88892E-2 5.76646E-2 3.16193E-2 3.338E-2 3.93275E-2 1.49594E-2 6.45757E-2 4.94083E-2 3.66959E-2 5.84566E-2 4.2296E-2
6.62334E-2 9.50729E-2 4.58925E-2 3.28848E-2 2.26695E-2 1.0042E-1 4.50577E-2 6.02755E-2 9.17625E-2 3.3304E-2 4.65029E-2 3.18158E-2 2.67893E-2 9.82058E-2 2.34824E-2 4.67415E-2 5.17861E-2 3.83071E-2 4.07364E-2 4.5485E-2 4.68012E-2 5.67771E-2 4.22149E-2 4.26759E-2 4.11773E-2 4.68567E-2 1.09112E-1 3.57163E-2 5.66697E-2 3.8163E-2 6.73733E-2 4.16342E-2 5.57772E-2 7.18951E-2 3.81906E-2 1.13367E-1 3.59796E-2 5.74345E-2 8.21669E-2 1.16681E-1 4.42923E-2 5.31355E-2 2.64613E-2 6.19857E-2 3.63264E-2 4.12916E-2 4.02496E-2 3.47624E-2 3.09341E-2 8.53701E-2 5.23812E-2 5.21696E-2 5.53193E-2 4.96589E-2 4.46925E-2 3.4207E-2 5.16422E-2 4.19624E-2
3.83893E-2 1.24583E-1 2.62628E-2 5.49278E-2 8.42831E-2 3.4929E-2 4.66912E-2 5.86692E-2 6.24256E-2 3.81279E-2 1.08055E-1 6.9025E-2 4.6531E-2 3.81366E-2 5.13998E-2 5.11234E-2 5.96109E-2 1.04916E-1 7.4242E-2 2.51215E-2 3.96739E-2 5.53166E-2 1.07843E-1 3.89854E-2 8.2013E-2 6.13473E-2 5.154E-2 8.86579E-2 3.66721E-2 4.74426E-2 1.9737E-2 4.65907E-2 2.7232E-2 5.0105E-2 7.93845E-2 7.91346E-2 4.61949E-2 9.53326E-2 4.20967E-2 8.24521E-2 4.8111E-2 3.15444E-2 4.75563E-2 4.35619E-2 6.24129E-2 6.17652E-2 3.97098E-2 3.79605E-2 6.77273E-2 7.58737E-2 4.10257E-2 5.98135E-2 4.9607E-2 2.82813E-2 5.34347E-2 4.50275E-2 5.67032E-2 4.70567E-2
7.36487E-2 5.91589E-2 6.14251E-2 6.81702E-2 5.90375E-2 3.18219E-2 1.18153E-1 3.2824E-2 9.31371E-2 4.82377E-2 4.72608E-2 3.49747E-2 3.4601E-2 4.18715E-2 7.72538E-2 1.69079E-2 6.08633E-2 5.39385E-2 6.38932E-2 5.00384E-2 5.75061E-2 4.17977E-2 1.39169E-2 4.46129E-2 6.12296E-2 9.06429E-2 7.02758E-2 3.54123E-2 6.1072E-2 5.34804E-2 3.6238E-2 4.41087E-2 8.21826E-2 5.16281E-2 5.53023E-2 7.31946E-2 4.72183E-2 6.81624E-2 3.50704E-2 4.18277E-2 4.19744E-2 4.63484E-2 1.13273E-1 8.84819E-2 4.55125E-2 7.487E-2 8.46413E-2 4.96433E-2 5.9619E-2 5.50542E-2 5.97626E-2 3.62907E-2 6.96368E-2 5.01315E-2 3.50385E-2 4.09083E-2 4.03912E-2 5.66906E-2
1.99337E-2 4.81359E-2 1.58896E-2 5.26018E-2 5.11471E-2 4.6334E-2 7.465E-2 2.73387E-2 3.23502E-2 7.02882E-2 2.75591E-2 8.60623E-2 6.72296E-2 5.0441E-2 4.31033E-2 7.13647E-2 6.93221E-2 6.34564E-2 1.11712E-1 3.97904E-2 6.02519E-2 7.31956E-2 6.26951E-2 3.51536E-2 7.12052E-2 2.6163E-2 3.29161E-2 5.19503E-2 5.1948E-2 4.13908E-2 6.06418E-2 5.06485E-2 6.18699E-2 4.40485E-2 3.89106E-2 1.87959E-2 5.49414E-2 6.68004E-2 8.40497E-2 5.05835E-2 4.9359E-2 8.87886E-2 6.91939E-2 4.84322E-2 6.27446E-2 5.7615E-2 9.31702E-2 6.20399E-2 4.85795E-2 4.83128E-2 7.71109E-2 6.23508E-2 4.45589E-2 2.88908E-2 1.0088E-1 4.41265E-2 6.91207E-2 1.08969E-1
7.72149E-2 3.05705E-2 5.31061E-2 3.48767E-2 1.93132E-2 5.67608E-2 7.37306E-2 4.88044E-2 7.32629E-2 5.81339E-2 2.1249E-2 7.11797E-2 3.41905E-2 4.52953E-2 8.81642E-2 9.18837E-2 6.18858E-2 8.43104E-2 6.713E-2 6.41644E-2 4.5727E-2 9.64417E-2 7.38542E-2 5.16136E-2 5.26299E-2 7.99389E-2 7.46969E-2 1.09347E-1 2.17361E-2 6.23124E-2 6.16208E-2 4.85432E-2 9.12999E-2 4.68517E-2 5.25527E-2 5.14272E-2 5.38992E-2 6.20412E-2 5.00946E-2 6.66126E-2 1.00775E-1 1.3915E-1 7.56933E-2 4.93929E-2 6.49645E-2 6.87922E-2 4.02765E-2 5.65014E-2 3.28467E-2 5.66777E-2 4.68281E-2 6.05528E-2 6.54098E-2 3.37575E-2 6.99482E-2 4.63453E-2 5.78193E-2 4.33372E-2
5.50181E-2 2.37065E-2 4.90344E-2 2.88206E-2 4.93904E-2 2.4743E-2 7.30655E-2 5.06047E-2 1.27216E-1 8.35021E-2 9.44305E-2 1.35056E-1 9.09317E-2 5.73817E-2 7.71387E-2 6.83515E-2 6.11643E-2 5.96137E-2 1.18826E-1 7.11499E-2 6.0021E-2 2.9698E-2 6.85034E-2 2.77794E-2 6.28813E-2 4.90212E-2 2.31938E-2 1.85964E-2 8.05649E-2 2.95427E-2 5.93868E-2 3.74395E-2 5.60688E-2 1.60013E-2 5.0504E-2 4.4975E-2 4.01751E-2 5.25854E-2 6.46262E-2 8.87852E-2 5.16088E-2 8.93517E-2 7.68679E-2 8.88341E-2 5.08578E-2 5.88486E-2 4.36397E-2 2.07314E-2 3.74474E-2 4.43361E-2 5.23494E-2 8.07011E-2 4.95404E-2 6.63151E-2 5.65116E-2 5.42355E-2 6.88859E-2 7.59686E-2
2.31563E-2 4.57609E-2 7.53616E-2 4.72026E-2 1.04157E-1 5.83561E-2 6.33943E-2 3.075E-2 6.07958E-2 5.19418E-2 6.40584E-2 7.23041E-2 5.19152E-2 3.32923E-2 2.51022E-2 1.94747E-2 8.43415E-2 3.26949E-2 2.09099E-2 5.86873E-2 5.11505E-2 5.04229E-2 7.01487E-2 7.78114E-2 4.88028E-2 4.95185E-2 1.9956E-2 4.71697E-2 4.11096E-2 3.90758E-2 4.10543E-2 1.80617E-2 1.04641E-1 8.62262E-2 5.72331E-2 8.70958E-2 5.09932E-2 6.29239E-2 5.04668E-2 5.64958E-2 3.64963E-2 5.72524E-2 5.66132E-2 7.45863E-2 7.3466E-2 7.23643E-2 3.44955E-2 4.0489E-2 7.73792E-2 8.42279E-2 6.08873E-2 6.32873E-2 5.94524E-2 7.11659E-2 6.84869E-2 5.46677E-2 4.60533E-2 5.03924E-2
1.47412E-2 5.32078E-2 4.55799E-2 1.84184E-2 3.41121E-2 4.99259E-2 8.75117E-2 2.46859E-2 8.25305E-2 6.97894E-2 6.61603E-2 4.87962E-2 4.78635E-2 7.53598E-2 4.73494E-2 1.23242E-1 1.98839E-2 5.03059E-2 2.32952E-2 3.65048E-2 5.42274E-2 7.74948E-2 1.08842E-1 5.30177E-2 6.90634E-2 8.32802E-2 3.54611E-2 4.69794E-2 2.87443E-2 6.19541E-2 9.19744E-2 5.56463E-2 2.1752E-2 5.97703E-2 3.15414E-2 7.28753E-2 5.17786E-2 5.30882E-2 6.61555E-2 5.8388E-2 1.07192E-1 5.37861E-2 6.09026E-2 1.01414E-1 5.60647E-2 1.49291E-1 7.14572E-2 6.46039E-2 7.12321E-2 5.42615E-2 6.41719E-2 4.54473E-2 4.93697E-2 4.3013E-2 6.25568E-2 7.97359E-2 5.84386E-2 4.02617E-2
4.1357E-2 4.96968E-2 2.94144E-2 4.78303E-2 2.89168E-2 8.61254E-2 3.15243E-2 5.00684E-2 1.64626E-2 6.01384E-2 2.41811E-2 4.43621E-2 7.84833E-2 6.00596E-2 2.47976E-2 5.55966E-2 1.01989E-1 5.61249E-2 3.53465E-2 5.98796E-2 6.1363E-2 4.32388E-2 4.89135E-2 7.26036E-2 6.58495E-2 3.97334E-2 5.28629E-2 5.70722E-2 6.47257E-2 2.4295E-2 5.2422E-2 5.42643E-2 2.82311E-2 3.31845E-2 4.92347E-2 5.44659E-2 6.57649E-2 6.22772E-2 4.75194E-2 1.12504E-1 7.48173E-2 6.71992E-2 5.34868E-2 7.71619E-2 6.65204E-2 5.42738E-2 8.67169E-2 5.60658E-2 7.30874E-2 2.05458E-2 4.91248E-2 6.38409E-2 3.1264E-2 1.92586E-2 5.21169E-2 7.44071E-2 7.32244E-2 5.50029E-2
4.6662E-2 1.31042E-1 4.01017E-2 7.23164E-2 2.46118E-2 4.11422E-2 1.16851E-1 8.30186E-2 2.04225E-2 3.31196E-2 3.00335E-2 6.88171E-2 5.1692E-2 7.20537E-2 5.02378E-2 8.52899E-2 9.96247E-2 3.80467E-2 3.5312E-2 8.66243E-2 6.12612E-2 2.82861E-2 9.95247E-2 7.99586E-2 5.48625E-2 3.64297E-2 4.95968E-2 6.64021E-2 7.55805E-2 6.09239E-2 1.25003E-1 3.41853E-2 6.24766E-2 4.34096E-2 3.5508E-2 5.4497E-2 6.4576E-2 5.25869E-2 4.52313E-2 4.80773E-2 1.22668E-1 1.16396E-1 5.07967E-2 4.7514E-2 4.62737E-2 7.51713E-2 6.07571E-2 5.09043E-2 4.95638E-2 5.79121E-2 1.01598E-1 4.30545E-2 5.29747E-2 6.13538E-2 5.89187E-2 4.65866E-2 3.97646E-2 4.69757E-2
