outputs/pantheraTigris_median.asc
ncols         290
nrows         290
xllcorner     68.0
yllcorner     8.0
cellsize      0.1
NODATA_value  -9999
[rows 234 to 259 of 290, columns 58 to 115 of 290]
4.98971E-1 5.7838E-1 2.65689E-1 3.49813E-1 6.08113E-1 2.45824E-1 3.67873E-1 3.27349E-1 2.01715E-1 3.8907E-1 2.58024E-1 2.33734E-1 3.98868E-1 2.97654E-1 2.13949E-1 2.47101E-1 5.10367E-1 3.76351E-1 3.17037E-1 2.48608E-1 2.51507E-1 1.56449E-1 3.09547E-1 7.11703E-1 1.64175E-1 8.00607E-1 3.67071E-1 2.97921E-1 4.40987E-1 4.37481E-1 4.23386E-1 2.8008E-1 4.53104E-1 5.08461E-1 3.58843E-1 1.30835E-1 4.04305E-1 4.00196E-1 7.56001E-1 7.04652E-2 3.64649E-1 3.04338E-1 6.39869E-2 1.96408E-1 4.88472E-1 4.35518E-1 1.66748E-1 3.73512E-1 7.75503E-1 1.81212E-1 6.64826E-1 8.42631E-2 3.06416E-2 7.00026E-2 4.43909E-1 1.33879E-2 5.94841E-2 1.99144E-1
1.83189E-1 2.57979E-1 6.06123E-1 2.15337E-1 3.80533E-1 2.37132E-1 3.57728E-1 2.8138E-1 2.3551E-1 4.33821E-1 3.06835E-1 3.36201E-1 2.72929E-1 5.18029E-1 2.95179E-1 4.41415E-1 1.63883E-1 1.70323E-1 5.31966E-1 3.59507E-1 4.12504E-1 2.43598E-1 2.17849E-1 3.2019E-1 1.55492E-1 2.90126E-1 4.32548E-1 1.05981E-1 1.95862E-1 1.64704E-1 2.32024E-1 4.52251E-1 4.9399E-1 3.92528E-1 5.58889E-2 4.09672E-1 4.19306E-1 3.7232E-1 9.69815E-2 3.72657E-1 2.90946E-1 3.46496E-1 4.3849E-1 6.4543E-1 2.66664E-1 4.04608E-1 6.49744E-1 2.11697E-1 4.82635E-1 1.46573E-1 9.05996E-2 1.17518E-1 3.868E-2 2.84782E-1 7.34359E-2 4.75052E-2 1.61842E-1 9.68638E-2
1.91989E-1 2.55823E-1 3.13398E-1 4.3897E-1 3.5847E-1 2.88179E-1 4.4144E-1 2.0086E-1 4.54684E-1 4.56968E-1 4.70469E-1 3.77621E-1 4.39612E-1 5.83951E-1 1.76183E-1 1.14022E-1 3.32028E-1 3.7062E-1 4.36501E-1 2.69824E-1 6.53273E-1 1.78485E-1 3.44615E-1 5.99505E-1 7.65586E-1 6.08158E-1 1.03004E-1 1.40278E-1 1.7574E-1 4.77937E-1 6.15361E-2 4.37885E-1 1.6235E-1 4.13847E-1 3.87093E-1 3.9207E-1 4.62665E-1 5.33457E-1 3.33982E-1 3.34934E-1 5.39373E-1 6.54445E-1 4.52635E-1 6.74276E-1 1.44799E-1 3.15069E-1 2.32961E-1 2.02466E-1 5.2214E-2 2.25223E-2 8.10597E-2 4.39366E-1 6.16685E-1 7.89779E-2 1.03157E-1 1.37127E-1 3.84458E-2 3.09681E-1
2.69516E-1 2.19501E-1 4.7147E-1 3.80207E-1 5.32814E-1 2.27674E-1 6.26326E-1 2.48031E-1 1.96412E-1 5.64403E-2 3.88761E-1 5.96273E-1 2.8266E-1 5.82574E-1 1.60662E-1 2.81082E-1 3.38E-1 3.0423E-1 1.51729E-1 3.12222E-1 4.92061E-1 7.85013E-1 7.23548E-1 2.58483E-1 1.57669E-1 3.44826E-1 1.07564E-1 2.69905E-1 2.5856E-1 1.36807E-1 5.34606E-1 1.6515E-1 1.23898E-1 3.92564E-1 2.09612E-1 3.48316E-1 5.77834E-2 2.13803E-1 6.46513E-1 4.6526E-1 6.27548E-1 2.06456E-1 3.01061E-1 2.58278E-1 3.20548E-1 1.17893E-1 8.30266E-1 1.45755E-1 1.21328E-1 4.04881E-2 6.6824E-1 3.4552E-1 6.97328E-2 4.02161E-2 3.65561E-2 7.78494E-2 1.07173E-2 6.84918E-3
2.29223E-1 2.49017E-1 3.78414E-1 2.58088E-1 3.92948E-1 2.58101E-1 2.55771E-1 3.07504E-1 2.02055E-1 4.68904E-1 2.58232E-1 5.19998E-1 6.94185E-2 2.63084E-1 2.93067E-1 2.0552E-1 6.40673E-2 8.66154E-2 1.48772E-1 1.73472E-1 4.02811E-1 2.40259E-1 3.11976E-1 2.04975E-1 8.17811E-2 1.81992E-1 2.13927E-1 5.12749E-1 1.97553E-1 1.23177E-1 7.33253E-2 6.23563E-1 1.28163E-1 1.15179E-1 7.66561E-2 3.9025E-1 2.59587E-1 9.71395E-2 4.94922E-1 4.79867E-1 1.15724E-1 5.47097E-1 4.22175E-1 8.83535E-1 6.11934E-1 1.04423E-1 3.69236E-1 5.20538E-2 4.66615E-1 2.99275E-1 2.88355E-1 4.62532E-2 9.74178E-2 2.86525E-1 2.30126E-1 7.69662E-2 1.41075E-1 7.18431E-2
4.19013E-1 5.44803E-1 2.04252E-1 2.70854E-1 2.04254E-1 6.09593E-1 2.75873E-1 3.3834E-1 5.17973E-1 8.34642E-2 2.22433E-1 2.52733E-1 4.41039E-1 2.80905E-1 2.63206E-1 1.91601E-1 3.55209E-1 1.91062E-1 9.34775E-2 2.29861E-1 2.5791E-1 4.86546E-1 5.5992E-1 3.45378E-1 2.25814E-1 1.39786E-1 3.48585E-1 5.65641E-1 2.38193E-1 3.38452E-1 1.93584E-1 3.35772E-1 2.14846E-1 1.51987E-1 4.35152E-1 4.5942E-1 7.78545E-2 3.58322E-1 7.51205E-1 9.7253E-1 7.22497E-1 6.98985E-1 7.63633E-1 4.01648E-1 6.49027E-1 5.44243E-2 1.55827E-1 3.53373E-1 4.43013E-2 5.89317E-1 1.15466E-1 2.46937E-1 1.54566E-2 1.15062E-1 7.66417E-2 9.57919E-2 2.24446E-3 1.0499E-2
2.63348E-1 1.29693E-1 3.80484E-1 9.98451E-2 3.24207E-1 2.23551E-1 2.7071E-1 2.61329E-1 3.51241E-1 3.86362E-1 3.12033E-1 2.36169E-1 2.64261E-1 2.00406E-1 2.9135E-1 3.11694E-1 2.12128E-1 2.62017E-1 1.51386E-1 2.07286E-1 4.07257E-1 1.56974E-1 2.39986E-1 3.38647E-1 2.77918E-1 4.15161E-1 6.08889E-1 1.91146E-1 1.017E-1 6.46583E-2 1.68646E-1 1.14853E-1 2.49313E-1 1.07044E-1 1.42649E-1 1.68492E-1 1.70519E-1 6.89459E-1 7.40583E-1 3.65589E-1 9.11196E-1 5.28803E-1 4.73102E-1 2.57765E-1 1.04691E-1 9.96109E-2 7.24366E-2 9.89124E-2 1.29391E-1 8.31531E-1 5.03891E-1 1.6876E-1 1.023E-1 2.84952E-1 4.81254E-1 4.32818E-2 4.24406E-1 4.94349E-2
2.23172E-1 4.96101E-1 2.40935E-1 3.08737E-1 6.8179E-1 5.51822E-1 4.99317E-1 2.48095E-1 1.18634E-1 4.31832E-1 1.63657E-1 1.99162E-1 1.789E-1 1.07046E-1 2.77186E-1 4.5214E-1 1.91775E-1 2.44764E-1 3.23066E-1 2.87684E-1 1.86454E-1 3.22149E-1 4.92402E-1 2.40709E-1 1.47229E-1 2.78178E-1 4.88018E-1 2.02192E-1 8.14478E-2 4.79697E-1 2.47404E-1 2.53147E-1 3.31332E-1 1.59698E-1 2.83334E-2 7.35993E-2 2.77347E-1 1.66725E-1 5.40805E-1 6.7728E-1 8.31198E-1 4.84592E-1 5.687E-1 3.96327E-1 1.02829E-1 8.99587E-1 6.74159E-1 3.63074E-2 5.33258E-1 3.24921E-2 7.42349E-2 5.20426E-2 6.35753E-2 3.46173E-2 2.18116E-1 3.42564E-2 4.20446E-3 1.13274E-1
4.62527E-1 1.54565E-1 6.43914E-1 5.16618E-1 4.594E-1 3.82552E-1 2.3345E-1 4.39869E-1 3.17408E-1 2.06057E-1 8.77382E-2 2.40272E-1 2.22396E-1 2.06407E-1 1.90785E-1 2.96874E-1 2.00202E-1 2.49407E-1 2.83032E-1 1.94646E-1 1.2964E-1 1.90157E-1 5.22141E-1 7.24726E-1 3.69871E-1 3.86464E-1 3.18772E-1 4.70066E-1 3.57205E-1 3.5768E-1 1.56842E-1 2.25252E-1 5.98601E-1 4.68822E-1 5.23657E-1 7.3628E-1 2.70306E-1 1.42185E-1 5.10384E-1 2.71468E-1 3.00744E-1 6.56019E-1 2.98319E-1 4.04462E-1 8.62945E-2 8.94708E-2 7.38672E-1 8.14076E-2 5.26685E-1 4.45612E-1 1.03257E-1 3.45521E-2 2.99425E-1 5.09798E-2 1.96068E-1 6.16765E-3 3.70954E-1 6.82431E-2
2.98111E-1 5.13637E-1 2.92103E-1 2.47028E-1 7.47786E-1 1.84492E-1 2.03728E-1 3.13636E-1 4.42274E-1 3.96801E-1 2.37537E-1 2.61685E-1 2.96306E-1 3.08525E-1 2.7035E-1 2.64577E-1 3.43987E-1 1.82159E-1 2.70549E-1 4.07616E-1 1.23818E-1 5.30553E-1 4.78843E-1 5.42621E-1 1.83535E-1 4.1067E-1 3.8889E-1 1.53733E-1 3.98369E-2 2.05271E-1 8.71999E-1 8.20559E-1 3.10091E-1 9.20295E-1 8.24218E-1 8.71321E-1 9.33269E-1 9.86505E-2 2.17487E-1 3.42658E-1 3.97084E-1 3.27769E-1 5.19584E-1 1.64095E-1 7.3753E-1 7.37856E-1 6.18486E-1 2.21114E-1 7.75132E-2 4.5715E-1 4.656E-2 8.00529E-1 1.23705E-2 4.88601E-1 4.07535E-2 6.55062E-1 4.20929E-2 1.29047E-2
2.15678E-1 2.08943E-1 4.41521E-1 1.98739E-1 1.98088E-1 5.47364E-1 3.40692E-1 1.92393E-1 4.29049E-1 1.23264E-1 2.32172E-1 2.29427E-1 2.48966E-1 1.94491E-1 2.6386E-1 2.31485E-1 4.64571E-1 6.25559E-1 5.95366E-1 3.88714E-1 3.65745E-1 6.10677E-1 4.35698E-1 2.01275E-1 2.46955E-1 3.35587E-2 2.69001E-2 5.22253E-1 5.84542E-1 3.55236E-1 1.73394E-1 6.08209E-1 8.3844E-1 6.7315E-1 5.71096E-1 2.88967E-1 9.54826E-1 7.96861E-1 7.27107E-2 8.78575E-1 8.70725E-1 4.43648E-1 4.23534E-1 8.63802E-1 4.5251E-2 4.19266E-1 3.48158E-1 7.68775E-2 7.50028E-2 1.06795E-1 1.94254E-2 3.61665E-1 9.53052E-3 6.87091E-2 5.86503E-3 3.60764E-2 8.37281E-2 1.75471E-1
2.45262E-1 3.47974E-1 5.10958E-1 3.35474E-1 1.87798E-1 6.06309E-1 3.36759E-1 5.55295E-1 3.98728E-1 1.30918E-1 2.30365E-1 2.41498E-1 2.11717E-1 4.17032E-1 3.26891E-1 5.57458E-1 6.17984E-1 4.81607E-1 3.93452E-1 1.9999E-1 5.68874E-1 6.95298E-1 1.55586E-1 3.23396E-1 1.74626E-1 1.86033E-2 3.0069E-1 5.61227E-1 3.81843E-1 7.80046E-1 8.65999E-1 9.99662E-1 9.57758E-1 9.43435E-1 2.83835E-1 8.43294E-1 9.44329E-1 6.19312E-1 4.79147E-2 9.26594E-1 4.76444E-1 7.93537E-1 6.72175E-1 2.42741E-1 6.38434E-1 6.33003E-2 5.06644E-1 7.05855E-1 3.65385E-1 6.03221E-2 1.16313E-2 9.50151E-3 1.49447E-2 3.60229E-1 5.55488E-1 7.27013E-2 2.35254E-2 3.20013E-2
2.29984E-1 5.50846E-1 2.72093E-1 6.4015E-1 3.59365E-1 5.38911E-1 4.66695E-1 1.17103E-1 3.10825E-1 1.9604E-1 5.01392E-1 5.78194E-1 6.14816E-1 3.61091E-1 3.0942E-1 3.53105E-1 4.01324E-1 6.98116E-1 3.38292E-1 6.54159E-1 4.77033E-1 5.06268E-1 3.0426E-1 2.67162E-1 1.45823E-1 1.54027E-1 4.05091E-1 3.20871E-1 9.57764E-2 6.00126E-1 9.12227E-1 5.55023E-1 6.28672E-1 9.08155E-1 8.41978E-1 1.45049E-1 7.24893E-1 8.88759E-1 1.56689E-1 8.14105E-1 1.5966E-1 6.35701E-1 7.65315E-1 7.30525E-1 1.7717E-2 5.14321E-1 2.46382E-1 6.72929E-1 3.97076E-1 9.1363E-2 4.76862E-1 2.52221E-1 7.6318E-2 3.31594E-2 6.54496E-2 2.50686E-1 6.40535E-2 3.27939E-2
5.34846E-1 2.34882E-1 3.03158E-1 3.4168E-1 3.97075E-1 2.21908E-1 2.61507E-1 3.84789E-1 3.64304E-1 3.05916E-1 5.62891E-1 3.3947E-1 3.42542E-1 8.43389E-1 5.55927E-1 4.15432E-1 3.44699E-1 4.70326E-1 3.79071E-1 1.49276E-1 3.4264E-1 4.36188E-1 9.41005E-2 6.12884E-1 3.83733E-1 1.20455E-1 4.4277E-1 3.20284E-1 9.80987E-1 4.25471E-1 2.67949E-1 9.24214E-1 9.92409E-1 3.75606E-1 7.34093E-2 2.32703E-1 8.03636E-2 8.26779E-1 8.7867E-1 8.76493E-1 7.25006E-1 6.13799E-2 5.60259E-2 4.02014E-1 7.49256E-1 4.62721E-2 7.97083E-2 1.96144E-1 1.22972E-1 2.77296E-1 5.74329E-1 4.9608E-1 1.19732E-1 1.88648E-2 4.61984E-2 3.69559E-2 1.61139E-2 1.96283E-2
3.41304E-1 2.72772E-1 2.49907E-1 5.9179E-1 3.44709E-1 3.18936E-1 1.74564E-1 3.18251E-1 4.24133E-1 3.31021E-1 1.47264E-1 1.78244E-1 3.53887E-1 3.42981E-1 4.0391E-1 4.47647E-1 5.49342E-1 1.84131E-1 5.18279E-1 1.97462E-1 2.06811E-1 1.33127E-1 1.68638E-2 8.22159E-1 3.78071E-1 4.8267E-1 4.18929E-1 1.32951E-1 3.15161E-1 4.38262E-1 2.30286E-1 2.19622E-1 8.42816E-1 7.60359E-1 5.73141E-1 1.15668E-1 1.38822E-1 1.30163E-1 3.90329E-1 5.28063E-1 3.18674E-2 2.08077E-2 3.69865E-1 2.16677E-1 6.76175E-2 2.98727E-1 8.51893E-2 2.45357E-1 2.47855E-1 3.92454E-1 1.17318E-2 6.55106E-2 2.82232E-1 2.44091E-2 2.95766E-2 4.15727E-2 7.90859E-2 5.5062E-3
1.93735E-1 2.17109E-1 2.71272E-1 1.50062E-1 2.00997E-1 4.48146E-1 2.69445E-1 5.46953E-1 1.10666E-1 2.09034E-1 2.82549E-1 4.00623E-1 2.1948E-1 3.73643E-1 4.33116E-1 5.58881E-1 3.33563E-1 3.87402E-1 1.74442E-1 2.92691E-1 1.22254E-1 4.97693E-1 1.60181E-1 6.973E-1 1.51194E-1 2.84467E-1 4.80187E-1 5.3388E-1 7.49245E-1 1E0 1.63294E-1 1.60543E-1 3.42527E-1 1.68821E-1 7.35292E-1 5.76289E-1 7.82315E-1 7.12983E-1 2.74244E-2 7.65727E-2 4.23163E-2 2.41008E-1 7.29913E-1 2.09355E-1 3.37694E-1 8.81664E-2 2.39578E-1 3.24551E-2 4.28358E-1 1.4297E-2 6.26103E-2 8.03421E-2 5.05825E-1 2.48112E-2 4.56481E-2 5.67865E-2 1.70073E-2 6.81139E-2
5.55265E-1 1.81348E-1 3.35414E-1 2.79306E-1 2.78049E-1 2.89921E-1 4.23361E-1 2.67908E-1 7.06646E-1 1.75967E-1 1.18195E-1 5.10352E-1 3.37543E-1 2.10276E-1 8.4184E-1 1.03161E-1 3.956E-1 7.10384E-1 1.07825E-1 3.01655E-2 5.96723E-1 6.04735E-1 5.92932E-1 3.70504E-1 1.46783E-1 1.86373E-1 4.58606E-1 5.32255E-1 2.66857E-1 8.48452E-1 4.40508E-1 4.42297E-1 3.03573E-1 2.66726E-1 3.76636E-2 5.49253E-1 3.84102E-1 2.65715E-2 6.49501E-1 2.76507E-1 2.29526E-1 7.70113E-1 2.69789E-2 2.56628E-2 3.47858E-2 4.84982E-1 1.04918E-1 3.16538E-1 3.43775E-1 1.38731E-1 9.70666E-2 1.21734E-1 3.68278E-2 7.37422E-2 3.66788E-2 2.06796E-1 7.51778E-2 1.05283E-1
1.12835E-1 6.18958E-1 5.06632E-1 6.31692E-1 3.32509E-1 6.24967E-1 1.83987E-1 1.95389E-1 1.90754E-1 4.71967E-1 6.11637E-1 4.46915E-1 1.38335E-1 3.3864E-1 2.63622E-1 4.64905E-1 7.27387E-2 3.70659E-2 1.49075E-1 9.28251E-1 5.12849E-1 7.62831E-1 4.91937E-1 1.50563E-1 3.44115E-1 4.56333E-1 9.99993E-1 9.46785E-1 8.47446E-1 9.95262E-1 9.99622E-1 7.37283E-1 1.31546E-1 5.28418E-1 5.47656E-1 5.0698E-1 5.03932E-1 3.29434E-2 5.82476E-1 4.94536E-2 4.09495E-1 3.66603E-1 6.31804E-2 7.60143E-2 6.21532E-2 2.76241E-2 3.8571E-1 3.93203E-1 9.71119E-2 3.11912E-1 8.27051E-2 2.01938E-1 6.72689E-2 5.96429E-2 6.82009E-3 3.36325E-2 1.29512E-1 5.72991E-1
3.02223E-1 3.44154E-1 5.89133E-1 4.85188E-1 3.88869E-1 1.66985E-1 1.65482E-1 2.22284E-1 4.63231E-1 2.94107E-1 3.00243E-1 1.85419E-1 2.05657E-1 4.1502E-1 4.04724E-1 4.05488E-1 7.89157E-1 4.27825E-1 2.90902E-1 2.736E-1 2.84838E-1 4.75431E-1 5.5112E-1 5.41308E-1 3.05588E-1 9.23627E-1 7.78428E-1 8.69644E-1 9.99748E-1 1.27205E-1 8.89092E-1 8.52251E-1 8.04466E-1 8.02082E-1 1.65967E-1 1.19219E-1 2.5813E-1 5.99212E-1 4.25449E-1 9.68913E-2 3.74727E-1 3.26546E-1 4.88358E-1 7.27534E-1 7.14737E-2 3.02854E-2 3.93766E-1 2.7801E-2 2.27188E-1 2.98642E-1 3.2553E-1 6.27789E-2 6.36234E-1 4.9643E-2 5.35606E-1 3.54006E-2 9.25056E-2 7.01308E-3
3.16019E-1 5.54613E-1 4.01145E-1 5.30289E-1 2.25055E-1 2.56374E-1 3.56654E-1 4.41337E-1 4.44029E-1 5.21933E-1 2.12381E-1 4.23215E-1 2.36854E-1 3.5091E-1 1.52763E-1 4.08007E-1 2.59776E-1 4.79548E-1 1.60866E-1 9.14951E-1 3.34167E-1 4.13505E-1 4.82498E-1 5.24031E-2 2.20689E-1 2.00611E-1 8.3077E-1 9.49253E-1 1.56027E-1 9.42066E-1 5.05498E-1 4.20175E-1 4.5485E-2 1.32754E-1 1.03018E-1 2.40855E-1 4.07954E-1 5.57873E-2 2.71412E-1 1.30717E-1 2.60721E-2 1.93539E-2 4.62378E-1 2.51484E-1 2.65646E-1 1.87999E-2 3.75316E-1 4.26766E-2 6.07809E-2 2.61296E-1 1.84664E-2 3.57654E-2 5.02748E-2 3.33776E-2 4.88253E-2 3.41587E-2 5.80372E-3 4.44176E-1
6.3789E-1 4.05022E-1 5.37061E-1 3.19032E-1 3.56853E-1 2.8836E-1 3.54366E-1 3.17329E-1 2.32893E-1 1.71501E-1 1.68142E-1 4.47039E-1 3.03762E-1 4.38338E-1 2.90486E-1 3.69712E-1 9.20103E-1 4.20924E-1 6.65134E-1 4.67756E-1 3.84433E-1 2.70595E-1 6.55636E-1 5.69708E-1 7.99353E-1 4.88785E-1 9.68965E-1 9.45073E-1 1.26974E-1 7.43962E-1 1.91665E-1 3.85021E-1 5.67903E-1 6.81283E-1 7.46946E-1 3.11443E-2 3.24468E-1 1.57052E-1 5.64501E-2 2.85782E-2 6.07716E-2 4.28357E-1 5.69549E-2 2.9232E-1 7.20554E-2 1.53091E-1 9.33347E-2 1.11508E-1 2.92672E-1 2.56824E-2 7.89579E-2 8.11658E-2 2.47297E-2 4.83281E-2 6.19923E-2 8.68736E-3 7.04756E-3 3.22634E-2
1.43495E-1 4.81744E-1 5.13894E-1 2.06242E-1 3.20213E-1 3.88853E-1 2.56299E-1 2.11361E-1 6.37493E-1 2.61738E-1 3.95574E-1 3.87893E-1 2.98668E-1 1.30666E-1 1.98083E-2 2.90108E-1 2.94349E-1 3.82638E-2 3.33339E-1 5.20255E-1 7.24128E-1 4.0425E-2 7.95099E-1 3.31971E-1 3.19817E-1 4.13182E-1 7.30312E-2 1.99653E-1 8.1304E-1 8.24074E-2 7.39418E-2 3.5282E-1 8.59524E-2 6.05483E-2 6.77026E-1 5.13465E-2 5.10254E-2 5.08649E-1 3.70462E-1 1.96576E-2 6.36038E-1 2.13385E-1 3.33001E-2 5.26792E-1 2.23842E-2 6.39771E-1 1.88956E-1 7.27964E-2 4.74439E-2 3.35233E-1 2.24916E-1 6.57025E-2 1.29119E-1 6.93153E-2 1.64308E-1 2.15382E-2 1.6633E-2 3.93787E-1
5.17242E-1 1.42565E-1 3.52641E-1 6.60793E-2 2.15265E-1 1.3971E-1 2.56449E-1 1.53187E-1 2.11623E-2 9.98115E-1 2.76089E-2 3.88984E-1 7.37747E-1 2.30876E-1 5.38795E-1 3.31013E-1 2.34763E-1 2.90536E-1 3.77984E-1 1.95743E-1 9.97429E-1 2.77096E-1 1.27638E-1 9.73966E-1 6.3756E-1 2.28997E-1 4.40862E-1 5.77014E-1 9.45365E-2 2.59263E-1 7.05229E-1 7.25973E-2 2.6958E-1 5.38363E-1 6.11526E-1 1.6454E-1 2.47079E-2 4.19885E-2 2.09092E-1 3.74262E-1 2.24229E-1 3.49118E-2 7.2216E-2 3.03919E-1 1.59992E-1 1.38714E-2 3.44277E-1 1.32933E-1 1.65434E-1 3.99218E-1 7.13877E-2 4.45339E-2 3.93146E-2 3.63746E-2 1.06016E-1 1.07617E-1 3.51428E-2 2.74485E-2
2.181E-1 1.58839E-1 8.50796E-2 4.1054E-1 3.25581E-1 6.78652E-1 2.63131E-1 3.1252E-2 7.4838E-1 1.33224E-1 8.84812E-1 4.53781E-1 1.33108E-1 5.12687E-1 5.1075E-1 2.90048E-1 9.69687E-1 7.46295E-1 8.70161E-1 8.99924E-2 6.07753E-1 1.51888E-1 2.76596E-1 2.3925E-1 7.25338E-1 4.36065E-1 1.87113E-1 8.64334E-1 9.30857E-2 5.19953E-1 8.87655E-1 2.74262E-1 1.11604E-1 3.82521E-1 2.59018E-1 8.0676E-2 3.28736E-1 8.01564E-2 1.87511E-1 3.43639E-2 1.97123E-2 1.3509E-1 4.80736E-1 3.42102E-2 5.36891E-1 5.23175E-1 2.63788E-2 5.24409E-2 2.44098E-1 3.51584E-1 2.91426E-1 2.97932E-2 3.45605E-2 5.17476E-2 1.47739E-1 6.32442E-2 1.32369E-2 6.63844E-2
3.24468E-1 2.3127E-1 2.85587E-1 1.71797E-1 4.41777E-1 4.15052E-1 4.52543E-1 6.34918E-1 4.52713E-1 6.36093E-1 8.7227E-1 9.73294E-1 2.48608E-1 3.84951E-1 4.29435E-1 1.98984E-1 7.31283E-1 5.00377E-1 9.76828E-1 8.35689E-1 4.69793E-1 8.49741E-1 7.18536E-1 3.86998E-1 5.71031E-1 2.19804E-1 1.73426E-1 4.18295E-1 1.34658E-1 2.20985E-2 9.46231E-2 2.36006E-1 5.10241E-1 2.28629E-1 1.23932E-1 9.08775E-2 7.38932E-2 1.88081E-2 5.59691E-1 1.99898E-2 1.33303E-1 1.43937E-1 2.63709E-2 4.6231E-1 3.99492E-1 8.06299E-1 3.16165E-2 4.77942E-2 5.76012E-2 3.28629E-1 4.21564E-1 4.79043E-1 1.94346E-2 4.55807E-2 1.88276E-2 5.82735E-2 1.66169E-2 2.4523E-2
5.32506E-1 5.37656E-2 9.98698E-2 1.93639E-1 4.23295E-1 6.23371E-2 2.0227E-1 6.14861E-2 3.63117E-1 4.67464E-1 4.22097E-1 1.42733E-1 5.03462E-1 7.38569E-1 4.39263E-1 6.47723E-2 5.88144E-1 5.80021E-1 2.13758E-1 3.22716E-1 3.06656E-1 7.97302E-2 4.57939E-1 1.84469E-1 3.07479E-1 1.03916E-1 3.69701E-1 3.1295E-1 1.26944E-1 1.31316E-1 9.46318E-2 6.91168E-2 1.98483E-1 3.45611E-2 6.46923E-2 9.42435E-2 3.39306E-1 4.07238E-2 2.67736E-2 2.24794E-1 7.08843E-2 1.39378E-1 2.48827E-2 2.36866E-2 8.46492E-1 4.79626E-2 6.94431E-1 4.34089E-1 4.76616E-2 4.9153E-2 3.46196E-2 1.77151E-1 4.26699E-1 1.23683E-1 1.60552E-2 4.35181E-2 6.36091E-2 1.62149E-1
