outputs/pantheraTigris_1.asc
ncols         290
nrows         290
xllcorner     68.0
yllcorner     8.0
cellsize      0.1
NODATA_value  -9999
[rows 260 to 285 of 290, columns 0 to 57 of 290]
1.19999E-1 4.49345E-2 9.21177E-2 1.88647E-1 4.98646E-2 4.58003E-2 3.07381E-1 4.02136E-1 6.11743E-1 4.96586E-1 2.21584E-1 5.24044E-1 2.14144E-1 5.83522E-2 5.99151E-2 1.44289E-1 3.0037E-1 1.11183E-1 2.20516E-1 2.41576E-1 8.80256E-2 1.22717E-1 5.65561E-1 1.5248E-1 2.10852E-2 8.00078E-2 4.96536E-1 2.89756E-1 2.87341E-1 1.37226E-1 2.67194E-1 3.25776E-1 3.1968E-1 1.12266E-1 3.71718E-1 4.50139E-1 1.54676E-1 5.74867E-1 8.67929E-1 1.95962E-1 7.89421E-2 1.65091E-1 1.71897E-1 2.17361E-1 2.14943E-1 2.02413E-1 3.00787E-1 3.30521E-1 2.7756E-1 1.37607E-1 2.26699E-1 2.00631E-1 8.22457E-2 5.59917E-1 1.12179E-1 3.69589E-1 1.72248E-1 2.97102E-1
4.2542E-2 1.75943E-1 2.16278E-1 9.86633E-2 4.10053E-2 2.49173E-1 4.397E-2 1.87308E-1 3.57764E-3 1.68913E-1 3.92177E-1 3.76512E-1 1.32065E-1 9.15476E-2 1.85081E-1 8.2E-2 2.36961E-2 1.22683E-1 6.20871E-2 6.74827E-2 4.09742E-1 4.12927E-1 5.18989E-1 3.36973E-1 3.52812E-1 4.96813E-1 3.60969E-1 4.39284E-1 4.62004E-1 1.71113E-1 1.46425E-1 2.68879E-1 9.48732E-1 4.35525E-1 1.78387E-1 4.21245E-1 5.18459E-1 1.40378E-1 2.84373E-1 6.61716E-1 2.61427E-1 4.93551E-1 4.66938E-1 2.84538E-1 1.25315E-2 2.468E-1 4.82782E-1 2.84482E-1 1.24172E-1 1.3481E-1 2.21126E-1 5.93909E-2 1.21481E-1 3.60054E-1 4.96021E-1 3.53871E-1 4.55614E-1 6.61348E-2
1.58172E-1 1.56989E-3 5.37658E-2 3.67747E-1 3.32447E-2 6.92819E-2 1.02663E-1 4.13114E-2 2.40336E-1 1.48464E-1 3.4778E-2 1.20909E-1 1.18721E-1 1.29851E-1 7.39246E-2 6.40941E-2 8.55359E-2 9.73092E-2 1.51568E-1 8.60308E-2 2.77724E-1 5.1234E-1 2.16956E-1 3.3712E-1 5.91111E-1 3.94554E-1 1.89321E-1 3.31633E-1 6.37501E-1 7.79178E-1 8.63586E-1 2.13198E-1 4.71119E-1 5.19795E-1 2.30956E-1 5.55303E-1 7.27813E-1 2.30829E-1 2.49885E-1 2.32506E-1 2.75505E-1 4.58633E-1 3.7737E-1 3.6436E-1 1.45892E-1 2.62113E-1 3.50491E-1 1.82103E-1 4.72416E-1 4.51687E-1 1.64822E-1 3.20403E-1 4.16962E-1 5.59286E-1 5.64793E-1 2.11735E-1 2.25126E-1 1.40599E-1
1.62883E-1 5.88502E-2 2.89303E-2 1.26945E-1 1.2382E-1 1.17217E-1 1.60938E-1 5.34171E-2 4.93819E-2 2.03408E-1 8.44172E-2 1.6667E-1 5.49402E-1 8.55894E-2 1.48553E-1 1.13322E-1 2.80922E-2 4.47014E-1 2.26609E-1 2.58449E-1 3.69547E-1 2.1662E-1 3.92E-1 4.04416E-1 3.19588E-1 4.13099E-1 2.82572E-1 7.82547E-1 8.24077E-1 7.40253E-1 5.51989E-1 4.4603E-1 2.3353E-1 2.25777E-1 4.96897E-1 8.69123E-3 5.28882E-1 2.05564E-1 1.24256E-1 4.21044E-1 4.94384E-1 5.8486E-1 4.30682E-1 2.0771E-1 1.95094E-1 4.74805E-1 6.63839E-2 4.40628E-1 3.3758E-1 2.04764E-1 2.3425E-1 2.52374E-1 2.15103E-1 2.27664E-1 1.35068E-1 1.7856E-1 2.13395E-1 5.77979E-1
1.11416E-1 4.92316E-1 3.63679E-1 3.38279E-1 1.01747E-1 2.38682E-1 4.6769E-2 1.06893E-1 2.47473E-1 6.46483E-2 3.42013E-1 3.49433E-1 3.02711E-1 5.2165E-1 6.74583E-2 1.41783E-1 2.0494E-2 1.56375E-1 2.49178E-1 3.33009E-1 2.74802E-1 3.29473E-1 3.76203E-1 3.46155E-1 4.55334E-1 7.49516E-1 3.25427E-1 6.91772E-1 6.47693E-1 8.18854E-1 2.48155E-1 3.10409E-1 1.99343E-1 3.11432E-1 2.55297E-1 2.76477E-1 1.41213E-1 4.75625E-1 2.49192E-1 1.73928E-1 4.56864E-1 5.42184E-1 2.36046E-1 2.00965E-1 2.92738E-1 4.03135E-1 8.44471E-2 4.18556E-1 1.44681E-1 5.98948E-2 1.76323E-1 5.78335E-1 2.19057E-1 6.30513E-1 4.018E-1 2.02278E-1 3.78811E-1 6.18106E-1
1.04214E-1 8.11891E-2 1.56733E-1 9.81625E-2 4.93842E-2 3.22153E-1 9.32076E-2 1.57288E-1 3.69023E-2 6.24543E-1 3.28315E-1 3.92594E-1 6.49181E-1 4.78299E-1 3.87761E-1 1.28619E-2 1.1863E-1 2.00499E-1 2.70721E-1 1.16804E-1 1.49081E-1 3.36974E-1 4.50605E-1 7.53068E-1 1.37171E-1 2.48226E-1 8.72147E-1 6.95749E-1 7.35869E-1 2.36143E-1 5.77576E-1 6.56274E-1 8.94633E-1 6.88738E-1 4.68855E-1 1.765E-1 4.01554E-1 9.16858E-1 9.41922E-1 4.95738E-1 1.9432E-1 3.26296E-1 1.12565E-1 1.44561E-1 1.16798E-1 1.73269E-1 1.58812E-1 8.49522E-2 7.13221E-2 2.43628E-2 2.41592E-1 2.12177E-1 2.78709E-1 1.70533E-1 1.11678E-1 1.45838E-1 1.54817E-1 1.37119E-1
7.47002E-1 8.22743E-2 7.03815E-2 7.1809E-2 8.18283E-2 9.83843E-2 5.65732E-2 2.68191E-2 4.145E-2 4.09921E-2 3.72652E-1 4.0843E-1 3.06562E-1 2.40037E-1 5.8254E-2 9.60406E-2 1.42136E-1 2.99503E-1 1.06642E-1 2.08053E-1 9.37829E-2 5.07211E-1 5.04378E-1 8.04876E-1 9.54675E-2 9.29292E-1 2.77543E-1 2.51078E-1 2.40224E-1 6.1561E-1 8.95357E-1 7.31234E-1 2.31214E-1 8.46446E-1 9.72311E-1 2.81189E-1 9.2754E-2 4.68616E-1 1.39522E-1 1.19686E-1 7.62449E-1 4.38494E-1 1.28695E-1 4.48253E-1 2.1892E-1 2.17686E-1 1.11365E-1 2.49653E-2 1.30688E-1 9.13431E-2 2.56914E-1 4.54375E-1 2.07068E-1 1.82267E-1 2.57621E-1 1.24094E-1 1.41234E-1 1.6705E-1
2.75245E-1 7.55758E-1 1.84955E-1 1.76892E-1 5.04369E-2 1.21273E-1 7.30929E-2 6.92836E-2 6.68573E-2 2.23317E-1 2.76993E-1 7.04411E-1 2.392E-1 5.16619E-2 1.64074E-1 1.22392E-1 1.38953E-1 4.86887E-1 7.46052E-2 3.05036E-1 1.38712E-1 6.7735E-1 6.07921E-1 2.62669E-1 3.46375E-1 3.81372E-1 5.68362E-1 1.48033E-1 3.8745E-1 3.54656E-1 3.40951E-1 8.9178E-2 4.35475E-1 5.21821E-1 1.5822E-1 1.3136E-1 8.70563E-1 2.40453E-1 2.16567E-1 3.59251E-1 1.64924E-1 1.47151E-1 7.61184E-2 1.062E-1 3.17352E-1 2.67868E-1 2.87453E-2 1.96558E-1 8.70571E-2 8.64536E-2 2.52853E-1 5.95467E-1 7.94427E-1 3.34305E-1 2.14613E-1 3.02662E-1 5.58143E-1 2.98181E-1
6.97376E-2 1.82651E-2 2.34663E-2 5.38984E-2 3.94107E-1 1.1969E-1 1.05703E-1 4.73187E-2 8.43528E-2 3.01896E-2 2.07746E-1 4.32221E-2 8.34527E-2 1.85472E-1 9.78015E-2 2.04209E-1 6.36331E-1 5.6543E-1 5.607E-1 5.10712E-1 4.33206E-1 3.13622E-1 3.61329E-1 3.91522E-1 4.32936E-1 1.24306E-1 5.57458E-1 9.2464E-2 2.39748E-1 4.37727E-1 1.0607E-1 8.92671E-2 1.41318E-1 3.88403E-1 3.72762E-1 1.4099E-1 2.0543E-1 2.92924E-1 6.03993E-1 9.30386E-2 2.91768E-1 1.08259E-1 2.18877E-2 1.24185E-1 9.80625E-2 3.31552E-1 4.2588E-2 1.03199E-1 5.48853E-1 3.68957E-1 4.74941E-2 2.09116E-1 4.82403E-1 8.61427E-2 6.43002E-1 3.29589E-1 1.43977E-1 9.35439E-1
3.2779E-2 2.01796E-2 1.40007E-1 8.57342E-2 7.81293E-2 2.85037E-2 1.52821E-1 7.03677E-2 1.85015E-2 7.63928E-2 1.40274E-1 4.68988E-1 2.28188E-1 3.75241E-1 1.94146E-2 5.325E-1 4.11028E-1 3.74955E-1 3.35376E-1 9.19752E-3 3.00041E-1 2.11053E-1 2.58776E-1 4.53713E-1 4.98215E-1 2.72756E-1 2.81148E-1 2.83261E-1 3.08401E-1 2.09316E-1 5.48462E-2 9.73162E-2 3.30511E-1 3.32637E-1 2.69905E-1 3.00673E-1 4.9268E-1 4.7107E-1 7.16448E-2 1.4274E-1 1.56178E-1 2.14939E-1 3.02904E-1 1.26433E-1 8.99878E-2 1.92089E-1 3.11821E-1 4.30065E-2 1.32891E-1 2.07785E-1 1.6466E-1 2.98069E-1 1.4755E-1 5.43449E-2 4.13136E-1 1.74362E-1 6.53126E-1 6.61009E-1
1.59418E-1 5.2552E-3 8.88782E-2 1.70542E-2 1.93472E-2 7.77026E-2 1.61682E-1 2.66423E-2 4.16567E-2 2.61798E-1 1.12182E-1 6.2363E-1 4.52011E-1 5.31037E-1 6.25611E-1 6.06159E-1 3.85627E-1 4.21497E-1 5.94255E-2 6.51909E-2 1.94284E-1 2.84936E-2 3.41546E-1 8.94608E-2 2.36782E-1 1.65919E-1 4.41191E-2 4.22933E-2 3.14076E-1 4.82012E-1 1.71791E-1 3.91638E-1 1.82615E-2 2.6645E-1 6.61162E-1 3.76718E-1 5.06302E-1 7.53263E-2 2.18725E-1 3.15613E-1 1.88968E-1 1.77184E-1 3.64164E-1 3.62646E-1 4.90427E-1 4.55098E-1 4.38057E-1 1.69321E-1 7.10927E-2 4.70346E-1 8.86619E-2 1.2945E-1 2.00067E-1 1.4411E-1 2.59322E-1 4.34688E-1 1.66613E-1 6.70464E-1
8.17268E-2 7.58539E-2 1.35392E-1 1.1514E-1 1.19352E-1 8.11908E-2 1.22501E-1 5.5148E-2 1.02864E-1 3.9742E-1 1.95602E-1 4.91067E-1 1.20649E-1 1.62384E-1 4.23257E-1 3.07796E-1 2.40023E-1 2.43123E-1 2.31431E-1 8.58902E-2 4.25481E-2 3.57906E-1 3.63463E-1 1.13051E-1 9.57028E-2 1.66232E-1 3.3977E-1 6.09385E-2 4.32598E-2 7.15102E-1 1.68605E-1 2.92958E-1 5.72785E-2 1.50002E-1 4.54492E-1 3.98455E-1 9.46971E-2 3.70764E-2 3.44188E-1 6.56835E-2 1.9536E-1 3.26658E-1 1.30009E-1 1.88719E-1 6.0387E-2 3.82649E-1 2.52162E-1 5.75422E-2 3.09508E-1 4.45343E-1 6.04078E-1 5.14766E-1 2.15034E-1 1.81449E-1 4.07077E-1 1.09826E-1 1.08449E-1 9.95962E-2
1.39702E-1 9.81366E-2 1.17193E-1 6.37882E-2 2.4462E-2 5.06251E-1 9.96526E-3 2.35788E-1 3.81764E-1 3.47423E-2 7.41189E-2 6.70265E-1 6.3982E-2 4.43537E-1 2.82124E-1 1.92876E-2 1.31254E-1 8.32745E-1 5.18752E-2 4.09387E-2 5.78558E-2 9.48438E-2 2.59886E-2 1.4109E-1 1.13132E-1 8.42245E-2 1.06083E-1 2.53298E-1 3.60387E-1 5.2338E-2 2.50032E-1 4.13011E-1 5.99126E-1 3.07186E-1 5.16365E-1 4.32644E-1 1.382E-1 3.85256E-1 4.73466E-1 2.31294E-1 3.1527E-1 1.82378E-1 4.09915E-1 6.19944E-1 2.08869E-1 3.78378E-1 3.05565E-1 3.9705E-1 1.42802E-1 4.1242E-1 3.06134E-1 1.21873E-1 2.30575E-1 5.62646E-1 5.42579E-1 9.11571E-1 3.57354E-2 8.87564E-1
1.1608E-1 2.55974E-1 2.32458E-1 1.45495E-1 1.19979E-1 6.73323E-2 5.67365E-2 2.19534E-2 3.76225E-2 1.92794E-2 3.45563E-3 6.77434E-1 9.8879E-2 3.15645E-2 5.1144E-1 1.66459E-1 3.52918E-2 4.79956E-2 8.14036E-2 4.99252E-1 8.92707E-2 7.4287E-2 1.03772E-1 1.36308E-1 2.35079E-1 3.78385E-2 7.25014E-2 2.64442E-1 3.03792E-1 1.01177E-1 2.22299E-1 3.68221E-1 3.0803E-1 9.10308E-1 7.80582E-1 4.99401E-1 4.81206E-1 9.90463E-2 1.97546E-1 3.26233E-1 4.33832E-1 3.94105E-1 3.7046E-1 2.1563E-1 4.366E-1 3.32393E-1 5.57825E-1 6.93004E-1 3.66502E-1 2.36154E-1 3.37824E-1 3.68722E-1 5.61706E-1 3.64862E-1 4.39858E-1 1.78609E-1 3.65318E-1 4.69049E-1
1.05281E-1 7.47245E-2 2.35371E-1 8.99217E-2 1.12939E-1 6.22639E-2 1.04611E-1 8.33016E-2 7.2421E-2 7.86049E-2 1.53537E-2 1.31257E-1 2.3505E-1 2.00823E-2 1.78259E-1 2.4413E-1 9.5748E-2 9.1093E-2 7.38875E-2 1.7749E-1 1.60358E-2 2.35766E-1 4.58126E-2 7.52718E-2 6.23502E-2 4.97327E-1 2.49841E-2 2.53487E-1 4.05617E-1 7.15402E-2 1.77674E-1 2.87591E-1 9.84616E-1 7.15542E-2 7.78187E-1 2.09943E-1 2.74721E-1 1.99045E-1 2.27986E-1 3.53714E-1 1.67637E-1 4.1815E-1 5.71857E-1 3.05461E-1 9.66949E-1 7.69231E-1 4.25682E-1 9.76785E-1 2.90781E-1 5.27597E-1 3.51837E-1 2.34401E-1 7.2947E-1 1.51352E-1 1.29012E-1 4.43867E-2 1.41443E-1 3.02919E-1
9.84706E-2 4.07381E-2 5.23317E-2 1.43092E-1 9.53425E-2 1.46528E-1 1.62545E-1 1.60276E-2 9.99345E-2 9.20958E-2 4.85801E-2 1.73537E-2 1.42144E-2 1.33218E-1 1.04911E-2 7.15481E-2 4.73466E-1 2.63314E-1 3.67978E-2 2.03851E-1 2.14936E-1 5.09239E-2 9.03777E-2 1.97168E-1 6.09564E-1 1.46679E-1 1.777E-2 5.01193E-2 3.03091E-2 3.58021E-1 5.0374E-1 3.91469E-1 5.07536E-1 3.46271E-1 4.79287E-1 7.7119E-1 3.76451E-1 8.87044E-1 2.86506E-2 1.8594E-1 2.62391E-1 3.15231E-1 3.98223E-1 6.60151E-1 2.3433E-1 3.73765E-1 6.66468E-1 6.21332E-1 3.55886E-1 6.49457E-1 3.48065E-1 7.66076E-1 2.78675E-1 4.40214E-1 2.05913E-1 1.11802E-1 1.03687E-1 1.82466E-1
1.51206E-1 1.07468E-1 4.12693E-2 7.3524E-3 7.21296E-3 4.16473E-2 1.54386E-1 2.2034E-1 4.00262E-2 1.20609E-1 2.55986E-1 1.60879E-1 3.43682E-1 2.71552E-1 2.36368E-1 1.24598E-1 3.88458E-2 6.92592E-2 3.20395E-2 2.84531E-2 1.49089E-1 9.39703E-1 5.07856E-1 3.6854E-1 1.15022E-1 7.26016E-2 5.10342E-2 2.64628E-1 1.78776E-1 9.32837E-2 2.92745E-1 3.11089E-1 4.07984E-1 9.63868E-2 6.58792E-1 4.69159E-2 1.5337E-1 1.76353E-1 2.31776E-1 3.49602E-1 6.43636E-1 9.50939E-1 5.66369E-1 1.89956E-1 4.57235E-1 6.02446E-1 6.33936E-1 4.04739E-1 3.37822E-1 6.78406E-1 1.69174E-1 1.87241E-1 1.68637E-1 7.53463E-2 2.98258E-1 3.72727E-1 2.86808E-2 1.51224E-1
1.9672E-2 1.32454E-1 4.52786E-2 8.09101E-2 3.70402E-1 1.1901E-1 4.03976E-1 7.74758E-2 1.86152E-1 2.24124E-1 2.52886E-1 7.34821E-2 4.83445E-2 5.79055E-1 1.82955E-1 1.18479E-1 1.76436E-2 3.56138E-2 1.99614E-1 4.33923E-1 3.50301E-1 2.31012E-1 1.28373E-2 3.49578E-2 7.76103E-2 1.7057E-1 5.13046E-1 3.33545E-1 5.10597E-1 7.66984E-2 9.79349E-2 3.41326E-1 5.69123E-1 3.87516E-1 4.42035E-1 5.0741E-1 3.31357E-1 6.85965E-1 1.64142E-1 4.69847E-1 3.23573E-2 1.39311E-1 5.84771E-1 1.24267E-1 6.181E-1 7.44068E-1 1.86699E-1 1.79281E-1 7.46322E-2 2.63104E-1 3.02453E-1 4.18098E-1 6.39715E-2 1.07032E-1 5.77769E-1 1.40892E-1 4.38813E-1 4.72042E-2
4.34466E-2 1.34685E-1 5.2079E-2 2.18848E-1 3.49223E-2 2.13733E-1 4.97958E-1 4.29582E-1 5.93496E-1 1.37846E-1 3.56361E-1 1.02773E-1 7.7163E-2 4.55586E-2 2.45526E-1 9.44649E-2 6.13229E-3 5.20577E-2 3.46179E-1 1.00409E-1 8.19597E-2 1.43292E-1 7.47526E-2 1.3593E-2 4.82857E-2 2.57466E-2 1.29495E-1 4.3184E-1 6.03575E-1 8.37172E-2 5.3363E-1 3.61533E-1 2.61335E-1 6.6482E-1 9.55221E-1 3.45643E-1 2.70971E-1 3.65456E-1 5.10726E-1 1.18387E-1 6.96213E-2 2.74123E-1 6.51203E-1 1.33363E-1 1.88854E-1 4.01943E-1 6.18527E-1 3.71441E-1 4.47786E-1 7.56569E-1 6.46817E-2 6.8279E-2 6.22959E-2 2.19137E-1 1.5123E-1 4.18221E-1 6.15115E-1 5.79929E-1
1.50277E-1 3.95284E-1 8.0694E-2 1.38515E-1 5.22282E-1 3.69294E-1 7.23221E-1 2.8147E-1 5.60888E-2 2.27526E-1 2.96626E-1 3.7215E-1 6.54372E-2 9.40309E-2 7.20898E-2 2.79015E-1 5.01254E-1 6.24337E-2 9.20628E-2 3.72915E-1 4.0943E-1 1.79164E-1 4.03232E-2 5.5923E-1 2.13712E-2 2.48375E-2 6.01419E-1 6.29027E-1 5.25184E-2 9.76719E-2 4.52653E-1 3.21607E-1 3.27797E-1 4.41668E-1 9.93855E-1 9.52439E-1 4.57209E-1 1.11275E-1 8.00472E-1 1.25635E-1 1.09041E-1 5.54771E-1 8.3552E-1 3.12458E-1 4.53226E-1 1.19437E-1 5.78939E-1 1.69155E-1 4.46539E-2 1.22805E-1 3.50666E-1 9.46237E-2 3.43225E-1 2.96925E-1 2.4445E-1 2.64651E-1 1.12261E-1 2.18546E-1
4.56037E-1 9.96147E-2 5.2349E-2 2.46454E-1 3.91051E-1 2.66679E-1 4.16706E-1 6.06498E-2 2.63558E-1 5.08617E-1 2.66314E-1 3.04303E-1 6.36659E-2 4.34721E-2 6.90187E-2 3.99642E-1 2.55426E-1 3.59019E-1 8.03333E-2 7.3962E-1 8.83317E-1 7.65093E-1 2.85522E-1 3.31033E-1 9.71932E-2 6.10277E-2 1.36879E-1 1.09433E-1 3.11647E-1 6.59791E-2 9.31595E-2 4.49451E-1 5.29615E-1 3.34318E-1 6.24748E-2 9.54831E-2 3.53374E-1 5.32679E-1 9.97409E-1 5.13117E-1 1.30454E-1 2.46178E-1 2.14359E-1 7.3154E-1 5.40682E-1 8.28903E-1 4.15496E-1 2.5288E-1 3.95992E-1 4.34895E-2 3.90612E-1 1.23088E-1 3.54987E-2 6.32034E-2 3.68574E-1 2.63249E-1 3.26767E-1 3.16259E-2
2.03236E-1 6.33553E-2 1.33913E-1 1.05787E-1 5.01705E-1 5.08144E-1 5.14851E-1 2.09648E-1 8.20904E-1 2.99784E-1 5.91435E-1 3.23381E-1 1.7807E-1 8.79156E-2 9.75781E-2 6.76837E-2 2.70235E-1 2.27264E-1 1.98805E-1 7.20476E-1 1.00713E-1 1.22977E-1 2.37171E-1 1.02144E-1 4.98551E-1 6.32251E-1 5.06904E-1 7.15166E-2 8.33574E-2 8.42817E-2 6.20603E-1 9.01799E-2 9.54514E-2 8.01813E-2 2.52103E-1 3.74199E-1 1.72573E-1 1.16583E-1 7.03222E-1 2.12887E-1 5.98684E-1 7.35701E-2 7.38202E-1 9.48284E-1 8.56818E-1 7.34506E-1 4.96982E-1 3.0582E-1 3.72666E-1 5.75422E-2 1.19738E-1 9.09963E-1 2.92131E-1 4.08384E-1 8.01085E-1 2.05656E-1 3.28285E-1 7.08819E-2
3.68537E-1 1.422E-1 3.04917E-1 3.36025E-1 5.64111E-1 4.81898E-1 1.69448E-1 7.96043E-1 7.20587E-1 8.10452E-2 6.65366E-1 4.51619E-1 1.52006E-1 4.35288E-1 4.23047E-2 4.3996E-2 7.69599E-2 7.04295E-2 8.1456E-2 2.32179E-2 5.27413E-2 1.0715E-1 3.51953E-1 8.01251E-2 3.7467E-1 8.40424E-1 8.34477E-1 5.26132E-1 3.67388E-1 4.63187E-1 2.47641E-1 6.94715E-2 1.3491E-1 2.88485E-2 2.26783E-1 4.94961E-2 2.42698E-1 1.09546E-1 5.23888E-1 1.48277E-1 8.72604E-1 1.37166E-1 4.03652E-2 4.97281E-2 8.12246E-1 8.74175E-1 2.50719E-1 8.06238E-1 6.34583E-1 2.68558E-1 5.37982E-2 2.21057E-1 1.30777E-1 1.72639E-1 2.44342E-1 1.00692E-1 2.8784E-2 3.39543E-1
3.49036E-1 5.93943E-1 2.48393E-1 3.24519E-1 5.94272E-1 5.68322E-1 6.07059E-1 1.60678E-1 7.89882E-1 8.5852E-2 1.28823E-1 3.467E-1 4.09192E-1 3.04495E-1 5.20727E-1 1.36415E-1 1.14683E-1 6.26893E-2 1.50959E-1 7.51673E-2 7.97659E-2 1.03554E-1 2.65726E-1 2.82408E-1 5.05787E-2 5.20661E-1 6.09175E-1 6.978E-1 2.21305E-2 2.51332E-1 8.5167E-2 3.90002E-1 5.97653E-1 9.48319E-2 3.54126E-1 3.80726E-1 5.05438E-1 1.55623E-1 3.76325E-1 7.79238E-1 4.31166E-1 2.30708E-1 2.73031E-1 4.31133E-1 3.58021E-2 3.73813E-2 4.38462E-2 3.75041E-2 2.57496E-1 3.52581E-1 3.73697E-1 7.1893E-1 3.34718E-1 6.60818E-2 9.03376E-1 4.20994E-1 1.31364E-1 3.40079E-2
7.09527E-1 7.11028E-1 7.89043E-1 6.00887E-1 6.42845E-1 2.34489E-1 7.91076E-1 7.09767E-1 1.36045E-1 3.96945E-1 6.56796E-1 4.03394E-1 4.39996E-1 4.12775E-1 2.30401E-1 3.92131E-1 1.50673E-1 3.62187E-2 7.78084E-2 5.5369E-2 6.49636E-2 3.4567E-1 8.39681E-2 6.06678E-1 6.63456E-1 6.37976E-1 5.71619E-2 5.60528E-1 2.80788E-1 2.7315E-1 6.60026E-2 1.35381E-1 1.12184E-1 1.65134E-2 4.75255E-1 2.90396E-1 1.9796E-1 1.1378E-1 9.52672E-1 4.53722E-1 3.53789E-1 1.07684E-1 2.34114E-1 6.26222E-1 3.07464E-1 5.61284E-1 5.791E-1 3.397E-1 4.47567E-1 8.61473E-2 2.32804E-2 2.18728E-1 2.29447E-1 6.53795E-1 5.28227E-1 2.07572E-2 8.26094E-1 8.73283E-2
8.16787E-1 4.64179E-1 3.11386E-1 5.28281E-1 6.0431E-1 1.42288E-2 2.20846E-1 6.36484E-1 8.79941E-1 4.50189E-1 7.25521E-1 1.66975E-1 3.2596E-1 2.05652E-1 1.37468E-1 3.57619E-1 1.19669E-1 1.15865E-1 1.03832E-1 1.01896E-1 7.43953E-2 2.13678E-2 5.19708E-1 1.28643E-1 8.51921E-2 3.54182E-1 4.34434E-1 5.09324E-1 4.02753E-1 2.95194E-2 2.84167E-2 5.78626E-1 6.72279E-1 1.61849E-1 4.12431E-2 4.60138E-1 4.46122E-1 7.91635E-1 7.70329E-1 2.94703E-1 3.99215E-1 6.56581E-2 1.16151E-1 3.80396E-1 7.67779E-1 7.1567E-1 5.01431E-2 4.29447E-1 6.09917E-1 6.90883E-1 7.34114E-2 5.13588E-1 1.07195E-1 7.94656E-1 9.92168E-1 2.75461E-1 1.21223E-1 5.06042E-1
