outputs/pantheraTigris_avg.asc
ncols         290
nrows         290
xllcorner     68.0
yllcorner     8.0
cellsize      0.1
NODATA_value  -9999
[rows 208 to 233 of 290, columns 116 to 173 of 290]
3.26394E-1 1.78048E-1 9.91469E-2 2.35488E-1 2.31503E-1 1.35332E-1 6.69922E-1 2.10826E-1 1.92272E-1 3.56902E-1 1.868E-1 1.52176E-1 2.2721E-2 3.79968E-1 1.25757E-1 1.6151E-1 1.7666E-1 1.37049E-1 2.55096E-1 3.55847E-1 4.29489E-1 4.32592E-1 1.57131E-1 2.36192E-1 5.4828E-1 3.49558E-1 1.44366E-1 3.35413E-1 4.1013E-1 3.76075E-1 5.13615E-1 5.77689E-1 1.84884E-1 1.79747E-1 3.04241E-1 3.35338E-1 3.25866E-1 2.81983E-1 7.58229E-1 5.65478E-1 5.50827E-1 3.08899E-1 1.75539E-1 3.6459E-1 1.30169E-1 1.51102E-1 1.44652E-1 1.35778E-1 8.04196E-1 3.56627E-1 1.285E-1 3.89697E-2 1.40272E-1 1.38854E-1 2.77395E-1 2.29126E-1 5.22821E-2 1.35842E-1
1.82938E-1 3.12165E-1 9.58713E-2 5.19947E-1 1.49482E-1 7.79074E-2 1.1845E-1 4.64504E-1 9.03905E-2 2.51958E-1 3.9292E-1 1.12399E-1 2.04291E-1 1.16935E-1 1.29775E-1 2.02055E-1 3.1885E-1 3.49968E-1 2.31974E-1 3.26631E-1 2.99374E-1 6.00465E-1 3.27148E-1 2.73171E-1 4.41406E-1 1.54816E-1 3.72985E-1 3.74759E-1 5.57313E-1 4.36199E-1 4.59796E-1 3.04873E-1 1.04256E-1 3.08498E-1 3.28146E-1 2.67844E-1 2.17984E-1 1.6483E-1 3.09439E-1 2.87927E-1 3.36129E-1 9.81441E-2 7.3798E-1 1.15342E-1 3.36012E-2 2.27719E-1 2.44494E-1 3.07743E-1 1.02947E-1 8.37366E-1 9.36275E-2 7.40412E-2 1.02802E-1 6.22956E-1 6.58335E-1 5.54503E-2 5.02708E-1 1.13499E-1
2.67254E-1 6.73203E-2 4.67188E-2 1.31073E-1 1.23971E-1 7.80501E-2 9.02882E-2 1.02696E-1 2.93882E-1 2.66686E-1 3.01357E-1 2.57585E-1 2.0692E-1 1.86392E-1 2.16066E-1 2.7055E-1 2.08692E-1 3.3655E-1 2.57676E-1 2.97369E-1 1.52361E-1 2.04237E-1 6.58723E-1 4.9475E-1 5.32142E-1 1.04466E-1 2.04717E-1 3.99652E-1 3.01924E-1 3.19921E-1 4.70284E-1 4.52451E-1 3.8908E-1 6.91564E-2 2.81463E-1 2.68403E-1 2.10859E-1 1.82181E-1 2.43354E-1 3.73105E-1 1.49718E-1 9.27724E-2 1.50267E-1 7.70134E-2 7.6695E-2 5.60722E-2 6.13223E-2 7.33343E-2 7.22143E-2 4.12871E-1 4.54201E-2 5.19207E-2 4.35584E-1 4.02897E-1 7.48622E-2 4.96973E-1 4.32737E-1 8.54767E-2
1.56523E-1 1.72461E-1 1.71254E-1 2.83704E-1 1.8386E-1 3.11123E-1 1.64932E-1 1.55624E-1 2.42777E-1 3.25468E-1 3.51155E-1 2.65447E-1 2.19344E-1 1.91684E-1 1.70022E-1 1.17013E-1 1.45089E-1 3.0852E-1 3.40296E-1 2.56198E-1 3.02961E-1 1.12452E-1 4.42064E-1 4.66002E-1 7.25317E-1 4.10239E-1 1.02725E-1 3.26009E-1 4.46756E-1 1.75845E-1 3.20416E-1 2.59072E-2 2.73682E-1 3.9323E-2 1.74524E-1 6.97279E-1 3.13299E-1 1.49162E-1 8.96174E-2 1.14126E-1 9.96955E-2 1.02204E-1 1.5827E-1 2.71017E-1 1.3753E-1 2.88458E-2 1.06132E-1 3.61281E-2 4.8583E-2 5.77059E-3 7.20581E-2 7.60179E-2 4.67621E-2 4.50296E-2 1.62376E-1 1.48476E-2 5.46206E-2 1.08567E-1
3.58505E-1 2.02544E-1 1.54407E-1 1.09302E-1 2.34247E-1 2.76455E-1 2.6874E-1 2.95997E-1 3.07303E-1 3.6131E-1 1.90831E-1 2.34571E-1 1.60507E-1 2.85253E-1 1.54026E-1 4.49114E-1 3.59806E-1 3.52463E-1 2.51503E-1 2.73571E-1 3.51781E-1 3.24452E-1 1.46763E-1 1.87636E-1 4.46209E-1 1.7903E-1 2.83317E-1 4.21489E-1 4.50886E-1 6.21447E-1 4.35209E-1 2.62743E-1 5.09105E-1 3.75304E-1 4.18189E-1 2.23985E-1 4.91443E-2 1.86515E-1 1.07904E-1 5.90539E-2 8.70946E-2 7.57086E-2 8.25998E-2 9.27628E-3 5.53512E-2 4.22599E-2 8.80614E-3 4.85656E-2 2.40175E-1 1.41272E-1 7.10198E-2 9.25767E-2 8.82096E-3 6.08223E-2 6.50815E-2 4.2147E-2 8.33967E-2 2.95856E-2
2.1511E-1 3.81011E-1 4.59388E-2 2.76358E-1 3.18249E-1 6.36018E-2 1.31176E-1 1.32063E-1 5.31744E-1 1.26509E-1 3.98511E-1 1.8539E-1 3.86293E-1 3.88333E-1 9.52556E-2 2.68685E-1 2.31186E-1 3.83217E-1 4.14488E-1 4.63281E-1 2.23721E-1 2.79148E-1 2.96765E-1 2.29985E-1 3.42344E-1 4.8935E-1 6.71749E-1 6.52757E-1 8.41151E-1 2.46851E-1 8.27415E-1 4.43178E-1 4.75445E-1 5.10544E-1 1.69533E-1 2.36871E-1 1.88183E-1 2.03763E-1 4.27432E-2 1.12082E-1 1.03422E-1 5.34238E-2 1.02382E-1 1.0213E-1 1.21067E-1 3.21259E-2 1.83655E-1 6.64379E-2 7.03352E-2 1.2283E-2 8.5069E-2 2.59445E-1 4.25358E-2 2.4884E-2 1.10132E-2 8.53647E-2 2.89943E-2 2.00556E-1
3.60347E-1 1.4324E-1 1.66578E-1 1.68985E-1 2.68508E-1 1.00618E-1 1.10748E-1 1.68415E-1 2.82231E-1 1.67011E-1 2.28519E-1 1.74677E-1 1.84694E-1 3.42792E-1 7.3257E-2 4.37008E-1 3.88223E-1 4.3004E-1 4.22224E-1 5.32152E-1 4.33536E-1 8.62624E-2 3.70336E-1 6.65146E-1 4.33632E-1 7.52621E-1 3.46051E-1 6.75993E-1 2.16808E-1 4.97713E-1 9.47157E-1 2.54317E-1 2.25246E-1 1.9864E-1 9.8475E-2 1.20705E-1 4.94258E-2 2.54997E-1 1.01738E-2 1.7373E-2 9.43536E-3 1.36094E-1 2.87197E-1 4.68442E-2 2.87436E-2 3.74809E-2 4.36886E-3 2.58556E-2 2.77429E-3 2.81892E-2 4.70251E-3 4.79721E-2 7.87943E-2 8.61142E-3 6.71366E-2 1.23857E-1 1.24619E-1 7.18747E-2
3.75199E-1 1.29062E-1 2.03033E-2 1.40065E-1 3.16286E-1 1.82682E-2 6.16145E-2 7.22273E-2 4.9994E-2 3.7488E-1 4.11574E-1 4.61459E-1 4.54212E-1 1.83196E-1 2.45217E-1 2.83342E-1 3.2781E-1 6.5397E-1 4.1674E-1 1.57256E-1 7.20456E-2 2.03318E-1 2.47592E-1 5.09185E-1 3.94851E-1 2.26089E-1 1.82748E-1 2.44919E-1 2.79845E-1 6.41055E-1 2.62186E-1 6.3243E-1 3.42727E-1 2.37551E-1 1.5951E-1 6.82358E-2 9.79627E-2 2.87078E-2 2.10705E-1 7.61295E-2 1.13011E-2 6.78909E-2 3.2101E-2 9.77325E-2 4.50085E-2 4.97319E-2 7.72204E-3 1.70369E-1 4.96021E-2 5.80134E-2 4.55727E-2 1.6054E-2 1.0075E-2 9.34152E-3 2.94668E-2 5.83991E-3 4.16051E-2 3.15698E-2
4.46561E-1 1.93783E-1 1.49698E-1 4.04991E-2 1.82367E-1 8.65436E-2 1.01313E-1 7.34409E-2 1.41467E-1 1.62211E-1 1.36342E-1 2.14124E-1 3.64177E-1 5.79328E-1 2.77076E-1 4.86034E-1 5.54732E-1 6.5451E-1 7.18676E-1 2.09733E-1 5.19307E-2 4.63244E-1 5.0383E-1 3.80405E-1 3.55981E-1 3.57742E-1 4.10517E-1 5.39175E-1 2.66129E-1 1.89617E-1 3.31328E-2 1.42197E-1 5.55602E-1 9.36171E-2 1.43271E-2 6.15822E-2 8.89728E-2 2.99353E-2 4.98366E-2 1.26766E-1 6.0267E-2 4.91409E-3 3.43725E-3 4.48785E-2 7.8361E-2 7.04632E-3 5.84178E-2 6.93875E-2 2.48053E-2 2.85447E-2 2.98863E-2 2.27482E-3 9.8855E-3 3.68649E-3 1.37267E-1 8.27113E-2 1.19033E-2 4.07389E-2
3.78622E-1 4.21214E-1 3.21913E-1 2.41425E-1 1.83303E-1 1.41758E-1 1.77964E-1 9.88969E-2 9.20178E-2 1.38991E-1 3.04528E-1 3.13068E-1 4.24294E-1 5.69125E-1 1.708E-1 2.25726E-1 2.70738E-1 4.39374E-1 3.0955E-1 3.52044E-1 2.32026E-1 3.12897E-1 6.42565E-1 5.31522E-1 2.14355E-1 2.63989E-1 3.75152E-1 2.83075E-1 4.93835E-1 2.98675E-1 2.26004E-1 3.07944E-1 1.52694E-1 2.33403E-1 8.86081E-3 3.95361E-1 2.73702E-1 9.2132E-2 1.04837E-1 9.15292E-3 7.94535E-2 5.01398E-2 5.84434E-2 8.29293E-3 1.50835E-2 1.06051E-1 6.76059E-3 4.86722E-2 1.25905E-1 1.22269E-1 4.06812E-2 3.10215E-2 1.86464E-3 5.45287E-2 2.51852E-2 3.1423E-2 1.53806E-2 4.09122E-1
2.85878E-1 5.08706E-1 3.5714E-1 4.47911E-1 5.70996E-2 1.21228E-1 2.26506E-1 9.50337E-2 2.66725E-1 3.99676E-1 3.66636E-1 4.22142E-1 5.87308E-1 2.38167E-1 1.85578E-1 5.62274E-1 1.5916E-1 4.3219E-2 4.22604E-1 8.20591E-1 2.69205E-1 5.01989E-1 5.93199E-1 4.42954E-1 6.91424E-1 3.64425E-1 4.71868E-1 1.26276E-1 1.84414E-1 2.54925E-1 6.58966E-1 2.74975E-1 2.32084E-1 9.39241E-2 1.9442E-2 1.05559E-2 6.67279E-2 4.15226E-2 7.23203E-2 3.66216E-2 3.55059E-3 4.91378E-2 3.13508E-2 1.04642E-1 1.02224E-1 1.41685E-3 1.04684E-2 8.16294E-2 1.70437E-1 8.15883E-3 1.63982E-2 2.74165E-1 4.17892E-2 1.81881E-1 1.63685E-2 1.44051E-2 2.77469E-3 3.99362E-3
1.3653E-1 3.7091E-1 7.73863E-1 5.64653E-1 1.56959E-1 1.50229E-1 1.57968E-1 1.199E-1 2.13566E-1 4.23747E-1 2.23393E-1 4.70149E-1 2.14693E-1 3.7853E-1 1.77473E-1 1.36265E-1 7.06081E-1 7.02979E-1 5.20794E-1 6.22553E-1 3.15511E-1 5.2999E-1 9.99049E-1 1.75633E-1 2.0236E-1 1.2688E-1 5.06288E-1 3.67017E-1 9.63344E-1 6.73738E-1 1.82818E-1 1.23069E-1 2.08104E-1 3.69258E-2 3.2469E-2 3.76566E-2 1.00559E-2 2.26766E-1 3.97509E-2 2.10683E-1 3.50916E-3 3.81642E-2 5.86893E-2 9.90372E-2 6.00773E-2 1.52394E-1 7.96927E-4 7.25909E-2 5.28974E-2 3.67255E-1 2.135E-2 3.33381E-2 4.51935E-2 2.05148E-1 7.79521E-4 1.53221E-1 3.09709E-2 1.15216E-3
3.2564E-1 3.7437E-1 4.1412E-1 4.28407E-1 5.7384E-1 4.32678E-1 4.1173E-1 2.95072E-1 9.89942E-2 1.92707E-1 1.02718E-1 4.99745E-1 4.8365E-2 3.43261E-1 1.52793E-1 4.67962E-1 6.75349E-1 1.83132E-1 2.54502E-1 1.77152E-1 3.91358E-1 9.02054E-1 6.23139E-1 2.85727E-1 5.7294E-1 5.73641E-1 6.79133E-1 1.95599E-1 4.47648E-1 8.64232E-2 1.98992E-1 1.66685E-1 4.95787E-2 4.1791E-2 1.05101E-1 7.62804E-2 5.12285E-2 7.44509E-2 2.55974E-3 3.65596E-2 1.01634E-1 6.2668E-4 1.89598E-1 5.88248E-2 4.70621E-3 1.03335E-2 1.37194E-1 1.92488E-1 4.87342E-2 1.07314E-1 1.93192E-3 1.93216E-2 2.22603E-3 2.2625E-3 2.14807E-1 2.73822E-1 7.963E-3 7.35229E-3
2.22042E-1 6.54237E-1 5.47919E-1 6.71448E-1 5.30582E-1 1.04823E-1 2.78125E-1 7.82487E-1 6.37181E-1 8.40232E-1 3.35238E-1 2.96602E-2 9.37614E-2 4.12542E-1 6.93643E-1 1.57375E-1 1.5746E-1 1.26962E-1 5.11917E-1 5.37432E-1 3.92653E-1 5.56173E-1 1.76561E-1 1.55689E-1 5.18189E-1 1.41441E-1 2.4483E-1 2.16353E-1 2.05803E-1 1.69986E-1 1.78871E-2 1.92849E-1 1.1877E-2 6.19735E-2 5.3209E-3 3.73216E-3 2.54825E-1 2.7477E-1 2.7626E-4 7.11069E-2 3.50959E-4 3.22E-4 2.62198E-2 6.16069E-5 1.97262E-2 7.78153E-2 2.10735E-4 6.99911E-2 2.84909E-3 8.40859E-3 5.53496E-2 7.73853E-3 2.7037E-1 5.81739E-3 7.43094E-2 2.91578E-3 1.37596E-2 2.25943E-3
2.93439E-1 4.0129E-1 3.13785E-1 6.32388E-1 3.91118E-1 1.33817E-1 3.92731E-1 7.54224E-1 6.60739E-1 6.30464E-1 6.61529E-1 5.31518E-1 6.34132E-1 1.5237E-1 1.93292E-1 4.01429E-1 1.72297E-1 2.3639E-1 4.69571E-1 1.28344E-1 5.21617E-1 1.28517E-1 2.30932E-1 1.90456E-1 2.35934E-1 8.1499E-1 4.40042E-1 1.06027E-1 3.01606E-1 2.19994E-2 3.36371E-2 2.52247E-1 8.389E-2 5.90666E-2 4.76904E-1 1.98353E-4 8.15209E-4 6.77849E-2 2.45173E-3 1.18545E-1 2.66938E-2 4.65331E-2 3.89508E-2 3.37449E-3 3.06921E-1 3.83796E-2 7.78264E-2 8.23472E-2 3.7998E-3 6.4261E-3 6.71844E-2 1.13894E-2 4.15834E-2 1.06015E-1 6.46551E-3 5.1287E-2 4.17412E-3 2.68049E-4
6.05222E-2 2.76142E-1 1.34536E-1 5.19827E-1 4.46921E-1 1.43759E-1 4.24577E-1 6.50227E-1 3.27671E-1 2.79865E-1 4.52763E-1 2.20003E-1 7.5377E-1 1.29236E-1 4.63915E-1 6.96103E-1 2.32949E-2 4.11605E-1 6.8075E-1 1.49806E-1 7.34294E-1 2.23122E-1 4.3184E-1 3.69395E-1 7.27516E-1 7.32406E-1 8.7396E-2 9.62975E-2 1.6574E-1 4.81181E-2 6.58166E-1 4.44668E-2 1.13671E-2 1.1102E-1 2.74019E-2 1.88097E-1 3.06622E-2 3.24021E-1 6.32754E-1 3.19347E-2 5.77343E-3 3.10115E-4 1.4584E-2 3.52177E-5 3.43983E-2 9.62268E-5 2.49403E-2 3.28529E-2 4.08181E-3 4.37463E-2 2.8E-2 2.76962E-4 2.98403E-3 7.87168E-4 2.36532E-3 6.2517E-2 1.83473E-4 1.97566E-2
3.1334E-1 3.50013E-1 4.79677E-1 1.10558E-1 6.32918E-1 5.48254E-1 2.21975E-1 1.44579E-1 2.05064E-1 1.30772E-1 1.61618E-1 5.11263E-1 7.14739E-2 6.5684E-2 9.54106E-2 1.2604E-1 3.47467E-2 8.08414E-2 3.88369E-1 5.69817E-1 3.95741E-1 2.52558E-1 1.91093E-1 3.09382E-1 3.47965E-1 1.31907E-1 4.61984E-1 4.9108E-2 3.43812E-1 1.39566E-2 1.44243E-1 6.79267E-2 2.15967E-3 7.01348E-2 7.07078E-2 8.56105E-3 5.73999E-2 6.47953E-2 3.39764E-2 2.76541E-1 5.37084E-4 2.93479E-2 2.2863E-2 9.36313E-5 1.80337E-2 2.45674E-3 2.64213E-2 2.1577E-3 2.77173E-2 5.79438E-2 5.00288E-2 4.36575E-4 4.53785E-3 1.59775E-2 3.99353E-3 9.93681E-3 1.16163E-2 1.92644E-3
1.33891E-1 3.79625E-1 4.67682E-1 5.27136E-1 4.11904E-1 6.31415E-1 1.76408E-1 6.86835E-1 1.79457E-1 3.80164E-1 4.38417E-1 9.67311E-2 3.49894E-1 2.34984E-1 4.23049E-1 1.18833E-2 8.69915E-2 6.54384E-2 3.79203E-1 4.98838E-2 7.54944E-2 2.05044E-1 1.8021E-1 2.00304E-1 1.55673E-1 6.43733E-2 3.32308E-1 5.00975E-1 2.41805E-2 6.47601E-2 2.1506E-3 9.87001E-4 1.39051E-1 5.6045E-2 7.25738E-2 1.75841E-2 3.78865E-3 7.26083E-2 2.45429E-2 9.28067E-3 4.66502E-2 2.10952E-2 3.37357E-2 3.67282E-4 1.76033E-2 1.18391E-2 4.6656E-3 4.10449E-3 4.75133E-3 1.12794E-4 3.59064E-4 4.08537E-4 1.34969E-4 3.02266E-3 1.15721E-3 5.3041E-3 6.0016E-3 5.67956E-5
5.60724E-1 1.26092E-1 8.81924E-1 5.48186E-1 7.00953E-1 4.75297E-1 5.45715E-1 3.86509E-1 6.30484E-1 7.31333E-2 8.9184E-2 7.59338E-2 3.73543E-1 3.60961E-1 1.12026E-1 1.95264E-1 1.16693E-1 1.06966E-1 1.55652E-1 3.81905E-1 2.74041E-2 2.77972E-1 2.24278E-1 1.54145E-1 2.85281E-1 3.78015E-2 1.91187E-1 2.5514E-2 6.47123E-1 5.9188E-1 5.9325E-1 2.80449E-2 2.28275E-1 5.06942E-3 1.57083E-2 3.98861E-2 6.87829E-1 3.09157E-2 3.59219E-2 2.73673E-2 4.27199E-2 1.99635E-2 2.1832E-4 6.6439E-3 8.85827E-4 1.28791E-2 1.68722E-3 1.79617E-2 3.34454E-2 1.08154E-3 1.12268E-4 1.87842E-2 2.29482E-3 1.04931E-2 1.47004E-4 1.4224E-2 8.98695E-3 1.69005E-2
5.66971E-1 6.36212E-1 7.7572E-1 5.89577E-2 1.1441E-1 6.75844E-1 3.63828E-1 6.98048E-2 1.39424E-1 3.45857E-1 1.18035E-2 3.76395E-1 1.36893E-1 5.16836E-2 1.07762E-2 8.74172E-3 4.0171E-2 1.27127E-1 5.40016E-2 3.0981E-1 1.7002E-1 2.45717E-3 5.05925E-2 5.77935E-2 3.15935E-3 2.76808E-2 1.13273E-1 4.00011E-1 4.01074E-1 2.04392E-1 3.98577E-3 1.64581E-2 4.58643E-2 5.24841E-1 1.48831E-3 5.56028E-2 2.81906E-2 1.62371E-2 1.70896E-2 3.28623E-1 1.14794E-3 1.60341E-2 9.06333E-3 5.08263E-3 2.4598E-2 3.00102E-2 4.03239E-2 5.11212E-3 2.14375E-2 4.56196E-4 4.21359E-5 1.36215E-3 7.01866E-4 4.80856E-4 2.00918E-3 5.65112E-3 5.27986E-3 1.0365E-2
1.08014E-1 6.31714E-1 1.3686E-1 1.69891E-1 3.00329E-1 6.50022E-3 3.24573E-1 9.76478E-2 1.63503E-2 2.30549E-1 6.56135E-2 2.04146E-1 1.60047E-2 2.97677E-1 4.49086E-2 9.9591E-2 7.04991E-2 1.27729E-1 1.96686E-1 2.06229E-1 9.53666E-3 2.0098E-1 3.03694E-1 4.43855E-2 5.66137E-2 1.18165E-1 1.77126E-1 6.89891E-3 2.20294E-2 6.47621E-1 7.81198E-3 2.00861E-1 2.21269E-3 2.7394E-2 2.08228E-2 4.10595E-2 7.59773E-2 2.44568E-2 1.41974E-2 1.66157E-1 1.22043E-2 1.04964E-3 8.15755E-4 4.26341E-3 7.98276E-3 6.90819E-3 1.17793E-2 8.1283E-3 2.39494E-3 1.19707E-3 6.03031E-5 7.97388E-3 6.63873E-3 1.52297E-2 5.37272E-4 3.7511E-2 4.66238E-3 6.91604E-4
4.7404E-1 5.11806E-1 5.11276E-1 2.13552E-1 1.69012E-2 3.01557E-1 2.95406E-1 3.14067E-2 2.42604E-1 2.59985E-1 4.60993E-2 5.06097E-2 6.45714E-3 1.24219E-1 6.39002E-2 1.84962E-1 1.73904E-2 3.6222E-1 2.62999E-2 2.30478E-1 9.82464E-3 1.66433E-1 1.89398E-2 2.32216E-2 6.44465E-2 2.02071E-1 6.32568E-2 3.2315E-2 4.58318E-3 4.55247E-1 1.22335E-2 2.96359E-3 1.94271E-1 1.3388E-2 4.67141E-2 1.19631E-3 6.71493E-2 2.19472E-2 9.43242E-3 1.76449E-3 5.48225E-2 2.84275E-2 5.79064E-4 2.1135E-2 3.10426E-3 4.84335E-3 6.68676E-3 4.26961E-4 4.95522E-2 2.61504E-4 3.7828E-2 7.4542E-3 2.80136E-3 4.35153E-2 7.55022E-3 3.79379E-3 3.55353E-2 1.20983E-2
3.13047E-1 4.6856E-1 8.29271E-3 3.22296E-2 7.72142E-2 5.30836E-2 3.96051E-1 9.53934E-3 1.20568E-1 1.01675E-1 1.65651E-3 1.88317E-1 4.30554E-2 1.43729E-2 2.23541E-1 2.41714E-1 2.60269E-2 1.17193E-1 7.77846E-3 2.7225E-2 2.17692E-1 1.27052E-2 1.3514E-2 1.9755E-1 2.83681E-2 1.21138E-2 4.86911E-2 2.53636E-2 2.38219E-3 1.71341E-2 1.62266E-3 8.94737E-3 1.88853E-2 1.075E-2 3.36707E-3 2.88966E-2 4.353E-2 4.39312E-3 1.56377E-2 1.53435E-3 1.2047E-2 3.77133E-2 3.32839E-2 1.07435E-2 1.37388E-2 7.20376E-2 4.84415E-2 4.22242E-4 4.04271E-3 6.98302E-3 7.87045E-3 1.15789E-3 1.43623E-3 4.63854E-4 4.31586E-2 4.24869E-4 3.97525E-2 7.39157E-3
5.51778E-2 5.38002E-1 7.03477E-2 6.51154E-2 7.4045E-2 1.31106E-1 5.60801E-2 5.99986E-2 5.92129E-2 1.69339E-2 2.235E-3 1.381E-3 1.97968E-1 2.29331E-3 3.05723E-2 6.15776E-2 1.50018E-1 2.09401E-1 2.42786E-1 2.00584E-2 4.26116E-2 7.94117E-3 5.11096E-3 1.39947E-2 1.90301E-1 1.25346E-2 1.64126E-2 3.52357E-3 4.21067E-3 1.38383E-2 1.37491E-2 3.02578E-2 3.82273E-2 3.8827E-2 2.89771E-3 5.39151E-3 5.14822E-2 6.10634E-2 2.7528E-2 1.04612E-1 1.28716E-2 9.24153E-3 6.23957E-3 9.57403E-3 7.91265E-2 5.09762E-3 2.80175E-2 1.0344E-2 1.13428E-2 1.03512E-2 1.13561E-2 3.05143E-2 2.83025E-3 4.26911E-2 2.44133E-3 6.6176E-3 1.20516E-2 1.65025E-4
7.17852E-2 6.20027E-1 5.63863E-1 3.08829E-1 1.5974E-2 9.51764E-2 1.46625E-1 4.2462E-2 2.83239E-2 4.49097E-1 7.76617E-3 2.29523E-1 2.26911E-3 3.38839E-2 2.3444E-2 1.65584E-1 3.56879E-2 1.75564E-2 5.83722E-1 1.04663E-1 1.18897E-2 1.83373E-4 1.59176E-3 4.4772E-2 5.68565E-4 6.70861E-2 2.62967E-3 6.20007E-3 5.63659E-2 4.73706E-3 2.82973E-2 1.37801E-2 1.02333E-2 4.43209E-4 3.47959E-2 4.70055E-2 2.13493E-2 1.31779E-2 1.77653E-3 3.41664E-2 2.91261E-3 7.18115E-3 2.02273E-2 3.7626E-2 3.34141E-2 5.02368E-3 1.41684E-2 1.06242E-3 1.06135E-3 4.36329E-2 4.67651E-3 4.87302E-3 3.12307E-2 3.58124E-2 6.92015E-3 2.91367E-3 5.318E-4 4.14099E-4
1.03104E-1 4.41276E-1 5.4289E-2 7.65529E-2 3.46581E-3 5.6734E-2 3.81208E-1 7.33692E-2 8.83534E-2 1.78173E-1 1.08605E-1 1.906E-1 5.83043E-3 6.78893E-2 1.43104E-1 4.65196E-1 5.9715E-2 1.20841E-1 3.05888E-2 6.54384E-2 1.2731E-2 4.8531E-2 8.85273E-4 4.36302E-3 4.84838E-3 2.1286E-4 3.20115E-2 1.92957E-3 4.89635E-3 3.66763E-4 2.37858E-3 6.97685E-3 4.26394E-3 3.66601E-3 1.5993E-3 1.86247E-3 7.39312E-4 2.77342E-2 2.78419E-3 8.43841E-3 5.15475E-2 4.84807E-2 5.30985E-2 2.25448E-2 5.86696E-2 6.53599E-2 4.16047E-2 3.46158E-3 1.69832E-2 9.04255E-3 5.208E-3 2.42252E-4 1.25775E-2 1.58543E-3 6.12636E-3 5.09699E-3 2.8443E-3 6.03852E-2
