outputs/pantheraTigris_0.asc
ncols         290
nrows         290
xllcorner     68.0
yllcorner     8.0
cellsize      0.1
NODATA_value  -9999
[rows 156 to 181 of 290, columns 58 to 115 of 290]
1.05928E-2 9.56962E-1 9.59175E-1 7.44728E-1 6.24684E-2 8.71431E-1 6.58984E-1 7.96706E-1 4.13027E-2 4.07835E-2 9.52701E-1 7.60243E-1 4.11198E-1 2.27317E-1 8.53393E-1 9.35629E-1 9.21392E-1 7.439E-1 2.76115E-1 3.72006E-2 4.87977E-1 4.90502E-1 5.42853E-1 9.45172E-1 6.30845E-1 2.40371E-1 6.84201E-1 7.60934E-1 4.86311E-1 8.02987E-1 8.44485E-1 6.91383E-1 8.87032E-1 7.32455E-1 5.64006E-1 4.34163E-1 7.03579E-1 6.95046E-1 4.8406E-2 4.59019E-1 5.92274E-1 2.14016E-1 8.60475E-1 5.56101E-1 5.56734E-1 5.16372E-1 5.28658E-1 8.5364E-1 7.13699E-1 7.14566E-1 8.96347E-1 5.159E-1 2.60375E-2 8.94217E-2 8.9923E-1 7.54741E-2 7.55274E-1 2.40444E-2
7.63312E-1 5.59518E-1 2.58135E-2 5.6975E-1 4.47464E-1 4.25778E-1 5.56003E-1 8.8458E-1 4.17752E-2 9.59055E-1 7.29707E-1 7.6939E-1 9.92195E-1 8.81243E-1 6.38757E-1 2.66549E-1 2.50648E-1 2.82836E-1 8.49418E-1 3.94952E-1 9.1755E-1 8.77072E-1 8.98551E-1 7.80074E-1 9.28489E-1 7.08617E-1 9.00806E-1 9.65374E-1 7.96296E-1 9.06524E-1 5.84045E-1 6.3197E-1 8.64066E-1 5.69668E-1 6.28372E-1 7.92992E-1 6.56679E-1 7.68946E-1 8.30299E-1 7.19846E-1 9.35212E-1 8.62539E-1 8.93558E-1 8.60021E-1 6.33116E-1 6.32011E-1 2.94157E-2 7.79536E-1 7.16443E-1 7.68468E-1 8.98987E-1 4.71388E-1 6.40659E-1 7.43744E-1 9.70204E-1 6.32273E-1 3.64464E-2 3.63064E-2
2.31777E-2 3.30699E-1 9.69336E-1 8.94945E-1 7.46581E-1 3.13358E-1 8.33583E-1 7.74492E-1 3.96716E-1 2.56924E-1 1.79732E-2 6.07034E-1 1.09069E-1 3.15757E-1 6.87565E-1 7.14291E-1 5.07412E-1 9.85512E-1 7.49406E-1 4.47526E-1 8.1713E-2 9.50266E-1 9.1607E-1 5.68965E-1 8.50567E-1 9.48709E-2 5.25831E-1 8.96728E-1 6.44277E-1 6.51957E-1 8.71426E-1 8.20353E-1 7.48097E-1 3.43739E-1 9.64162E-1 5.81791E-1 5.78652E-1 6.99488E-1 8.85024E-1 4.82839E-1 8.47857E-1 8.82674E-1 5.38472E-1 5.54021E-1 4.21854E-1 7.20255E-1 8.21873E-1 7.76331E-1 5.25792E-1 6.51677E-1 9.08479E-1 7.74779E-1 5.65705E-1 6.41605E-1 7.13122E-1 6.14375E-1 9.20961E-1 6.54778E-1
8.35595E-1 8.00017E-1 6.9057E-1 9.60427E-1 4.34836E-1 6.4011E-2 7.00397E-1 9.127E-1 1.07369E-1 7.86515E-1 3.59023E-1 8.23567E-1 5.82064E-1 4.42904E-1 8.78011E-1 7.51191E-2 9.8388E-1 8.71026E-1 8.34297E-1 9.69447E-1 9.26016E-1 7.88646E-1 8.38093E-1 8.06566E-1 3.64129E-1 6.72427E-1 8.67849E-1 8.03734E-1 8.80624E-1 8.18575E-1 8.41037E-1 7.17704E-1 7.6083E-1 6.24952E-1 8.12235E-1 9.37194E-1 7.15519E-1 5.34432E-1 4.69079E-1 8.92882E-1 9.63146E-1 9.44921E-1 5.36942E-1 9.17623E-1 8.39862E-1 9.47577E-1 7.95291E-1 8.27555E-1 8.65336E-1 8.99919E-1 8.61042E-1 5.66119E-1 7.84335E-1 2.24662E-2 9.61032E-2 8.02473E-1 6.47943E-1 9.79328E-1
2.90686E-1 6.08231E-1 8.96283E-1 3.52663E-1 9.51806E-1 7.53465E-1 3.95293E-1 7.92938E-1 4.9865E-1 5.20718E-1 5.08846E-1 6.52334E-2 2.77565E-1 4.163E-2 8.89428E-1 4.63629E-1 9.00587E-1 9.07819E-1 6.15569E-1 8.95465E-1 7.68349E-1 8.45687E-1 7.60237E-1 9.61187E-1 6.26285E-1 7.76914E-1 6.12263E-1 7.25197E-1 7.57787E-1 4.63133E-1 6.6133E-1 5.56259E-1 5.32827E-1 7.44199E-1 5.01684E-1 5.59234E-1 7.96926E-1 7.05171E-1 5.67999E-1 9.31356E-1 4.51577E-1 8.96063E-1 4.20926E-1 8.83447E-1 7.35578E-1 7.31098E-1 7.12907E-1 8.57649E-1 6.78049E-1 6.54076E-1 6.80409E-1 9.26497E-1 8.90362E-1 4.57002E-1 5.75289E-1 5.29891E-1 6.14737E-1 6.65941E-1
7.41441E-1 2.958E-1 5.53063E-1 3.16616E-2 7.81019E-1 7.43395E-1 3.55871E-2 8.97298E-1 7.06579E-1 4.93481E-1 4.49196E-1 2.67257E-1 7.49687E-1 5.10826E-1 7.65095E-1 9.18995E-1 8.0667E-1 7.89525E-1 6.00632E-1 4.29639E-1 4.63835E-1 9.26228E-1 3.55226E-2 7.51778E-1 9.4311E-1 8.72538E-1 9.04076E-1 8.19905E-1 6.39139E-1 7.85146E-1 5.21546E-1 4.87493E-1 6.15353E-1 8.7355E-1 6.92339E-1 9.50912E-1 7.79908E-1 6.76351E-1 5.36397E-1 5.01058E-1 6.86845E-1 9.44042E-1 6.41456E-1 8.38434E-1 6.1062E-1 3.45536E-1 5.9466E-1 7.40582E-1 4.15837E-1 6.49645E-1 8.87112E-1 8.06841E-1 7.45943E-1 8.54374E-1 8.69846E-1 7.09748E-1 7.20088E-1 6.78132E-2
3.15336E-1 5.75311E-1 9.18016E-1 6.53286E-1 9.28137E-1 1.10764E-1 3.43088E-1 6.59426E-1 6.06354E-1 3.1224E-2 4.57359E-1 5.54058E-1 8.61545E-1 9.03735E-1 6.84082E-1 6.26819E-1 4.45394E-2 6.23944E-1 8.42572E-1 5.58838E-1 9.90789E-1 8.20521E-1 6.9905E-1 8.12661E-1 6.49197E-1 9.39578E-1 6.69408E-1 8.97734E-1 9.82353E-1 8.58173E-1 5.27804E-1 7.23715E-1 5.79298E-1 6.02229E-1 6.82914E-1 6.41203E-1 6.3778E-1 7.40231E-1 7.29607E-1 8.66255E-1 8.71568E-1 6.06942E-1 2.39383E-1 1.81202E-2 5.00864E-1 2.19294E-1 5.7505E-1 7.29886E-1 6.49345E-1 7.29869E-1 3.58489E-1 7.1651E-1 7.94857E-1 2.78597E-1 6.41379E-1 5.41994E-1 6.75814E-1 5.71053E-1
4.21721E-1 9.02531E-1 7.29625E-1 3.19275E-2 2.90663E-2 3.57187E-1 8.67113E-1 7.51387E-1 5.73848E-1 2.96204E-2 5.38685E-1 7.99395E-1 4.71712E-2 8.10464E-1 6.79952E-1 4.80663E-1 6.33773E-1 7.63705E-1 8.71333E-1 9.21288E-1 8.01537E-1 6.6365E-1 9.05295E-1 7.21557E-1 9.23542E-1 8.06111E-1 7.6793E-1 7.40121E-1 4.38923E-1 7.91785E-1 6.28759E-1 4.59925E-1 7.04183E-1 8.05325E-1 7.65713E-1 7.82091E-1 8.2221E-1 7.49697E-1 4.32355E-1 2.65721E-2 4.85113E-1 3.55385E-1 5.28297E-1 4.37978E-1 6.93058E-1 3.77195E-1 6.01973E-1 9.00334E-1 8.97482E-1 5.64699E-1 7.69116E-1 7.34268E-1 5.91539E-1 3.08948E-2 8.54475E-1 6.90214E-1 7.80812E-1 7.59346E-1
5.68938E-1 4.84129E-1 9.26231E-1 4.57086E-2 3.18871E-2 3.82014E-2 4.37899E-1 2.5024E-1 4.04413E-1 6.92689E-1 6.79315E-1 9.02478E-1 4.76709E-1 6.84477E-1 5.21945E-1 8.07983E-1 9.26122E-1 9.34413E-1 8.0921E-1 7.29647E-1 8.035E-1 9.09835E-1 6.02773E-1 8.98864E-1 5.43665E-1 6.50862E-1 8.68772E-1 9.46945E-1 1.0457E-1 6.90706E-1 7.37322E-1 6.22841E-1 4.87416E-1 7.03117E-1 3.17442E-2 8.49741E-1 8.19805E-1 7.15619E-1 6.93168E-1 9.41695E-1 7.24014E-1 5.66624E-1 3.48871E-1 2.74963E-1 2.57233E-1 8.95867E-1 9.22357E-1 6.74717E-1 8.84632E-1 6.78107E-1 5.20451E-1 7.55878E-1 6.9646E-1 5.7537E-1 8.62628E-1 6.65349E-1 5.00191E-1 1.37479E-1
7.3762E-1 7.17205E-1 4.91603E-1 6.5008E-1 9.01837E-1 4.73798E-1 7.79014E-1 4.53525E-1 7.35279E-1 6.4177E-1 7.87015E-1 8.12032E-1 8.22348E-1 4.4005E-1 7.62468E-1 7.85014E-1 3.05545E-2 4.3507E-1 4.2808E-1 7.88442E-1 7.64401E-1 4.84987E-1 6.35215E-1 7.52914E-1 8.20759E-1 8.57035E-1 9.39894E-1 7.02708E-1 5.28298E-1 3.8957E-1 7.54869E-1 9.75799E-1 6.09518E-2 4.80251E-1 8.10106E-1 5.94336E-1 5.36682E-1 7.56194E-1 4.73268E-1 7.6619E-1 7.73866E-2 6.45542E-1 9.08977E-1 4.98421E-1 8.6282E-1 6.79786E-1 7.61543E-1 8.20611E-1 9.91752E-2 9.07651E-1 5.97367E-1 6.37393E-1 6.37424E-1 2.3936E-1 6.28074E-1 8.83367E-1 6.48975E-1 4.54502E-1
6.49774E-1 2.9373E-1 9.05671E-1 3.73853E-1 1.3587E-1 5.76812E-1 3.63165E-1 7.13404E-1 4.66336E-1 7.3393E-1 4.9969E-1 5.19159E-1 7.07843E-1 8.38262E-1 9.32153E-1 6.77323E-1 4.48617E-1 7.06278E-1 3.02206E-2 5.5186E-2 8.07444E-1 8.33245E-1 4.91267E-1 3.56376E-1 8.37122E-1 5.80041E-1 8.34716E-1 6.92352E-1 4.05739E-1 8.0773E-1 3.88818E-1 6.02949E-1 8.30839E-1 7.17081E-1 9.41168E-1 7.79912E-1 3.82214E-2 6.2078E-1 5.79023E-1 7.66944E-1 5.28406E-1 3.4319E-2 7.38214E-1 5.95784E-1 5.85183E-1 8.29642E-1 6.5437E-1 6.0111E-1 7.09223E-1 4.91051E-1 3.58058E-1 7.05823E-1 4.64998E-1 3.13678E-1 7.8786E-1 6.20947E-1 3.09393E-1 8.98751E-1
3.94326E-1 7.74658E-1 4.35307E-1 7.34692E-1 8.26384E-1 8.63747E-1 6.07571E-1 6.76717E-1 7.48419E-1 5.61437E-1 6.23219E-1 7.3635E-1 6.61371E-1 9.30497E-1 8.94982E-1 4.17331E-2 5.62183E-1 2.92859E-2 8.50995E-1 7.83208E-1 9.68058E-1 6.90201E-1 8.51704E-1 9.98292E-1 7.95724E-1 6.99921E-1 9.14238E-1 6.64268E-1 7.51118E-1 7.16607E-1 8.18933E-1 9.16349E-1 9.39172E-1 5.73331E-1 5.00234E-1 5.30202E-1 9.11088E-1 8.66665E-1 8.36961E-2 8.42091E-1 8.11642E-1 6.61359E-1 7.09633E-1 7.39415E-1 5.54918E-1 8.2383E-1 5.2028E-2 6.05037E-1 2.0982E-2 2.45758E-1 2.68833E-1 4.01244E-2 4.00131E-1 5.46531E-1 6.73117E-1 6.37568E-1 7.93569E-1 6.33161E-1
4.01856E-1 6.78114E-1 1.52394E-1 6.17087E-1 6.78955E-1 4.39199E-1 6.80572E-1 6.55312E-1 6.79674E-1 8.5535E-1 8.23285E-1 7.21282E-1 7.06008E-1 3.72791E-1 5.49832E-1 6.71467E-1 5.34056E-1 5.52422E-1 5.83263E-1 7.64061E-1 8.96429E-1 5.92319E-1 9.71465E-1 8.45599E-1 6.93064E-1 9.38167E-1 5.31852E-1 6.97391E-1 6.83857E-1 7.3124E-1 9.24365E-1 9.37506E-1 9.13781E-1 8.08696E-1 7.00358E-1 7.45564E-1 7.24032E-1 8.71228E-1 8.33685E-1 3.04927E-1 6.20542E-1 5.15325E-1 9.00765E-1 5.72942E-1 5.15615E-1 6.91851E-1 5.78245E-1 2.58837E-1 2.02602E-1 1.84533E-1 2.89022E-1 2.69867E-2 7.68102E-1 6.07365E-1 4.23982E-1 8.18638E-1 4.4404E-1 6.83462E-1
4.15695E-2 6.48637E-1 4.4387E-1 4.02955E-1 7.03539E-1 7.13165E-1 2.79762E-2 4.14073E-1 8.89086E-1 6.44912E-1 7.75088E-1 6.50577E-1 5.22513E-1 7.61331E-1 6.07128E-1 7.36151E-1 6.05874E-1 8.00914E-1 7.70238E-1 8.68603E-1 6.06453E-1 7.50273E-1 8.86671E-1 8.58452E-1 5.77232E-1 5.73059E-1 6.99986E-1 6.77902E-1 6.43432E-1 8.01991E-1 6.45739E-1 6.59553E-1 4.20369E-2 7.39666E-1 5.13927E-1 6.0803E-1 7.5343E-1 6.5637E-1 3.19981E-1 6.7925E-1 7.04483E-1 2.42678E-2 8.32128E-1 2.16651E-1 7.95155E-1 6.19728E-1 4.89272E-1 5.5595E-1 8.91857E-1 6.14459E-1 6.26947E-1 3.89047E-1 6.7139E-1 5.73836E-1 9.24339E-1 4.72612E-1 7.01752E-1 5.7607E-1
6.08441E-1 4.69261E-1 6.83508E-1 5.35914E-1 2.90794E-2 6.99789E-1 5.12014E-1 3.36281E-1 5.4881E-1 7.10165E-1 5.19569E-1 4.24092E-1 8.82018E-1 7.50868E-1 9.82775E-2 8.74292E-1 4.79528E-1 5.4913E-1 6.95472E-1 7.28428E-1 6.99566E-1 5.08471E-1 8.75411E-1 1.00714E-1 5.59912E-1 6.441E-1 3.0412E-2 6.1265E-1 9.96387E-1 8.20047E-1 8.89168E-1 8.78076E-1 7.54909E-1 8.71737E-1 5.76977E-1 7.04709E-1 6.52936E-1 7.45343E-1 7.19222E-1 4.76458E-1 3.38344E-1 7.52081E-1 9.05948E-1 8.97916E-1 6.25228E-1 8.67297E-1 6.50403E-1 4.7196E-1 2.66563E-1 5.49361E-1 4.8527E-1 9.14181E-1 6.1146E-1 5.61746E-1 9.44009E-1 5.98709E-1 6.71214E-1 5.23569E-1
7.21281E-1 5.80548E-1 6.11779E-1 7.98572E-1 7.41095E-1 8.97668E-1 8.36321E-1 7.41916E-1 5.22119E-1 6.26476E-1 6.58503E-1 6.23061E-1 9.5142E-1 3.62263E-2 1.20083E-1 7.43176E-1 8.47873E-1 8.17954E-1 8.4558E-1 7.84095E-1 7.35793E-1 9.6775E-1 9.34446E-1 6.90724E-1 9.29646E-1 7.72499E-1 9.02979E-1 8.48398E-1 7.00825E-1 8.86458E-1 3.96816E-2 3.04771E-2 5.84943E-1 7.14673E-1 8.85996E-1 6.77537E-1 5.57912E-1 5.54469E-1 4.91302E-1 6.11555E-1 6.53311E-1 8.64478E-1 6.38953E-1 8.56729E-1 7.5321E-1 7.89233E-1 2.855E-2 5.94606E-1 6.70904E-1 2.79399E-1 2.56033E-1 6.28748E-1 7.07646E-1 8.37731E-1 2.71879E-1 9.71602E-1 9.1842E-1 7.61805E-1
2.25754E-1 8.84802E-1 5.44287E-1 8.10241E-1 5.51679E-1 7.78941E-1 6.30218E-1 6.54155E-1 4.47222E-2 9.11905E-1 9.06542E-1 5.07238E-1 6.48557E-1 7.81018E-1 6.88076E-1 8.05731E-1 3.96977E-1 2.0069E-1 4.82505E-1 4.79E-1 7.95111E-1 2.70464E-1 4.45537E-1 5.84906E-1 5.66038E-1 5.55555E-1 3.09481E-2 3.53854E-1 8.37353E-1 4.99822E-1 6.61415E-1 8.7209E-1 8.88756E-1 7.67685E-1 7.28534E-1 6.81358E-1 7.79563E-1 5.74948E-1 3.62942E-2 6.59409E-1 7.98144E-1 8.80124E-1 6.02939E-1 5.84435E-1 7.00881E-1 7.46036E-1 5.82175E-1 6.23733E-1 7.15415E-1 7.56855E-1 1.9372E-1 4.25594E-1 8.65818E-1 7.59007E-1 2.7541E-2 5.73704E-1 7.60867E-1 4.23634E-1
5.74165E-1 9.53925E-1 4.89488E-1 4.68268E-1 4.6265E-1 4.14557E-2 5.72629E-2 7.14358E-2 8.78765E-1 3.47926E-2 5.10225E-1 5.10097E-1 6.5804E-1 6.38504E-1 7.76173E-1 9.48282E-1 7.65392E-1 7.6881E-1 6.98841E-1 5.46818E-1 5.50469E-1 2.89933E-1 6.84455E-1 7.06295E-1 6.77389E-1 5.76303E-1 1.78139E-1 2.32825E-1 8.92505E-1 7.03279E-1 8.61122E-1 4.81034E-1 8.97471E-1 7.81959E-1 6.79275E-1 5.56256E-1 6.22182E-1 7.969E-1 1.04326E-1 1.00007E-1 7.4686E-1 8.1545E-1 9.01285E-1 8.14543E-1 9.2052E-1 4.05965E-2 4.27954E-1 8.06924E-1 3.11219E-2 3.57444E-1 6.47688E-1 6.12925E-1 9.41222E-1 6.16675E-1 8.2478E-1 2.58746E-1 5.73531E-2 3.05945E-1
3.67578E-1 5.48784E-1 6.68108E-1 5.66171E-1 2.73981E-1 8.68437E-1 9.10635E-1 2.60122E-1 3.08682E-2 9.67426E-1 9.59212E-1 5.84674E-1 6.17886E-1 9.25961E-1 7.18184E-1 6.32917E-1 6.95373E-1 3.5483E-1 7.77466E-1 3.13795E-1 5.6046E-1 9.2463E-1 5.12203E-1 5.7932E-1 3.01517E-1 2.80914E-1 9.03345E-1 2.87142E-1 9.4784E-1 8.8877E-1 5.99848E-2 4.9658E-1 7.46152E-1 8.50344E-1 7.28101E-1 8.89423E-1 8.87607E-1 5.65592E-1 2.2963E-1 6.72126E-1 6.18213E-1 6.50724E-1 4.89283E-1 4.10185E-1 4.04774E-1 6.5823E-1 7.84614E-1 5.3635E-1 4.7361E-1 1.20189E-1 4.63032E-1 7.77312E-1 3.02765E-1 6.21066E-1 5.52734E-1 7.72495E-1 6.91606E-1 6.21446E-1
9.44193E-2 7.23085E-2 6.38236E-1 8.08879E-1 5.74049E-1 8.6023E-1 4.43101E-1 6.18653E-1 8.19799E-1 8.93194E-1 5.58034E-1 4.33742E-1 3.39534E-1 8.07738E-1 8.39895E-1 6.196E-1 9.23945E-1 6.21432E-1 1.719E-1 9.56628E-1 5.97013E-1 7.8297E-1 8.01509E-1 7.06313E-1 2.74832E-1 1.02982E-1 8.20324E-1 3.36763E-1 1.09917E-1 4.89955E-1 2.82451E-2 5.44587E-1 8.92913E-1 8.74173E-1 7.46328E-1 7.95308E-1 8.55358E-1 5.88394E-1 5.49322E-2 6.75571E-1 6.49238E-1 3.10489E-1 5.02545E-1 5.76809E-1 5.60211E-1 3.2601E-1 7.48726E-1 7.56782E-1 2.51179E-1 1.15777E-2 2.4241E-1 6.20957E-1 1.07172E-2 3.71485E-1 9.79088E-1 6.247E-1 7.27836E-1 5.02054E-1
6.04769E-1 6.49158E-1 5.39474E-1 6.65977E-1 1.61947E-1 6.9076E-1 7.16795E-1 1.04731E-2 3.59941E-1 7.12784E-1 8.95168E-1 2.61753E-1 7.50414E-1 7.4483E-1 5.96652E-1 9.22799E-1 3.69861E-1 6.22786E-1 8.7587E-1 8.74246E-1 9.54103E-1 3.13857E-1 6.58227E-1 6.68433E-1 8.33462E-1 2.99585E-1 2.77724E-1 1.56617E-1 1.30889E-1 8.41178E-1 4.92402E-1 8.64391E-1 6.68468E-1 5.85576E-1 6.0196E-1 1.44581E-1 5.54346E-1 7.34023E-1 7.46117E-1 3.39661E-2 7.64592E-1 7.90402E-1 7.06145E-1 6.09378E-1 3.45649E-1 2.60803E-1 6.93961E-1 8.71369E-1 7.48985E-1 2.5494E-1 2.64679E-1 8.78272E-1 8.53134E-1 5.43472E-1 1.3988E-2 5.47182E-1 8.93686E-1 4.35865E-1
7.79527E-1 8.17135E-1 5.91149E-1 7.2206E-2 5.23376E-1 1.55032E-1 2.53559E-1 4.0172E-1 6.41278E-1 3.02831E-1 2.62156E-1 8.86191E-1 8.41328E-1 6.32644E-1 5.10018E-1 8.56726E-1 5.5229E-1 4.13848E-1 4.25161E-1 2.54192E-1 3.47713E-1 2.89144E-2 7.75108E-1 7.15259E-1 5.14004E-1 5.46764E-1 1.32887E-2 8.06704E-1 6.98916E-1 6.94578E-1 3.86752E-1 7.71825E-1 4.7432E-1 8.85842E-1 6.70609E-1 4.48621E-2 7.80978E-1 4.69987E-1 6.44448E-2 8.63474E-1 6.55291E-1 3.84576E-2 7.29962E-1 6.71133E-1 5.58672E-1 9.08668E-1 2.01394E-1 3.3245E-1 3.94637E-1 2.1257E-1 2.84999E-1 6.07923E-1 7.21446E-1 1.15854E-1 9.07613E-1 8.60652E-1 8.15281E-1 4.43462E-1
5.28031E-1 6.94028E-1 2.47477E-1 5.84141E-1 4.90414E-2 6.96179E-1 3.78559E-1 9.28908E-1 7.78124E-1 7.14318E-1 1.52461E-1 8.32158E-1 9.82098E-1 6.8845E-1 3.74358E-1 4.99722E-1 9.41304E-1 8.21963E-1 6.13582E-1 9.5434E-1 2.05785E-1 8.4189E-1 6.76499E-1 7.1252E-1 7.33986E-1 3.59015E-2 2.82747E-2 2.19714E-1 5.43117E-1 2.97902E-2 5.69686E-1 7.65674E-1 6.22974E-1 7.46882E-1 7.83841E-1 5.69733E-2 7.54691E-1 7.85372E-1 4.7568E-2 6.1392E-1 7.95487E-1 8.83922E-1 4.84403E-1 3.6533E-1 4.35675E-1 8.38141E-1 7.10275E-1 1.06949E-1 4.03972E-1 8.23677E-1 2.89342E-1 9.72751E-1 5.06202E-1 2.05068E-1 6.11193E-2 5.87421E-2 6.38053E-1 8.44634E-1
4.03289E-3 8.94575E-2 5.10501E-1 7.14682E-1 2.51606E-1 5.71474E-1 7.72438E-2 6.53397E-1 4.70434E-1 9.57089E-1 2.12756E-1 6.42164E-1 2.89735E-1 5.90122E-1 6.01612E-1 1.07617E-1 6.73579E-1 7.94354E-1 8.14249E-3 2.91741E-1 4.05171E-1 8.43881E-1 8.34632E-1 8.3061E-1 8.49429E-1 8.07065E-1 7.33486E-1 6.97629E-1 2.99142E-1 8.98466E-1 6.49838E-1 4.77421E-1 7.20011E-1 6.83986E-1 8.39556E-1 8.22183E-1 5.23502E-1 8.32885E-1 6.18896E-1 8.70206E-1 5.88985E-1 6.49898E-1 8.28172E-1 3.3929E-1 4.94E-1 7.08166E-1 4.43298E-1 2.8668E-1 3.54398E-1 5.88381E-1 2.37874E-1 2.77841E-2 4.62079E-1 1.50788E-2 1.76064E-1 4.74327E-1 5.89284E-1 9.05004E-1
3.05401E-1 4.14625E-1 7.40725E-1 7.86743E-1 7.05774E-3 5.833E-1 1.10602E-1 2.83036E-1 4.72738E-1 7.92874E-1 9.37179E-1 5.66715E-1 4.85661E-1 7.7867E-1 9.81622E-1 6.81426E-1 8.43577E-1 4.7863E-2 7.6766E-1 8.89282E-1 3.16705E-1 6.81329E-1 4.31393E-1 3.34481E-1 9.10145E-1 7.61067E-1 3.01039E-2 4.78857E-1 6.51398E-1 4.68004E-1 7.60783E-1 5.12801E-1 2.51587E-1 8.34254E-1 5.89705E-1 7.90781E-1 8.77167E-1 7.79263E-1 5.89437E-1 1.80825E-1 5.80973E-1 4.84659E-1 6.05519E-1 6.61605E-1 8.15276E-1 7.20609E-1 5.74167E-1 7.65655E-1 4.28491E-1 6.33686E-1 6.51603E-1 7.22722E-1 7.5144E-1 2.39984E-1 2.03542E-1 4.72175E-1 8.78963E-3 1.03524E-2
6.38572E-1 3.83934E-1 5.82702E-2 1.35279E-1 7.82848E-1 3.57456E-1 1.58727E-1 1.91136E-1 2.23994E-1 4.08182E-1 8.16212E-1 5.1881E-1 9.13605E-1 7.30003E-1 3.49952E-1 6.84057E-1 9.84095E-1 8.09899E-1 7.75524E-1 9.20996E-1 8.40439E-1 6.64565E-1 2.40222E-2 9.0661E-1 4.83346E-1 8.04533E-1 4.80043E-1 6.36321E-1 4.44259E-2 2.50313E-1 6.28655E-1 3.28872E-1 9.07627E-1 6.81779E-1 6.70671E-1 5.66631E-1 8.53449E-1 8.79611E-1 5.63053E-1 5.79526E-1 7.0972E-1 6.62221E-1 5.21118E-1 3.02267E-2 7.521E-1 9.07218E-1 8.19602E-1 5.62665E-1 3.64449E-1 4.56244E-1 5.29837E-1 7.30813E-1 7.85673E-1 2.84694E-1 3.22688E-1 2.61255E-1 2.73159E-1 4.84046E-1
