outputs/pantheraTigris_4.asc
ncols         290
nrows         290
xllcorner     68.0
yllcorner     8.0
cellsize      0.1
NODATA_value  -9999
[rows 130 to 155 of 290, columns 58 to 115 of 290]
7.25011E-1 1.53314E-1 2.47252E-1 1.88205E-1 7.44477E-1 6.82388E-2 4.07631E-1 7.90163E-1 6.40876E-1 6.43125E-1 6.66378E-2 3.65912E-1 7.30106E-1 8.70645E-1 3.01954E-1 4.31142E-1 3.90305E-1 9.75735E-2 8.03613E-1 8.8191E-1 1.73451E-1 7.01298E-1 6.67912E-1 5.89631E-1 9.34641E-1 8.93687E-2 8.41987E-1 9.00742E-1 6.56482E-1 9.5145E-1 6.79582E-1 3.7201E-1 6.09831E-1 5.54715E-1 9.30659E-1 5.73893E-1 9.70686E-1 8.90144E-1 1.71168E-1 9.16493E-1 6.21927E-1 9.32248E-1 2.32109E-1 9.29307E-1 8.20305E-1 8.80944E-1 8.65597E-1 6.47832E-1 6.20172E-1 7.87308E-1 4.34023E-1 2.60847E-1 8.97403E-1 9.6249E-1 7.56362E-1 9.33771E-1 7.46212E-1 6.86284E-1
3.59668E-1 4.68209E-1 8.80891E-1 5.12727E-1 8.00934E-1 5.24212E-1 1.24412E-1 3.06364E-2 4.4097E-1 5.75801E-1 2.61351E-2 4.36625E-1 7.80928E-1 9.69781E-1 3.88307E-1 5.72775E-1 7.52419E-2 3.85986E-1 9.7733E-1 9.70146E-1 5.60472E-1 1.85878E-1 8.65857E-1 9.51759E-2 6.28939E-1 7.16602E-1 6.29703E-1 6.53858E-1 4.64628E-1 7.87645E-1 8.80573E-1 8.88863E-1 9.07423E-1 6.21088E-1 6.55001E-1 8.86604E-1 9.62537E-1 3.78386E-1 2.88243E-1 3.85793E-1 2.10172E-1 7.27971E-1 6.66424E-1 8.73216E-1 7.59183E-1 8.35258E-1 6.8334E-2 7.81852E-1 9.06918E-1 6.21732E-1 3.03278E-1 6.09951E-2 8.39821E-1 8.49825E-1 6.3381E-1 6.89344E-1 4.7998E-1 3.16371E-1
7.28797E-1 8.75692E-1 9.21575E-1 7.6345E-1 7.29373E-1 3.29961E-3 5.94177E-1 2.08547E-1 2.39874E-1 6.86082E-1 8.44121E-1 6.82442E-2 6.99986E-1 8.34155E-1 7.62928E-1 4.34733E-1 9.49357E-1 4.90188E-1 8.86128E-1 9.69124E-1 9.57921E-1 7.76897E-1 4.32312E-1 6.77722E-1 4.37109E-1 6.54477E-1 8.18622E-1 2.23165E-1 6.68189E-1 7.18535E-1 7.97172E-1 7.97278E-1 6.79492E-1 9.58165E-1 9.61813E-1 7.86715E-1 9.34189E-1 4.48154E-1 8.80721E-1 4.92631E-1 5.86498E-1 7.10437E-1 7.56665E-1 8.20733E-1 7.88041E-1 9.0124E-2 3.82199E-1 4.24998E-1 5.62452E-1 7.14066E-1 7.89255E-1 4.6563E-1 7.98427E-1 7.97093E-1 9.77909E-1 3.98305E-1 9.79403E-1 5.82113E-1
6.80834E-1 9.08377E-1 7.58536E-1 8.28763E-1 2.95742E-2 3.93251E-2 1.80543E-1 1.55931E-1 8.45837E-1 5.08875E-1 6.6235E-1 1.06977E-1 1.67891E-2 6.88858E-1 9.40385E-1 1.85636E-1 1.59247E-1 6.93154E-1 5.55587E-2 2.35936E-1 8.09869E-1 5.49874E-1 5.3569E-1 6.66508E-1 8.25768E-1 8.01063E-1 8.11655E-1 7.72747E-1 8.33081E-1 9.30295E-1 4.72844E-1 2.71397E-1 2.87729E-1 5.39164E-1 5.30124E-1 7.63496E-1 8.54188E-1 6.74457E-1 9.30149E-1 9.24652E-1 7.72632E-1 5.50482E-1 8.65522E-1 7.02968E-1 4.77473E-1 3.50952E-1 7.1186E-1 8.41231E-1 6.84914E-1 6.59278E-1 9.8539E-1 3.64092E-1 5.81701E-1 8.6749E-1 7.51798E-1 3.75236E-1 4.64096E-1 3.63984E-1
3.62489E-1 1.47422E-1 1.45993E-1 5.45948E-1 5.05867E-2 3.91455E-1 8.40695E-1 4.47638E-1 3.37514E-2 5.01941E-1 8.04562E-1 5.9861E-2 8.81743E-1 9.1376E-1 6.9008E-1 8.74125E-1 3.72245E-1 8.84155E-1 8.39214E-1 3.45575E-1 6.43733E-1 5.10936E-1 7.50259E-1 7.60795E-1 8.05788E-1 9.18673E-1 9.48155E-1 7.94235E-1 6.33817E-1 9.75517E-1 9.57708E-1 5.52223E-1 6.10054E-1 8.02695E-1 2.62758E-1 7.21728E-1 6.72719E-1 7.27831E-1 4.97688E-1 1.65715E-1 7.37817E-1 9.39921E-1 8.07535E-1 9.81333E-1 8.92162E-1 8.44719E-1 7.68324E-1 7.70229E-1 7.85026E-1 4.062E-1 6.98029E-1 6.9312E-1 9.0283E-1 9.48431E-1 9.58569E-1 9.75914E-1 8.08918E-1 7.58069E-1
8.91879E-1 7.07767E-2 7.224E-1 7.2087E-1 8.60459E-1 6.9588E-1 6.50621E-1 3.55219E-2 2.96039E-2 5.83147E-1 5.53799E-1 6.42391E-1 7.37872E-1 7.58151E-1 2.78804E-1 1.41582E-1 8.90302E-1 3.51372E-1 3.51729E-1 3.50363E-1 7.68447E-1 9.64854E-1 9.60098E-1 9.82763E-1 5.17524E-1 9.05367E-1 8.26965E-1 8.41755E-1 8.47646E-1 6.31663E-1 8.57385E-1 8.96031E-1 1.35365E-1 7.36227E-1 3.74985E-1 3.89708E-1 8.39993E-1 8.79277E-1 9.94049E-1 6.51936E-1 8.49933E-1 1.03316E-1 9.05058E-1 8.49252E-1 3.44367E-1 7.49954E-1 2.80867E-1 4.40015E-1 9.30023E-1 9.77459E-1 8.29751E-1 7.93823E-1 9.85154E-1 7.15671E-1 5.58908E-1 8.06115E-1 9.46315E-1 4.61196E-1
9.7672E-2 5.54866E-1 8.55559E-1 3.29923E-1 1.26701E-1 3.52866E-2 4.75186E-1 5.52067E-1 4.76923E-1 1.11502E-1 6.33715E-1 8.53703E-1 7.91366E-1 6.50728E-1 9.48806E-1 6.07581E-1 3.48134E-1 9.08903E-2 8.11313E-1 7.78063E-1 8.26493E-1 4.18418E-1 6.57896E-2 9.17085E-1 4.60729E-1 7.75533E-1 9.3617E-1 3.14566E-1 7.70692E-1 1.71618E-1 7.20804E-1 9.42664E-1 1.47004E-1 9.26257E-1 6.96713E-1 7.43537E-1 8.85609E-1 6.82699E-1 9.37129E-1 6.69849E-1 9.62858E-1 5.98907E-2 8.48691E-1 8.49922E-1 7.44801E-1 5.68482E-1 6.71625E-1 7.88614E-1 7.27834E-1 5.23215E-1 5.80868E-1 8.26668E-1 8.15893E-1 3.95973E-1 5.48099E-1 5.71205E-1 6.00908E-1 4.63696E-1
5.96193E-1 8.37203E-2 6.8171E-1 9.09447E-2 6.78911E-1 6.62051E-1 6.00107E-1 9.29823E-2 1.31385E-1 5.0466E-1 5.14088E-1 2.74997E-1 9.50409E-1 4.6543E-1 6.54969E-1 6.51674E-1 9.51112E-1 8.63793E-1 5.46469E-1 7.85274E-1 3.52145E-2 4.94764E-1 5.96112E-1 8.18768E-1 3.87895E-1 2.87135E-1 8.4536E-1 9.46814E-1 8.71013E-1 6.89834E-1 7.92014E-1 9.06905E-1 9.98127E-1 6.70557E-1 6.3441E-1 6.23323E-1 6.17451E-1 7.86454E-1 6.91371E-1 6.57532E-1 8.37555E-1 8.14485E-2 9.44541E-1 5.60519E-1 5.05133E-1 4.08397E-1 8.34187E-1 2.84393E-1 1.98795E-1 5.40179E-1 9.98594E-1 7.06895E-1 9.81816E-1 5.38682E-1 8.54997E-1 7.61846E-1 6.06501E-1 9.49798E-1
5.40235E-1 5.42667E-1 6.7125E-1 6.10923E-1 1.80808E-1 6.33707E-1 6.94667E-1 9.12132E-1 1.19898E-1 7.03593E-1 7.31834E-1 6.11051E-2 3.22786E-1 3.28462E-1 4.40795E-1 5.87326E-1 5.0878E-1 1.78655E-1 7.17163E-1 6.2404E-1 2.48759E-2 5.87481E-1 5.05573E-1 8.6208E-2 6.04228E-3 1.56632E-1 3.07745E-1 2.82683E-2 8.02243E-2 7.86437E-1 2.45431E-1 3.69603E-1 5.53662E-1 5.21766E-1 9.99622E-1 7.6792E-2 1E0 8.5139E-1 8.71686E-1 8.04173E-1 6.25434E-1 7.09722E-1 9.9999E-1 6.08395E-1 8.95768E-1 6.15006E-1 7.17798E-1 8.21666E-1 5.21067E-1 7.0195E-1 5.82958E-1 7.86846E-1 7.70799E-1 4.64056E-1 3.50798E-1 6.16879E-1 5.40799E-1 6.29896E-1
7.18584E-1 8.73688E-1 8.83521E-1 8.95935E-1 6.93466E-1 6.59531E-1 9.43032E-1 9.06657E-1 6.20614E-1 3.31332E-1 3.62806E-1 4.43675E-1 2.88867E-1 4.94492E-1 4.39389E-2 2.52988E-2 7.9039E-1 1.14222E-1 9.65137E-1 9.99386E-1 9.18438E-1 8.85068E-1 1.12657E-1 7.41699E-2 5.43739E-1 9.04707E-1 8.16277E-1 1.69167E-1 9.30996E-1 3.7034E-1 1.06185E-1 1.18189E-1 5.62395E-1 9.39778E-1 4.81479E-1 6.92836E-1 6.65659E-1 4.09673E-1 9.86624E-1 9.84708E-1 6.01368E-1 4.38961E-1 6.31597E-1 4.90891E-1 9.76677E-1 9.68331E-1 2.69495E-1 7.68863E-1 7.95773E-1 4.20252E-1 6.86056E-1 9.12481E-1 4.90694E-1 4.45277E-1 7.97266E-1 4.7117E-1 9.48352E-1 4.61504E-1
6.4937E-1 6.42981E-1 8.72224E-1 5.5982E-1 5.51352E-1 4.61838E-1 8.8662E-1 2.16399E-1 2.38704E-2 6.24192E-1 3.35286E-1 5.64963E-1 4.74332E-2 7.82998E-2 7.35021E-1 6.73944E-2 8.24653E-1 7.84019E-1 7.16796E-1 4.69402E-1 8.51908E-1 6.36423E-1 6.65641E-1 8.77845E-1 7.76849E-1 5.23302E-1 4.49218E-1 4.93679E-1 9.6837E-1 7.49799E-1 7.79447E-1 8.63291E-1 9.76916E-1 9.61823E-1 8.30842E-1 5.33715E-1 6.25135E-1 6.27548E-1 6.50317E-1 3.96894E-1 7.12804E-1 8.5162E-1 6.8765E-1 6.80233E-1 7.03214E-1 6.64802E-2 7.02914E-1 7.46349E-1 4.05214E-1 6.46044E-1 6.63886E-1 3.23319E-1 6.07598E-1 9.06379E-1 8.6492E-1 8.35534E-1 4.61588E-1 4.97808E-1
8.74438E-1 6.8823E-1 3.7054E-1 1.94781E-1 7.86902E-1 7.96897E-1 3.92193E-2 1.31819E-1 4.38527E-1 7.49514E-1 9.47021E-1 8.60073E-1 8.40347E-2 9.74075E-1 9.68446E-1 4.38939E-1 9.08226E-1 9.52413E-1 1.29029E-1 6.75423E-1 9.50257E-1 9.7433E-1 5.60833E-1 1.08375E-1 9.35296E-1 7.20307E-1 6.77585E-2 4.54074E-1 6.01742E-1 7.10984E-1 9.41714E-1 4.87286E-1 5.05683E-1 8.2526E-1 8.02111E-1 7.76079E-1 9.75406E-1 6.55518E-1 5.40318E-1 9.45836E-1 8.00935E-1 5.88011E-1 6.77912E-1 8.2819E-1 9.45331E-1 6.42074E-1 6.0385E-1 6.6335E-1 8.65665E-1 8.9917E-1 4.77506E-1 8.64742E-1 6.56956E-1 8.40781E-2 6.96649E-1 2.68187E-1 7.58006E-1 6.76861E-1
7.28507E-1 8.65536E-1 4.68802E-1 2.39296E-1 8.82021E-1 6.30344E-1 6.87996E-1 4.85962E-1 6.24509E-1 5.84734E-3 6.67199E-3 4.81806E-1 9.57214E-1 6.46125E-1 9.5857E-1 3.51437E-1 1.23022E-1 1.30347E-1 3.39274E-1 8.14901E-1 6.85248E-1 8.30598E-1 6.24567E-1 8.14301E-1 3.58376E-1 6.7688E-1 9.44758E-1 9.63427E-1 8.58781E-1 7.64815E-1 7.02483E-1 5.00322E-1 9.2501E-1 6.67174E-1 8.88097E-1 6.71939E-1 1.18384E-1 5.51193E-1 5.66205E-1 8.88987E-1 6.53309E-1 6.80536E-1 1E0 8.12124E-1 4.12665E-1 5.35793E-1 8.23453E-1 6.45258E-1 8.3709E-1 6.04459E-1 5.81178E-1 7.27825E-1 7.60325E-1 7.16448E-1 7.17942E-1 8.51326E-1 6.13393E-1 9.55806E-1
6.69549E-1 4.91474E-2 1.97121E-1 7.15828E-1 8.81693E-1 4.16452E-1 5.18391E-2 8.60514E-1 8.54483E-1 8.15267E-1 7.65507E-1 6.27074E-1 6.07382E-2 5.77974E-1 9.63521E-1 7.70405E-3 5.57012E-1 2.98669E-1 6.69056E-2 5.59872E-1 4.85302E-1 3.92265E-1 9.96552E-1 1.65256E-1 9.18382E-2 7.51022E-1 6.57932E-1 9.46689E-1 4.68209E-1 5.67704E-1 6.23058E-1 1.11057E-1 6.43497E-1 2.49783E-1 2.02226E-1 9.99962E-1 8.81253E-1 4.22973E-1 4.95966E-1 8.39007E-1 7.52254E-1 6.62699E-1 1E0 8.28365E-1 5.1483E-1 5.75661E-1 5.65835E-1 1E0 8.34136E-1 5.55825E-1 6.41428E-1 5.66095E-1 3.52544E-1 5.08235E-1 5.94571E-1 4.93748E-1 6.2099E-1 7.69683E-1
7.70599E-1 8.80725E-1 2.45784E-2 7.72292E-1 5.48952E-1 2.18446E-1 8.93516E-1 2.65125E-1 6.96886E-2 1.08119E-1 9.33672E-1 9.32346E-2 3.75316E-1 2.62459E-1 4.66222E-1 4.05423E-1 2.96487E-1 7.08051E-1 4.80208E-1 1.10826E-1 4.16945E-1 7.55417E-1 6.25756E-1 1.04125E-1 5.78576E-2 4.23327E-1 8.9804E-1 7.59881E-1 3.04995E-1 3.87194E-1 9.05452E-1 8.08653E-1 8.06643E-1 5.55811E-1 2.81734E-1 5.19734E-1 1.4968E-1 5.96583E-1 7.80868E-1 6.18433E-1 8.5985E-1 9.99999E-1 7.37435E-1 7.017E-1 6.92455E-1 7.2408E-1 7.67022E-1 5.05795E-1 4.0316E-1 9.0047E-1 8.97314E-1 6.71279E-1 6.92091E-1 7.83777E-1 6.36186E-1 6.34623E-1 9.30596E-1 7.63327E-1
9.24012E-1 7.34521E-1 5.04325E-1 9.1618E-1 6.15374E-1 5.17907E-1 2.23151E-2 4.11285E-1 2.66954E-1 8.14531E-1 3.78846E-1 2.13055E-1 7.66413E-1 6.015E-1 7.37671E-1 8.22649E-1 5.09531E-1 2.77563E-1 3.87197E-1 2.70251E-1 4.57516E-1 5.93986E-1 7.50987E-1 4.25561E-1 9.34678E-1 8.80598E-1 8.90907E-1 6.38499E-1 9.39705E-1 7.64485E-1 9.41473E-1 9.75722E-1 6.11124E-1 7.26043E-1 7.81693E-1 6.80354E-1 5.92649E-1 3.14541E-1 7.25209E-1 5.35955E-2 7.38958E-1 7.45562E-1 9.1298E-1 5.1417E-1 7.37841E-1 1E0 6.43892E-1 6.10574E-1 5.89126E-1 4.88181E-1 5.7214E-1 6.04475E-1 7.53952E-1 5.31258E-1 7.66799E-1 7.58488E-1 8.83345E-1 5.94124E-1
3.58066E-1 5.95868E-1 7.59169E-1 4.12754E-1 4.08076E-1 1.87782E-1 7.50228E-1 8.58996E-1 3.17814E-1 5.5155E-1 6.77341E-2 5.207E-1 8.91585E-1 6.84005E-1 5.7509E-2 9.16407E-1 8.63703E-1 2.76381E-1 4.17587E-1 6.48824E-1 8.90013E-1 7.24576E-1 4.21843E-1 5.96059E-1 6.28561E-2 8.41314E-1 3.79668E-1 6.5227E-1 4.76454E-1 5.95031E-1 7.32131E-1 7.43493E-1 4.9542E-1 9.7275E-1 7.5496E-1 6.4436E-1 7.7235E-1 7.23409E-1 4.56307E-1 2.04396E-1 3.86682E-2 6.70699E-1 5.68682E-1 7.15773E-1 9.62046E-1 6.13791E-1 7.65248E-1 4.38394E-1 6.5329E-1 6.12816E-1 5.21614E-1 4.4856E-1 6.61555E-1 7.06587E-2 6.17458E-1 7.2146E-1 9.95663E-1 8.56052E-1
4.32696E-1 6.12368E-1 1.70237E-1 2.75412E-1 7.97114E-1 4.195E-1 4.19441E-1 5.84846E-2 3.17409E-1 8.16087E-1 8.98336E-1 6.28386E-1 5.47851E-1 8.06863E-1 3.19239E-1 5.67303E-1 5.79093E-1 2.42857E-1 5.64288E-1 6.55125E-1 4.65753E-2 7.17716E-1 4.34569E-1 1.48219E-1 7.6439E-1 9.47781E-1 3.19478E-1 8.44471E-1 5.5481E-1 3.32803E-1 7.59786E-1 3.50766E-1 9.77758E-1 5.60956E-1 3.21532E-1 9.42836E-1 3.63873E-1 2.87478E-1 9.47337E-1 2.25411E-1 7.73389E-1 1.56118E-1 3.4045E-1 8.43E-1 8.62996E-1 8.64203E-1 7.90077E-1 8.91384E-1 7.45267E-1 7.56914E-1 7.34856E-1 4.74188E-1 6.41541E-1 7.55116E-1 6.29658E-1 2.30089E-1 5.35314E-1 8.94838E-1
3.97154E-1 5.13373E-1 6.79961E-1 1.2146E-1 6.49398E-1 7.76539E-1 6.60421E-1 4.22686E-1 8.18755E-1 3.00119E-2 9.87621E-3 4.2073E-1 4.0998E-1 9.34795E-1 7.98695E-1 3.51983E-1 8.86107E-1 3.17294E-1 6.3488E-2 7.5976E-1 9.75487E-1 3.1916E-1 6.30608E-2 1.81012E-1 5.85627E-1 5.42056E-1 1.52893E-1 5.47857E-1 9.68375E-1 9.79954E-1 5.02535E-1 2.14609E-1 4.43257E-1 8.02177E-1 7.9133E-1 9.76449E-1 9.19203E-1 9.48998E-1 2.38132E-1 8.42636E-1 9.35412E-1 3.9598E-1 2.94302E-1 3.59858E-1 7.48078E-1 3.65421E-1 5.74677E-2 7.18901E-1 6.36393E-1 3.22752E-1 4.13391E-1 6.77594E-2 5.97997E-1 5.56829E-1 5.9398E-1 5.33018E-1 7.07829E-1 6.33173E-1
7.75866E-1 8.85995E-1 4.18085E-2 8.86062E-1 5.65255E-1 5.63435E-1 3.47409E-1 7.22511E-1 8.75283E-1 3.40156E-1 9.00446E-1 9.24966E-1 4.35355E-1 4.80934E-1 5.32505E-1 6.84611E-1 3.58522E-1 5.33924E-1 4.46305E-1 9.29826E-1 8.8586E-1 3.88141E-1 1.33235E-1 2.17727E-2 4.06925E-1 9.29057E-1 8.59876E-1 4.23067E-1 4.49054E-1 4.02138E-1 7.58168E-1 9.44012E-1 8.14004E-1 6.78967E-1 6.54301E-1 8.08035E-1 8.76563E-1 9.15155E-1 7.72736E-1 8.36494E-1 5.22194E-1 6.90227E-1 2.04681E-1 6.79401E-1 6.17587E-1 8.89565E-1 7.60188E-1 8.05014E-1 7.49256E-1 5.68528E-1 8.62721E-1 9.16516E-1 7.17435E-1 5.70365E-1 5.80137E-1 6.11787E-1 6.99645E-1 5.6086E-1
6.90408E-1 9.18667E-1 3.81448E-1 7.23166E-1 8.10141E-1 9.47305E-2 3.87529E-1 1.48042E-1 6.22067E-1 9.20416E-1 1.72467E-1 8.92391E-1 7.5658E-1 3.29659E-1 9.41867E-1 6.89176E-1 1.27362E-1 1.47746E-1 5.68983E-1 7.11959E-1 5.99265E-1 4.46342E-1 4.65121E-1 9.26155E-1 7.2911E-1 6.39434E-1 1.15538E-1 9.34592E-1 5.06065E-1 5.13235E-1 4.12175E-1 6.91191E-1 5.40801E-1 7.89284E-1 5.60131E-1 5.13483E-1 8.25172E-1 3.9461E-1 7.36054E-1 7.72223E-1 5.92598E-1 2.51133E-1 9.75741E-1 3.30746E-1 7.12892E-1 3.60083E-1 8.79685E-1 6.25503E-1 4.62114E-2 7.80833E-1 5.21635E-2 6.56697E-1 8.27051E-1 7.85827E-2 7.41894E-1 5.21778E-1 6.8182E-1 8.09591E-1
6.21452E-1 5.49356E-1 3.94761E-1 6.89962E-2 7.31964E-2 5.43509E-1 7.02035E-1 1.36162E-1 7.28087E-1 3.9286E-1 8.75215E-1 3.88691E-1 9.2986E-1 6.42547E-1 6.59568E-1 6.14328E-2 8.91026E-1 5.08057E-1 4.14642E-1 4.00629E-1 4.59703E-1 9.01489E-1 5.66504E-1 9.67047E-1 3.31875E-1 8.46266E-1 5.04256E-2 6.02017E-1 5.38114E-2 9.47124E-2 2.6195E-1 7.55606E-1 5.59919E-1 6.31835E-1 5.92435E-2 9.64991E-1 8.94847E-1 4.62037E-1 8.27982E-1 7.88413E-1 7.89338E-1 2.94062E-1 9.34376E-1 6.42163E-1 8.25706E-1 3.32787E-1 4.92048E-1 2.50059E-1 8.44039E-1 6.01457E-1 9.82519E-1 6.37142E-1 5.61012E-1 7.7227E-1 5.81205E-1 7.21512E-1 9.49658E-1 5.90433E-1
7.20425E-1 2.43082E-1 1.88039E-1 4.08439E-1 7.70483E-2 8.34552E-1 8.56752E-1 9.77948E-1 9.44511E-1 4.75405E-1 7.46216E-1 3.57178E-1 6.16879E-2 3.38845E-1 8.30397E-1 9.30004E-2 3.22987E-1 9.56798E-1 4.30145E-1 9.58074E-1 8.21586E-1 5.44936E-1 3.61528E-1 4.29277E-1 5.07479E-1 3.03475E-1 4.70749E-1 7.67981E-1 7.13646E-1 7.51301E-1 9.12646E-1 9.48488E-1 9.11702E-1 7.62691E-1 3.50756E-1 5.52621E-1 8.27046E-1 5.32671E-1 8.01588E-1 8.98602E-1 8.46773E-1 6.73408E-1 7.8037E-1 9.86386E-1 6.81344E-1 6.80099E-1 4.08623E-1 5.44264E-1 2.30301E-1 7.33996E-2 6.26284E-1 3.67981E-1 7.67912E-1 2.08122E-1 7.18326E-1 6.90993E-1 7.08578E-1 6.34726E-1
1.55501E-1 6.53387E-1 7.08603E-2 8.82117E-1 7.29182E-1 9.55946E-1 2.56396E-2 3.88629E-1 6.99604E-1 3.25255E-1 2.61366E-1 7.7284E-1 9.1967E-1 6.26337E-1 4.60669E-1 4.57863E-2 9.55094E-1 8.77173E-1 1.43309E-1 7.57448E-1 8.44512E-1 3.04837E-1 8.4736E-1 3.36123E-1 3.86883E-1 7.0686E-1 3.87193E-1 9.88048E-1 4.39157E-1 5.42059E-1 2.8894E-1 5.36928E-1 6.4576E-1 3.27858E-1 4.56793E-1 3.60475E-1 6.93224E-1 9.19631E-1 3.54396E-1 8.25119E-1 7.58195E-1 8.65563E-1 8.81987E-1 4.58529E-1 7.10897E-1 7.47313E-1 5.5252E-1 5.1608E-1 6.67049E-2 5.28801E-1 8.77775E-1 6.48783E-1 8.59092E-1 8.52936E-1 7.45536E-1 8.03135E-1 6.81391E-1 5.83571E-2
4.79298E-2 8.08672E-1 7.39052E-2 8.08841E-1 2.00972E-1 3.21074E-1 6.8709E-1 2.31336E-2 2.95891E-1 8.28956E-1 6.74372E-1 3.41089E-1 2.88654E-1 2.88945E-2 8.47124E-1 1.35443E-1 6.31338E-1 4.04916E-1 6.64098E-1 8.99057E-1 7.79506E-1 7.83015E-1 9.31565E-1 3.76308E-1 5.88483E-1 5.21908E-1 1.83847E-1 8.2713E-1 9.2712E-1 2.29897E-1 3.94618E-1 3.57381E-1 7.73586E-1 1.83785E-1 8.74295E-1 6.32696E-1 8.38211E-1 5.68794E-1 7.33996E-1 6.52643E-1 7.24145E-1 3.68251E-1 6.70725E-1 7.1492E-1 3.6074E-1 7.82493E-1 3.63244E-1 9.38177E-1 8.25509E-1 7.36653E-1 8.25744E-1 9.14374E-1 8.89658E-1 7.59071E-1 9.75756E-1 8.30362E-1 9.19775E-1 7.71507E-1
7.48312E-3 7.17434E-1 6.76733E-2 7.79453E-1 2.3719E-1 3.31106E-1 3.30048E-1 3.22917E-1 1.86651E-1 3.67359E-2 7.9997E-2 4.97037E-1 1.84125E-1 8.65211E-1 8.82054E-1 9.42764E-1 8.21292E-1 6.15811E-1 3.04811E-1 4.11035E-1 4.70887E-1 1.14246E-1 4.47272E-1 4.56777E-2 9.21718E-1 7.64194E-1 7.76638E-1 9.59993E-1 5.22184E-1 5.78003E-1 6.37852E-1 2.22659E-1 3.79257E-1 8.95676E-1 7.7476E-1 6.38946E-1 8.06557E-1 8.23391E-1 3.97806E-1 7.65751E-1 3.54951E-1 5.73631E-1 7.44097E-1 5.50317E-1 6.80405E-1 9.4634E-1 4.54245E-1 6.64776E-1 8.22213E-1 7.45448E-1 9.63544E-1 6.34396E-1 8.30541E-1 9.34272E-1 5.30944E-1 8.03585E-2 6.2347E-1 1.03682E-1
