outputs/pantheraTigris_avg.asc
ncols         290
nrows         290
xllcorner     68.0
yllcorner     8.0
cellsize      0.1
NODATA_value  -9999
[rows 156 to 181 of 290, columns 58 to 115 of 290]
3.41869E-2 9.33115E-1 9.45278E-1 6.86238E-1 1.30515E-1 8.15358E-1 5.65134E-1 7.46217E-1 8.21912E-2 1.18968E-1 9.59758E-1 6.88974E-1 3.45982E-1 2.4783E-1 8.11236E-1 8.16009E-1 9.0582E-1 7.86042E-1 2.28439E-1 7.7048E-2 3.89723E-1 4.4743E-1 4.82106E-1 9.20014E-1 6.24568E-1 3.49172E-1 6.85781E-1 7.9745E-1 5.84225E-1 6.8684E-1 8.58649E-1 6.16206E-1 8.52054E-1 7.0383E-1 5.15203E-1 5.3639E-1 6.71212E-1 7.80317E-1 1.22691E-1 4.2507E-1 5.41971E-1 1.89361E-1 7.94008E-1 5.21858E-1 6.81091E-1 4.7779E-1 4.60594E-1 8.66341E-1 7.07645E-1 6.62893E-1 7.70149E-1 4.48111E-1 5.5638E-2 1.89963E-1 9.08438E-1 1.94429E-1 7.30529E-1 5.24725E-2
7.55911E-1 5.78625E-1 5.67105E-2 5.50056E-1 5.93261E-1 4.26707E-1 7.28125E-1 8.26844E-1 8.06243E-2 9.49514E-1 6.85375E-1 8.11473E-1 9.82628E-1 7.69349E-1 5.29588E-1 2.93039E-1 3.0575E-1 2.88511E-1 8.29735E-1 3.3123E-1 8.91839E-1 8.62177E-1 8.89038E-1 7.83555E-1 9.20891E-1 6.46831E-1 9.45522E-1 9.6874E-1 7.86573E-1 9.06314E-1 4.45248E-1 5.09899E-1 7.9832E-1 5.29758E-1 5.21504E-1 6.65112E-1 6.04168E-1 7.88596E-1 7.31283E-1 6.58728E-1 8.89398E-1 8.44591E-1 8.96366E-1 8.44534E-1 5.19961E-1 5.7332E-1 6.70556E-2 8.04491E-1 6.34789E-1 7.9537E-1 8.78863E-1 4.37804E-1 6.10294E-1 8.4613E-1 9.58215E-1 5.72764E-1 8.09051E-2 7.44063E-2
4.88453E-2 3.54066E-1 9.61972E-1 8.19023E-1 7.04204E-1 3.30803E-1 8.59979E-1 6.69244E-1 3.1562E-1 2.62233E-1 5.39852E-2 5.48551E-1 2.11757E-1 3.36225E-1 6.56808E-1 6.45788E-1 4.8358E-1 9.75664E-1 8.45783E-1 3.74105E-1 1.9621E-1 9.65982E-1 9.14786E-1 5.91774E-1 8.43727E-1 2.18935E-1 4.20932E-1 8.41112E-1 5.21518E-1 5.11303E-1 8.75712E-1 8.37167E-1 8.2365E-1 3.97461E-1 9.12695E-1 5.27927E-1 7.38073E-1 6.39486E-1 8.66103E-1 3.97366E-1 7.80782E-1 8.62387E-1 4.99207E-1 5.10128E-1 5.13145E-1 6.62207E-1 7.97602E-1 7.36052E-1 4.59212E-1 6.59218E-1 9.13816E-1 7.83316E-1 7.1914E-1 6.23807E-1 6.72778E-1 5.58604E-1 8.91791E-1 6.00886E-1
7.96999E-1 7.85957E-1 5.60031E-1 9.51614E-1 5.76108E-1 1.81017E-1 6.2973E-1 8.92851E-1 2.34238E-1 7.14078E-1 3.01056E-1 7.9704E-1 6.3266E-1 4.30055E-1 8.56203E-1 1.32507E-1 9.72215E-1 8.03692E-1 7.83292E-1 9.26038E-1 9.19998E-1 7.40789E-1 8.68603E-1 7.65974E-1 3.48084E-1 6.32153E-1 8.93528E-1 7.59291E-1 9.18766E-1 7.66545E-1 7.90844E-1 6.54489E-1 6.87291E-1 5.62353E-1 7.55061E-1 9.09707E-1 6.73565E-1 5.96997E-1 4.31948E-1 8.8972E-1 9.72575E-1 9.48946E-1 5.0527E-1 9.05319E-1 7.80955E-1 9.57626E-1 8.55714E-1 7.55508E-1 8.6012E-1 9.16709E-1 8.39756E-1 4.50386E-1 7.53111E-1 4.90151E-2 2.09665E-1 7.25969E-1 7.02535E-1 9.50398E-1
2.4099E-1 4.98076E-1 8.56946E-1 4.82594E-1 9.2894E-1 8.35379E-1 5.48783E-1 7.22357E-1 4.53695E-1 4.89125E-1 5.89333E-1 1.52841E-1 3.10007E-1 8.12868E-2 8.60879E-1 4.32997E-1 9.35978E-1 9.15494E-1 5.38805E-1 8.8983E-1 7.05844E-1 8.8543E-1 7.01175E-1 9.81051E-1 5.72406E-1 6.61585E-1 5.52214E-1 6.67134E-1 7.52973E-1 4.94742E-1 7.80235E-1 5.2173E-1 7.13028E-1 7.3707E-1 5.87489E-1 4.90953E-1 7.88694E-1 6.96152E-1 5.3418E-1 9.03055E-1 6.2924E-1 8.88836E-1 4.48219E-1 7.69121E-1 7.19387E-1 7.20967E-1 7.13582E-1 7.99752E-1 5.96006E-1 6.43862E-1 6.32305E-1 9.4288E-1 9.1252E-1 4.14601E-1 6.22319E-1 5.85326E-1 5.39107E-1 7.56142E-1
6.74843E-1 2.99906E-1 5.37339E-1 1.0585E-1 7.00644E-1 7.18096E-1 8.45185E-2 9.03526E-1 6.55319E-1 5.13299E-1 4.59155E-1 2.31287E-1 8.14371E-1 3.99935E-1 8.43646E-1 9.13381E-1 7.56071E-1 7.55892E-1 7.08156E-1 5.02441E-1 4.90988E-1 8.94396E-1 6.40996E-2 7.58824E-1 8.66446E-1 8.86412E-1 7.84514E-1 8.53151E-1 5.90857E-1 8.0057E-1 5.66718E-1 6.81331E-1 5.90758E-1 8.72194E-1 6.10101E-1 9.63674E-1 7.51867E-1 6.37719E-1 4.83671E-1 6.38842E-1 6.6289E-1 9.51887E-1 6.32198E-1 7.89947E-1 5.23501E-1 3.98526E-1 5.35028E-1 7.82422E-1 3.67502E-1 5.95717E-1 8.672E-1 8.53298E-1 7.207E-1 7.26655E-1 7.61843E-1 7.8968E-1 7.43149E-1 1.88281E-1
2.90727E-1 5.50352E-1 9.36771E-1 7.04832E-1 9.13875E-1 1.87256E-1 3.62326E-1 6.24769E-1 6.89863E-1 6.4984E-2 4.17002E-1 5.92391E-1 8.39462E-1 8.86081E-1 6.56065E-1 6.50175E-1 9.01167E-2 7.71568E-1 8.07832E-1 4.96211E-1 9.83139E-1 7.91568E-1 7.85623E-1 7.69606E-1 4.46115E-1 9.38196E-1 6.54001E-1 9.53837E-1 9.70026E-1 8.85633E-1 4.71973E-1 6.87488E-1 4.92777E-1 5.40006E-1 7.03747E-1 7.55872E-1 6.18237E-1 7.34552E-1 6.7733E-1 8.70623E-1 8.56896E-1 5.4033E-1 2.5037E-1 4.96834E-2 4.66097E-1 1.92746E-1 5.44728E-1 6.5165E-1 5.91024E-1 7.22886E-1 5.15399E-1 6.88371E-1 6.56412E-1 4.33172E-1 7.10378E-1 5.87662E-1 7.65954E-1 6.93109E-1
4.21331E-1 8.96828E-1 7.48174E-1 5.94472E-2 6.37139E-2 3.91186E-1 8.43474E-1 6.93391E-1 7.12811E-1 6.36218E-2 6.24248E-1 7.5133E-1 9.18408E-2 7.43591E-1 6.00525E-1 4.5695E-1 4.98362E-1 8.13868E-1 9.06641E-1 8.60148E-1 7.7826E-1 6.71082E-1 8.77036E-1 5.73744E-1 7.77326E-1 7.54784E-1 7.30212E-1 6.66573E-1 6.5428E-1 7.42297E-1 6.45766E-1 3.49343E-1 5.98119E-1 8.10014E-1 7.49548E-1 7.39085E-1 8.40637E-1 6.86955E-1 6.17857E-1 5.45672E-2 4.42778E-1 5.45835E-1 4.66634E-1 5.53939E-1 6.80971E-1 3.41183E-1 5.37081E-1 9.05644E-1 8.91387E-1 4.65176E-1 6.92605E-1 6.86347E-1 5.11684E-1 7.16418E-2 8.75228E-1 6.23836E-1 7.47503E-1 7.05493E-1
4.47476E-1 5.89191E-1 9.12444E-1 9.57948E-2 7.17578E-2 8.14977E-2 3.91435E-1 2.82846E-1 3.63905E-1 7.43692E-1 5.42545E-1 8.79368E-1 3.42908E-1 6.63952E-1 4.50227E-1 7.83571E-1 9.59424E-1 8.92816E-1 8.03642E-1 7.22663E-1 7.81545E-1 9.13407E-1 5.23473E-1 9.39174E-1 4.45638E-1 4.95031E-1 9.12681E-1 9.56018E-1 2.58763E-1 6.46814E-1 6.72751E-1 5.88229E-1 4.34354E-1 7.17961E-1 6.3952E-2 7.66861E-1 8.03812E-1 7.23638E-1 6.65479E-1 9.42368E-1 7.37624E-1 5.57064E-1 4.94341E-1 4.06792E-1 3.94321E-1 9.19414E-1 8.76637E-1 7.92007E-1 8.47601E-1 5.24508E-1 4.96652E-1 7.62359E-1 7.21762E-1 6.89031E-1 8.82264E-1 6.48624E-1 6.39008E-1 2.39251E-1
7.48452E-1 7.31061E-1 5.26861E-1 5.67043E-1 8.96505E-1 4.55913E-1 7.78955E-1 5.86778E-1 7.2131E-1 6.35985E-1 7.67917E-1 8.48176E-1 8.56452E-1 4.10878E-1 7.94292E-1 7.70281E-1 6.70615E-2 5.84832E-1 3.72887E-1 7.75168E-1 7.3608E-1 4.32009E-1 5.93927E-1 6.3706E-1 6.76979E-1 7.46043E-1 9.56074E-1 6.56342E-1 4.74936E-1 5.82144E-1 6.35947E-1 9.78622E-1 1.19176E-1 3.80767E-1 7.95323E-1 5.60794E-1 4.72772E-1 7.54841E-1 5.54107E-1 7.35477E-1 1.62699E-1 7.30244E-1 8.54729E-1 4.4966E-1 8.96251E-1 8.00964E-1 6.86225E-1 8.60823E-1 1.97554E-1 9.14597E-1 6.60152E-1 6.14219E-1 7.41926E-1 3.81645E-1 5.67006E-1 8.38468E-1 6.22663E-1 4.16983E-1
5.62791E-1 3.89542E-1 8.92589E-1 4.30941E-1 3.07275E-1 6.00381E-1 4.85149E-1 6.52708E-1 4.04316E-1 7.08758E-1 6.22279E-1 4.38327E-1 7.16983E-1 8.22388E-1 8.84718E-1 5.61432E-1 5.07378E-1 6.06772E-1 6.30857E-2 1.59112E-1 8.16124E-1 8.32761E-1 6.59708E-1 5.7365E-1 8.35244E-1 5.26549E-1 8.11863E-1 6.47815E-1 5.94085E-1 8.60095E-1 5.78165E-1 5.58071E-1 8.00715E-1 6.31444E-1 9.32487E-1 8.47318E-1 7.76156E-2 6.42194E-1 5.59322E-1 7.41626E-1 5.03492E-1 8.3177E-2 8.11928E-1 5.38911E-1 5.07565E-1 8.64593E-1 5.7569E-1 6.17133E-1 5.77102E-1 4.24432E-1 5.13259E-1 6.33695E-1 5.07451E-1 3.74128E-1 6.18196E-1 5.56175E-1 3.93969E-1 9.21555E-1
3.98067E-1 8.14745E-1 5.31578E-1 7.31772E-1 8.57219E-1 8.57317E-1 6.67383E-1 6.72319E-1 7.58786E-1 5.6214E-1 6.21699E-1 7.29054E-1 7.23135E-1 9.5951E-1 9.11736E-1 8.8186E-2 5.51956E-1 6.27654E-2 8.47685E-1 8.67329E-1 9.71912E-1 6.02344E-1 8.16314E-1 9.98407E-1 7.24633E-1 6.82667E-1 9.23781E-1 6.43889E-1 7.06157E-1 7.83616E-1 8.25354E-1 9.06146E-1 9.22293E-1 4.98206E-1 4.75019E-1 5.31619E-1 8.83004E-1 8.12017E-1 1.81097E-1 8.23692E-1 7.39336E-1 7.54158E-1 7.89111E-1 6.85814E-1 5.13292E-1 7.98902E-1 1.11744E-1 7.01025E-1 5.61445E-2 2.38931E-1 2.2943E-1 1.42514E-1 4.66271E-1 5.49411E-1 7.06969E-1 5.76381E-1 7.65158E-1 7.26241E-1
5.67412E-1 6.93979E-1 4.36205E-1 5.3949E-1 7.09838E-1 4.12002E-1 7.24506E-1 7.07766E-1 6.62482E-1 8.60247E-1 8.2202E-1 6.60916E-1 6.42549E-1 5.26139E-1 5.22408E-1 6.29488E-1 6.53515E-1 6.32463E-1 6.01444E-1 7.23851E-1 8.47717E-1 5.60339E-1 9.71786E-1 8.81886E-1 6.11209E-1 9.09474E-1 4.24446E-1 6.71329E-1 6.63923E-1 6.50174E-1 9.35758E-1 9.46722E-1 9.20718E-1 8.42431E-1 5.8258E-1 7.46226E-1 6.95339E-1 8.6132E-1 7.72577E-1 4.19407E-1 4.98656E-1 4.93757E-1 8.7979E-1 4.63339E-1 4.28891E-1 5.82114E-1 5.08626E-1 2.52869E-1 1.74926E-1 2.76086E-1 3.45816E-1 5.73392E-2 7.56412E-1 5.90008E-1 3.83821E-1 8.11496E-1 6.06546E-1 6.28121E-1
1.12032E-1 6.75554E-1 4.09184E-1 4.4653E-1 7.04799E-1 7.69564E-1 5.97007E-2 3.96132E-1 9.02165E-1 6.55309E-1 8.07245E-1 5.51723E-1 5.72507E-1 7.62113E-1 6.36971E-1 6.41648E-1 5.58599E-1 7.51628E-1 7.02351E-1 8.37299E-1 5.43277E-1 8.1541E-1 8.97111E-1 8.46402E-1 5.2489E-1 5.19587E-1 6.9469E-1 8.08914E-1 7.84928E-1 7.97648E-1 7.06317E-1 7.67946E-1 8.79226E-2 7.17676E-1 6.54606E-1 5.14152E-1 6.20067E-1 6.06499E-1 5.06257E-1 6.47549E-1 7.11193E-1 6.12546E-2 8.40069E-1 3.15912E-1 6.28741E-1 5.50189E-1 5.918E-1 7.15911E-1 9.0934E-1 6.40519E-1 6.07048E-1 5.30188E-1 5.5047E-1 4.91624E-1 8.006E-1 6.64352E-1 7.82909E-1 5.8925E-1
5.49675E-1 5.05245E-1 7.08731E-1 4.97272E-1 6.73507E-2 7.52329E-1 5.94119E-1 4.41255E-1 6.18328E-1 7.74272E-1 4.85573E-1 4.66683E-1 8.91205E-1 7.56322E-1 2.58322E-1 8.77671E-1 5.08217E-1 4.77036E-1 7.08065E-1 7.86559E-1 6.13148E-1 4.46597E-1 8.64532E-1 1.94091E-1 5.06024E-1 7.68348E-1 5.82084E-2 6.08167E-1 9.95881E-1 7.599E-1 8.92336E-1 8.46284E-1 6.90213E-1 8.91709E-1 5.19676E-1 7.12287E-1 6.71302E-1 7.86905E-1 7.42142E-1 4.53461E-1 2.95314E-1 7.9047E-1 8.87884E-1 9.42684E-1 6.00091E-1 7.87785E-1 7.13831E-1 3.66847E-1 3.61685E-1 4.60118E-1 5.40468E-1 8.97953E-1 5.49998E-1 5.36374E-1 9.63936E-1 5.83254E-1 5.35864E-1 4.65366E-1
7.62196E-1 6.18249E-1 6.10874E-1 7.94925E-1 7.60332E-1 9.10802E-1 8.46508E-1 7.70892E-1 5.19024E-1 6.34543E-1 6.5985E-1 6.75517E-1 9.43529E-1 7.63596E-2 2.7997E-1 7.44162E-1 8.78092E-1 8.04074E-1 7.90814E-1 6.90654E-1 7.19175E-1 9.42292E-1 8.47648E-1 5.70738E-1 9.1203E-1 7.45182E-1 8.80742E-1 8.02441E-1 6.12283E-1 9.39434E-1 8.06238E-2 6.22114E-2 5.33142E-1 7.19427E-1 8.4942E-1 5.80941E-1 4.89546E-1 4.58653E-1 4.37303E-1 5.25465E-1 6.20504E-1 9.21345E-1 5.69837E-1 8.88774E-1 8.34601E-1 7.40267E-1 5.50534E-2 5.49676E-1 6.83049E-1 3.2654E-1 2.68803E-1 5.17608E-1 6.03995E-1 7.20251E-1 4.30643E-1 9.81997E-1 9.17303E-1 7.90438E-1
2.2149E-1 9.38816E-1 4.19766E-1 8.21025E-1 5.18475E-1 7.95565E-1 6.2412E-1 6.96623E-1 9.04337E-2 8.78213E-1 8.69786E-1 4.56639E-1 5.36815E-1 8.20753E-1 6.39158E-1 7.90213E-1 4.65561E-1 1.85283E-1 4.47485E-1 4.8629E-1 7.87671E-1 5.25046E-1 5.30076E-1 4.94993E-1 4.93383E-1 6.95053E-1 6.72943E-2 6.16613E-1 8.50026E-1 4.61913E-1 5.68419E-1 7.98395E-1 8.32831E-1 7.72455E-1 6.6846E-1 6.51699E-1 8.57187E-1 6.99828E-1 7.78696E-2 6.36353E-1 8.22103E-1 8.71152E-1 6.09497E-1 5.74639E-1 7.87819E-1 6.73292E-1 6.03162E-1 6.32845E-1 6.03307E-1 6.27072E-1 1.76707E-1 5.8874E-1 8.64872E-1 7.26393E-1 5.42852E-2 6.43109E-1 6.68262E-1 4.57449E-1
4.84648E-1 9.4749E-1 4.74847E-1 4.7926E-1 5.46767E-1 9.74733E-2 1.32879E-1 1.74003E-1 8.90619E-1 8.76525E-2 4.95869E-1 4.12962E-1 5.61053E-1 6.51172E-1 7.61919E-1 9.22335E-1 6.5685E-1 7.55929E-1 7.49969E-1 4.18592E-1 4.78071E-1 3.6188E-1 6.56264E-1 7.09595E-1 6.56532E-1 5.01695E-1 3.01006E-1 4.18535E-1 8.67456E-1 6.88383E-1 7.78293E-1 5.65925E-1 9.50336E-1 7.28607E-1 6.21551E-1 5.93586E-1 6.64868E-1 7.29302E-1 2.51686E-1 2.38044E-1 7.28832E-1 7.09581E-1 9.48999E-1 7.37965E-1 8.93146E-1 1.16501E-1 5.64629E-1 8.78002E-1 6.27606E-2 5.23818E-1 5.37933E-1 5.28987E-1 8.65023E-1 5.88043E-1 8.8182E-1 2.44697E-1 1.11158E-1 2.619E-1
3.98819E-1 4.7012E-1 6.20711E-1 5.80351E-1 2.48661E-1 9.23605E-1 8.76147E-1 2.54828E-1 7.50917E-2 9.84788E-1 9.34805E-1 7.09209E-1 6.07269E-1 8.35267E-1 7.333E-1 6.0855E-1 6.68362E-1 5.71972E-1 7.46024E-1 5.22702E-1 4.78564E-1 8.76681E-1 4.70021E-1 6.06035E-1 5.47476E-1 5.13299E-1 8.82284E-1 3.11533E-1 9.2056E-1 8.08741E-1 1.59794E-1 6.65181E-1 8.30881E-1 8.16653E-1 6.9578E-1 9.15926E-1 9.15229E-1 4.99799E-1 3.73364E-1 6.2297E-1 5.29563E-1 6.47641E-1 5.32678E-1 5.88515E-1 4.25947E-1 6.73197E-1 7.57677E-1 5.22768E-1 4.13024E-1 2.27896E-1 3.9907E-1 8.40615E-1 4.61634E-1 6.6828E-1 4.71237E-1 8.55343E-1 6.71432E-1 6.06918E-1
1.01762E-1 1.38743E-1 6.2879E-1 8.15145E-1 6.36739E-1 8.19701E-1 4.07599E-1 6.0124E-1 8.0858E-1 8.4842E-1 5.13836E-1 5.10168E-1 3.22031E-1 7.64731E-1 7.90442E-1 7.59593E-1 8.52496E-1 6.31722E-1 4.11583E-1 9.42218E-1 7.8213E-1 7.64386E-1 7.66825E-1 7.32189E-1 4.90528E-1 2.62615E-1 8.53347E-1 3.10893E-1 1.95478E-1 4.51917E-1 5.74421E-2 4.60045E-1 9.45888E-1 8.53206E-1 6.31698E-1 7.9099E-1 8.84249E-1 6.02981E-1 1.64415E-1 5.74228E-1 6.99476E-1 3.66681E-1 4.91677E-1 5.68947E-1 5.61232E-1 5.02218E-1 7.53818E-1 7.07324E-1 2.16914E-1 3.74107E-2 3.37121E-1 5.63103E-1 2.82911E-2 4.84878E-1 9.59272E-1 5.84434E-1 7.4509E-1 5.67626E-1
5.72946E-1 6.34035E-1 4.6579E-1 6.09524E-1 1.48825E-1 6.34227E-1 6.84699E-1 2.41188E-2 3.61775E-1 6.80218E-1 8.87983E-1 2.59482E-1 7.02798E-1 8.4625E-1 4.60405E-1 9.31584E-1 5.44389E-1 6.45256E-1 8.73184E-1 8.39668E-1 9.33495E-1 5.38514E-1 5.63243E-1 6.4234E-1 9.01073E-1 4.86788E-1 2.34477E-1 1.35964E-1 1.29856E-1 8.25014E-1 6.71477E-1 8.96992E-1 7.33117E-1 6.26536E-1 6.08807E-1 2.61976E-1 5.5474E-1 6.30963E-1 6.56781E-1 6.96642E-2 7.97986E-1 8.43504E-1 7.03487E-1 5.75788E-1 4.83784E-1 3.76544E-1 6.32541E-1 8.37259E-1 7.0149E-1 2.20074E-1 2.96533E-1 7.94567E-1 7.84033E-1 4.38836E-1 4.63775E-2 5.38421E-1 8.02848E-1 4.36924E-1
7.40029E-1 8.02487E-1 6.11795E-1 1.40765E-1 5.04452E-1 1.70688E-1 2.43125E-1 3.61813E-1 5.79155E-1 3.04301E-1 2.69563E-1 8.94187E-1 8.47909E-1 5.894E-1 4.09592E-1 8.3065E-1 6.08285E-1 4.87769E-1 5.35737E-1 4.39761E-1 3.17067E-1 6.76958E-2 7.42058E-1 6.25322E-1 6.70203E-1 4.82439E-1 3.25097E-2 8.45092E-1 6.31065E-1 6.30819E-1 5.80724E-1 8.62973E-1 6.35204E-1 8.2737E-1 7.65423E-1 1.08005E-1 8.4338E-1 6.3869E-1 1.95369E-1 9.00108E-1 5.99736E-1 1.19836E-1 7.32096E-1 6.2293E-1 5.04527E-1 8.08524E-1 2.1246E-1 3.90898E-1 4.10677E-1 1.84788E-1 3.39582E-1 5.97232E-1 6.35958E-1 2.63919E-1 7.61675E-1 8.21689E-1 7.83118E-1 5.06498E-1
5.50492E-1 7.27019E-1 2.88658E-1 4.69103E-1 8.83678E-2 7.37363E-1 3.51849E-1 8.9402E-1 7.71286E-1 6.78241E-1 1.59631E-1 8.28827E-1 9.9138E-1 7.00625E-1 5.32673E-1 4.19808E-1 8.67408E-1 7.9671E-1 4.78386E-1 9.01168E-1 2.7198E-1 9.20172E-1 5.87301E-1 5.99499E-1 6.09769E-1 7.72654E-2 6.56844E-2 3.87773E-1 4.52578E-1 6.16853E-2 5.90544E-1 7.96697E-1 5.244E-1 7.42939E-1 7.42073E-1 1.48453E-1 7.60045E-1 7.28823E-1 1.05737E-1 6.78152E-1 7.7385E-1 8.62148E-1 6.4194E-1 3.08752E-1 3.64254E-1 9.05176E-1 6.77262E-1 1.73333E-1 4.84593E-1 7.41356E-1 2.53598E-1 9.60337E-1 4.26472E-1 2.74162E-1 1.32139E-1 1.28766E-1 6.06757E-1 8.15486E-1
1.04796E-2 1.80933E-1 4.93863E-1 5.69966E-1 3.08239E-1 6.36048E-1 1.15283E-1 6.2792E-1 4.68003E-1 9.70095E-1 3.27656E-1 5.94774E-1 3.77139E-1 7.53118E-1 5.66773E-1 2.10735E-1 5.98611E-1 7.55883E-1 1.64373E-2 3.12788E-1 3.70141E-1 7.62466E-1 7.57184E-1 7.73297E-1 7.92145E-1 7.62038E-1 6.24147E-1 7.27477E-1 5.86348E-1 8.58217E-1 6.91559E-1 4.70418E-1 6.92034E-1 7.80057E-1 8.4571E-1 8.37434E-1 5.26636E-1 8.73398E-1 6.5787E-1 8.62305E-1 5.9974E-1 6.10956E-1 8.16803E-1 3.60438E-1 4.56443E-1 6.77682E-1 4.16265E-1 3.74803E-1 2.73217E-1 5.38382E-1 2.69249E-1 5.69233E-2 3.83566E-1 4.90845E-2 2.41811E-1 5.00837E-1 5.48683E-1 9.1425E-1
2.97901E-1 4.14694E-1 7.06197E-1 6.91153E-1 2.62502E-2 5.40138E-1 9.996E-2 3.21053E-1 3.74921E-1 7.68974E-1 8.79429E-1 6.16229E-1 4.87519E-1 7.89007E-1 9.90122E-1 6.78483E-1 7.85903E-1 1.21838E-1 8.33328E-1 8.59078E-1 4.99235E-1 7.10274E-1 3.84883E-1 3.2362E-1 8.55965E-1 7.06168E-1 6.52926E-2 5.76745E-1 5.90147E-1 4.09963E-1 8.19553E-1 4.65372E-1 4.43494E-1 9.0536E-1 5.21465E-1 7.9516E-1 8.49399E-1 7.74691E-1 5.4357E-1 3.62548E-1 6.12081E-1 5.99263E-1 6.30318E-1 5.97808E-1 7.08777E-1 6.2691E-1 5.20268E-1 8.01193E-1 3.82948E-1 6.31154E-1 5.56248E-1 6.89819E-1 8.0154E-1 2.91952E-1 1.76121E-1 4.43814E-1 2.1899E-2 2.32177E-2
5.50993E-1 3.97573E-1 7.08422E-2 1.45484E-1 7.95771E-1 2.74871E-1 1.75E-1 1.96789E-1 2.38312E-1 3.4929E-1 8.48038E-1 5.15734E-1 9.01589E-1 8.05822E-1 5.15006E-1 6.69822E-1 9.91404E-1 7.59836E-1 7.26416E-1 9.18645E-1 8.00918E-1 6.07777E-1 8.33184E-2 8.92844E-1 4.1271E-1 8.19113E-1 4.56383E-1 6.77127E-1 1.23058E-1 4.26251E-1 6.3749E-1 4.55268E-1 9.28926E-1 5.97229E-1 5.73554E-1 5.48282E-1 8.96266E-1 9.01316E-1 5.35153E-1 5.6401E-1 7.94111E-1 5.35455E-1 6.39676E-1 6.28211E-2 7.65303E-1 9.19183E-1 7.96681E-1 4.91073E-1 5.23117E-1 3.91002E-1 4.71449E-1 7.10087E-1 8.16869E-1 3.13635E-1 3.82964E-1 2.76557E-1 3.2496E-1 3.91823E-1
