outputs/pantheraTigris_min.asc
ncols         290
nrows         290
xllcorner     68.0
yllcorner     8.0
cellsize      0.1
NODATA_value  -9999
[rows 234 to 259 of 290, columns 174 to 231 of 290]
5.96737E-4 3.90053E-3 1.87478E-4 1.09287E-3 1.84663E-3 1.59836E-2 1.26816E-2 6.87435E-2 1.02868E-3 2.65188E-2 1.58404E-2 8.43344E-4 2.76459E-2 2.54398E-2 2.01415E-3 9.59455E-3 9.79164E-3 7.52306E-2 1.03159E-3 5.25091E-3 1.56194E-2 1.83089E-3 3.91746E-2 4.58811E-2 2.80871E-2 9.15125E-3 1.89405E-3 9.83494E-4 5.28171E-3 7.67291E-2 9.0839E-4 8.67937E-3 1.0581E-3 3.51531E-2 3.60723E-2 6.21443E-2 8.4328E-3 4.1465E-3 3.12842E-2 2.10537E-2 8.27245E-2 3.89295E-3 6.76105E-2 6.26145E-3 8.58549E-3 1.78583E-2 1.35907E-2 7.02326E-2 4.68304E-3 6.40651E-2 1.19889E-1 4.69318E-2 8.37578E-3 1.02362E-2 1.00912E-1 9.61307E-2 1.8134E-2 2.38917E-2
6.59254E-3 1.01152E-3 3.71924E-3 5.21463E-3 1.33709E-2 8.87742E-3 4.58078E-2 1.51379E-2 1.84578E-2 1.43657E-4 3.57428E-3 1.87912E-3 3.22598E-3 3.73183E-2 5.76321E-4 3.96727E-3 3.47213E-2 3.47039E-2 8.18022E-3 7.16379E-2 1.85321E-3 2.47502E-2 2.79034E-2 1.57954E-3 1.11326E-2 1.02013E-3 6.67353E-2 7.09742E-4 2.20292E-3 3.618E-2 8.585E-4 8.39032E-3 4.76916E-3 6.08872E-2 2.40206E-3 2.74627E-2 3.61036E-2 5.28094E-3 2.31616E-2 5.48419E-3 1.05056E-2 8.77092E-2 1.20348E-2 3.25012E-2 8.18277E-3 5.63965E-3 5.24831E-2 3.33647E-2 6.54448E-2 4.72558E-2 6.78E-2 9.44021E-2 1.56241E-2 1.7534E-2 2.63872E-2 4.00898E-2 1.19963E-1 1.49598E-2
1.44568E-2 8.96136E-3 5.59876E-2 3.36203E-3 6.22741E-2 2.684E-2 3.76755E-2 2.70333E-2 3.41042E-3 1.91294E-3 3.30151E-3 9.38873E-3 1.06273E-2 2.12224E-3 2.93114E-2 1.9757E-2 1.55416E-2 2.58769E-2 1.17554E-2 6.69323E-4 5.05307E-3 1.81294E-2 4.12469E-3 1.62726E-3 2.33928E-3 5.44189E-2 1.42408E-2 1.95203E-2 5.93878E-2 7.62799E-2 4.14286E-2 6.68262E-2 8.75928E-4 4.96499E-3 5.9908E-2 1.89768E-2 5.94821E-2 2.33001E-2 2.51746E-2 4.79957E-3 5.8614E-2 3.36419E-2 4.93678E-3 5.97793E-3 3.17284E-2 5.50347E-3 1.66864E-2 2.64694E-2 3.00653E-3 5.83236E-2 5.20832E-3 4.48353E-2 2.63034E-2 1.16197E-1 1.90365E-3 5.37598E-2 9.39144E-2 4.62731E-3
1.58022E-2 1.64169E-4 4.39217E-4 5.44488E-2 4.72431E-2 5.05373E-3 1.93811E-2 2.31204E-2 4.811E-4 9.40219E-4 7.13499E-3 2.23427E-3 9.44006E-3 7.33659E-2 9.03312E-4 1.17965E-3 4.33853E-2 2.62802E-2 4.89775E-2 2.09005E-3 7.06178E-4 1.92875E-4 1.75258E-2 3.64117E-4 1.44589E-2 6.01155E-3 1.30086E-2 3.09634E-3 3.0839E-4 1.02751E-2 8.21565E-3 2.46955E-2 1.43541E-2 8.29765E-3 2.74912E-2 2.87E-3 2.32711E-2 8.52731E-2 1.01191E-3 3.91748E-2 2.25005E-2 2.8962E-2 3.45395E-3 6.59219E-6 2.0391E-4 6.21269E-2 1.90085E-2 3.09616E-2 9.79567E-3 1.77133E-3 4.79935E-3 2.96962E-2 5.32312E-2 2.18564E-2 2.52815E-2 6.76876E-2 5.17756E-3 3.98526E-2
7.85286E-4 8.40511E-3 6.16807E-5 1.52042E-4 5.75572E-4 5.38184E-4 1.88445E-2 1.89728E-3 5.76961E-5 1.07677E-3 4.49573E-3 9.06444E-4 6.06721E-3 1.58076E-3 6.17102E-2 3.03324E-3 3.00907E-2 1.87225E-2 7.91155E-3 4.12384E-2 8.67581E-4 1.64129E-3 6.11333E-3 4.5119E-3 1.48425E-2 2.01775E-2 3.28086E-3 5.3581E-3 6.37767E-5 4.97179E-2 1.14467E-3 7.45257E-2 6.32372E-2 4.55343E-3 4.16364E-4 5.889E-2 1.56181E-2 9.18411E-2 1.22237E-1 8.98806E-5 4.93346E-2 5.9209E-6 1.59872E-2 2.19784E-2 2.39448E-2 1.80727E-2 1.23658E-6 1.223E-2 3.30604E-3 5.06632E-2 4.19605E-2 4.68782E-3 4.95114E-2 2.61992E-2 2.7327E-2 1.05796E-1 9.60615E-2 2.83743E-2
1.40956E-4 6.76376E-3 6.28436E-4 9.34524E-3 2.68187E-3 1.97907E-5 4.74654E-3 7.93462E-3 2.98574E-2 2.41315E-3 6.77114E-3 7.89047E-3 5.07568E-4 6.81955E-4 3.75641E-3 2.10901E-3 6.31535E-3 7.41217E-2 3.20006E-4 2.69655E-2 4.568E-5 1.52459E-6 4.35467E-3 3.90912E-2 6.15828E-2 3.48122E-3 3.47949E-4 4.71297E-3 3.60893E-6 5.05596E-6 6.72543E-3 2.45735E-3 1.25199E-2 1.56872E-3 5.42266E-4 4.78683E-5 1.48126E-2 6.97091E-2 2.55315E-2 1.21215E-4 7.27068E-4 8.42674E-2 2.35157E-4 2.55123E-2 1.51203E-2 3.33305E-3 2.20138E-2 6.23862E-5 1.47241E-5 3.69518E-3 1.112E-2 6.10915E-2 5.83215E-2 2.04202E-3 6.78677E-2 1.62311E-3 2.45471E-3 8.53612E-2
1.87534E-2 2.1598E-2 1.14963E-3 3.98355E-5 1.4033E-5 2.96654E-4 4.73185E-3 4.94653E-4 2.73469E-5 1.68383E-3 3.6839E-4 4.76729E-3 1.75163E-2 1.0804E-3 1.89522E-3 2.19732E-2 6.98662E-5 4.891E-3 1.77558E-5 1.9344E-3 6.75809E-3 2.70059E-2 2.20986E-2 4.16045E-5 2.96418E-5 2.12049E-2 1.04475E-5 6.73143E-3 7.79809E-6 4.52975E-3 1.41788E-3 2.78753E-5 4.95163E-3 1.00035E-2 1.58852E-2 1.13122E-2 1.48186E-4 2.98054E-5 6.49182E-3 8.35072E-2 1.95003E-4 2.01134E-2 2.38175E-2 1.96632E-3 1.52329E-2 2.02599E-3 2.0238E-2 2.23194E-3 2.45805E-2 1.81201E-2 1.05895E-1 1.6933E-3 7.27352E-2 1.25468E-2 2.67041E-2 3.6934E-2 2.49941E-3 1.29569E-1
3.35306E-2 7.40653E-5 5.59193E-3 1.25575E-3 3.23341E-5 4.87823E-5 7.32276E-3 1.61841E-2 2.92085E-3 1.27174E-5 2.7578E-3 7.02512E-4 2.62479E-3 5.70934E-2 1.71619E-5 1.37055E-2 5.85679E-2 4.46034E-5 7.91488E-4 5.10471E-2 1.9521E-4 6.15842E-2 1.37064E-3 3.24674E-2 9.94879E-3 3.41874E-4 2.36632E-3 6.4302E-2 2.74151E-3 4.38556E-4 6.42895E-3 4.25284E-3 2.47462E-3 1.08678E-2 3.16903E-2 2.21523E-3 7.79684E-3 5.05752E-2 3.39546E-4 6.04598E-5 3.0952E-2 2.72194E-2 3.64228E-5 6.92685E-5 3.36311E-4 3.91721E-4 3.87884E-4 8.13764E-3 7.57369E-3 1.96604E-2 7.52893E-2 1.06558E-2 2.08143E-2 2.26092E-3 7.38055E-3 8.30196E-2 1.88462E-2 5.53999E-3
1.06257E-2 1.44717E-3 9.26524E-4 4.37772E-2 7.42497E-3 8.57424E-3 9.464E-3 7.55634E-3 2.53785E-2 1.21979E-2 1.26109E-5 1.27692E-3 7.5973E-2 1.05312E-3 6.7292E-3 8.27396E-4 1.45285E-2 7.13628E-4 1.46404E-2 7.31315E-3 1.83012E-2 9.6022E-2 2.53224E-2 4.69675E-3 2.53794E-2 2.7612E-3 3.87585E-2 4.32621E-2 1.55386E-2 5.91889E-2 6.52557E-4 6.94193E-3 7.86972E-2 9.61368E-3 4.52637E-4 2.25196E-2 2.01774E-2 5.27768E-3 9.60625E-3 1.15325E-2 5.92563E-2 5.75217E-2 1.10016E-3 5.54554E-3 4.95347E-2 4.43681E-5 6.10328E-4 3.82028E-3 6.04322E-2 2.61204E-2 1.46475E-1 1.09983E-2 9.46605E-2 3.79146E-4 1.14751E-2 2.80768E-2 2.79993E-2 2.99322E-2
1.74901E-3 1.67567E-3 1.74346E-3 5.47689E-3 1.82212E-3 1.04556E-4 2.30167E-2 1.7885E-2 1.86398E-2 2.1803E-2 1.7092E-5 9.83216E-3 2.36355E-2 6.36943E-2 3.5555E-3 7.10378E-3 4.51357E-2 4.14323E-4 7.29568E-3 7.42653E-2 1.10114E-2 1.76848E-2 5.23177E-2 4.12645E-3 1.06127E-1 2.28122E-2 1.93812E-2 3.07351E-2 7.05067E-2 4.77023E-2 5.62851E-3 5.37949E-3 9.88692E-3 3.08398E-5 3.46992E-5 4.43703E-3 8.5274E-3 8.51619E-3 2.06205E-2 1.77498E-2 6.02059E-3 4.70517E-5 1.80637E-2 1.18129E-4 1.63423E-2 6.04038E-3 9.59464E-2 2.48869E-3 3.0904E-2 3.27996E-3 8.59473E-3 2.75134E-2 6.61949E-3 4.66794E-2 9.60011E-4 1.03096E-3 3.55403E-2 4.03462E-2
4.5576E-3 1.26914E-2 1.44813E-2 6.24177E-3 2.89637E-2 3.01623E-2 1.35465E-3 2.65524E-5 1.64779E-3 1.66332E-3 9.95174E-5 2.93392E-2 8.25112E-3 3.01271E-2 4.35909E-2 3.43675E-3 2.19857E-2 2.41668E-3 6.4727E-5 2.13021E-2 5.12492E-2 4.24485E-3 1.24315E-2 1.43285E-2 3.70472E-4 1.37536E-2 1.34349E-2 1.87461E-2 1.94339E-2 6.18438E-3 1.1027E-3 2.82407E-3 4.5625E-2 2.35133E-2 2.72473E-2 3.07939E-4 5.32113E-2 2.26051E-3 5.06199E-2 3.76643E-3 2.94986E-3 1.34036E-2 5.70793E-5 2.61371E-2 8.00011E-3 2.49811E-2 2.18665E-2 2.19115E-2 3.66597E-3 3.67371E-2 3.29831E-2 2.44824E-2 1.76535E-2 2.8533E-2 1.85277E-2 6.9059E-2 8.58408E-3 1.75008E-2
9.27324E-5 4.39312E-2 8.27942E-5 1.13853E-1 1.08994E-1 2.02417E-2 6.92041E-3 2.11965E-2 1.36323E-4 1.90785E-2 2.41453E-2 1.87845E-4 5.06931E-3 5.92064E-3 1.50388E-2 4.40929E-2 1.68085E-2 2.93206E-3 5.9875E-2 1.92628E-4 4.0057E-3 5.38309E-4 4.3294E-3 7.76619E-5 1.84298E-2 2.68069E-2 1.42927E-2 7.56897E-3 9.66741E-3 3.43703E-3 2.52102E-3 3.48223E-3 2.44967E-2 3.08101E-2 3.4498E-3 1.75137E-2 3.52076E-4 1.4839E-2 2.42351E-2 5.63713E-3 1.45534E-4 6.78627E-2 1.31159E-4 6.47134E-2 1.71568E-3 3.57272E-3 8.27815E-4 1.25452E-2 5.67299E-4 7.45087E-2 8.69321E-3 4.78944E-2 1.07708E-2 2.45535E-4 3.55057E-2 4.20123E-2 5.83219E-2 3.14363E-2
6.40255E-3 7.01622E-3 7.34146E-3 1.02935E-4 3.89247E-3 1.41325E-3 9.32147E-4 1.41624E-4 9.29537E-4 3.022E-2 1.89972E-2 1.06582E-1 1.14266E-1 3.63134E-4 1.20878E-3 6.65874E-2 1.71339E-5 2.34001E-2 9.33897E-3 2.40973E-2 5.31315E-6 4.22274E-3 1.95404E-2 7.49848E-3 1.0293E-3 4.39548E-3 1.8554E-2 2.68826E-2 3.13749E-2 2.16704E-2 7.52069E-2 2.28173E-2 1.09025E-2 2.51166E-2 4.54385E-2 1.32186E-2 3.53722E-4 6.57746E-2 7.39183E-3 2.59892E-2 4.68271E-2 1.28304E-3 2.92984E-3 1.03653E-3 2.1826E-3 6.807E-2 2.3086E-2 6.91458E-3 3.75715E-3 6.98911E-2 3.22025E-3 2.01694E-3 2.91013E-4 5.59516E-4 7.15849E-2 1.0894E-1 1.02837E-1 4.35938E-2
5.65911E-4 3.5605E-2 4.40856E-2 9.05307E-3 9.86155E-4 2.07327E-3 1.48777E-3 2.0239E-2 5.89882E-2 1.08916E-2 4.74179E-2 1.89768E-2 1.67651E-4 1.31492E-2 2.70368E-4 5.90293E-3 3.48449E-3 3.40599E-2 1.19602E-4 6.49578E-3 2.67113E-3 2.24843E-2 1.00688E-4 1.32378E-3 1.62509E-3 2.97888E-2 3.01571E-2 1.66685E-2 1.14531E-2 4.14422E-2 1.17823E-2 8.08438E-5 4.8381E-4 2.20068E-2 1.84344E-2 3.2768E-3 4.12872E-2 2.8253E-5 3.08888E-2 1.25208E-3 4.26853E-2 1.79809E-3 4.31373E-2 3.60941E-2 8.34494E-2 3.58591E-3 8.02156E-2 7.01193E-2 9.52518E-2 1.86548E-2 3.56559E-2 7.26532E-2 1.15527E-1 2.19533E-2 1.05157E-3 3.44687E-2 2.30586E-3 1.08015E-2
3.17398E-2 2.64629E-2 1.15967E-2 2.00797E-2 3.35567E-2 3.05896E-3 2.52082E-2 1.14701E-1 8.50357E-3 2.85372E-2 6.00364E-2 5.46982E-3 5.34133E-2 9.45498E-3 7.12707E-4 1.93511E-4 8.83336E-3 2.03954E-3 6.17619E-5 4.52686E-2 2.70877E-3 3.65851E-3 2.72792E-2 2.79875E-5 4.21293E-2 3.34403E-3 6.22129E-2 4.63075E-3 6.84418E-3 5.07558E-3 1.52414E-2 5.36866E-3 8.78389E-2 5.80861E-4 4.06742E-4 2.53075E-2 7.50964E-2 2.14921E-2 2.17879E-2 3.26538E-3 2.49375E-4 1.64796E-2 5.21901E-4 5.46163E-2 1.83624E-3 6.52877E-4 5.98121E-3 6.807E-2 7.83975E-2 5.95044E-2 1.72046E-2 7.92263E-2 4.86558E-3 3.65054E-2 5.42983E-2 8.27513E-2 5.13477E-3 9.08689E-2
1.18765E-3 2.43705E-3 4.28878E-3 2.01841E-2 1.24134E-3 2.05427E-2 2.28572E-2 1.54384E-3 2.85209E-2 1.54247E-2 1.4299E-2 2.68937E-2 3.0914E-2 9.97903E-3 5.13545E-2 2.05272E-4 3.4642E-2 3.53043E-2 2.59629E-3 3.692E-2 2.34093E-2 5.09084E-5 5.3142E-2 2.9373E-4 5.52922E-2 2.48734E-2 2.55477E-2 1.81284E-2 2.76298E-5 4.20781E-2 1.59279E-2 6.28283E-2 1.29676E-2 1.4843E-2 8.85982E-4 2.11693E-2 2.86204E-3 7.87825E-3 2.04311E-2 4.67884E-2 5.88111E-4 1.78721E-3 2.22547E-4 2.0522E-2 4.84167E-2 2.22566E-2 9.03292E-4 9.49757E-2 4.17781E-3 4.76421E-2 1.0602E-3 1.55417E-1 1.55068E-1 1.40411E-4 1.88277E-2 7.1484E-5 3.92926E-2 1.30403E-3
4.7856E-3 3.75698E-2 4.51385E-2 1.20086E-5 5.1325E-2 8.43425E-3 1.55171E-2 2.44799E-4 4.07628E-3 7.25717E-5 5.99278E-5 3.43755E-2 1.18078E-2 8.87481E-4 3.06651E-2 6.59081E-3 2.70668E-3 3.72266E-2 3.71341E-3 1.18453E-4 6.09357E-4 1.51677E-4 5.28536E-3 4.17294E-2 4.08235E-3 1.33812E-2 4.06784E-3 4.46733E-4 2.11301E-2 1.91234E-2 2.40642E-4 5.62147E-4 4.25707E-3 1.13275E-3 2.94432E-2 6.60061E-2 4.53156E-2 1.19276E-2 1.17871E-3 4.39887E-2 2.55787E-4 2.70202E-3 1.98968E-3 1.46569E-3 6.59141E-2 1.02545E-3 6.24148E-2 4.85876E-2 4.15374E-2 3.43546E-2 5.73104E-2 1.17476E-2 9.6089E-2 1.74231E-1 3.21036E-2 1.30309E-1 8.51098E-3 7.54392E-2
5.2658E-2 1.79005E-5 2.91701E-2 8.72922E-5 2.74279E-2 5.55285E-2 1.052E-2 1.16399E-4 2.08891E-2 2.30076E-4 4.12528E-3 1.97166E-4 1.68088E-4 1.40227E-3 1.21787E-2 5.74383E-2 2.04386E-2 2.76399E-4 9.86495E-4 8.71955E-4 9.04308E-5 4.19743E-3 8.91622E-3 1.59255E-3 1.58237E-2 1.21023E-4 4.43187E-4 5.96303E-2 3.36032E-2 1.25641E-5 1.02386E-3 2.37868E-2 5.67029E-4 7.04074E-4 1.95241E-2 1.04443E-3 2.32385E-4 2.3921E-4 1.11917E-2 1.50067E-4 4.83814E-2 4.41252E-2 5.64083E-2 5.99066E-4 5.06231E-2 8.15711E-3 2.15596E-2 1.10624E-2 1.3208E-3 2.33748E-2 3.87467E-2 2.97069E-2 3.77636E-2 3.12127E-3 7.36562E-3 2.25575E-1 3.08194E-1 9.40702E-2
1.10067E-3 2.39071E-3 2.41748E-2 4.82983E-2 2.64645E-4 1.448E-2 8.39654E-3 5.66423E-2 4.74489E-2 5.10289E-2 3.52591E-2 5.39251E-3 1.78256E-2 6.92541E-2 1.93045E-2 8.89271E-3 1.38149E-2 3.51343E-2 2.57895E-2 2.44658E-2 3.70018E-3 1.51937E-4 1.19978E-2 4.32199E-2 6.95575E-3 4.24465E-6 9.71093E-3 1.84989E-2 2.47562E-2 2.01406E-2 3.80434E-2 1.57187E-2 6.36657E-2 2.84734E-3 2.50588E-2 6.62534E-2 1.95961E-2 3.84312E-2 3.00835E-3 1.01174E-2 9.79284E-3 2.34763E-2 7.5137E-5 7.46684E-5 2.08308E-5 1.4183E-2 1.58318E-4 4.03239E-2 5.62495E-4 1.27241E-2 1.38741E-2 3.33064E-3 5.70016E-2 6.98821E-2 3.31231E-1 5.25858E-1 1.69697E-1 1.66563E-2
4.05428E-2 1.53778E-3 1.94487E-2 1.72508E-2 4.07372E-3 3.12385E-2 1.08546E-1 4.17081E-2 2.5251E-4 1.1371E-1 8.57481E-3 1.10471E-4 4.55552E-2 2.02859E-3 2.80452E-3 1.17831E-2 6.16987E-3 1.17894E-3 4.23933E-3 1.23111E-3 1.77227E-2 9.47074E-3 1.20752E-3 1.76044E-4 9.03488E-4 2.20234E-2 4.55931E-4 3.21298E-2 1.83106E-3 4.78519E-3 1.26438E-2 2.0837E-4 1.66003E-2 1.00031E-2 6.69581E-3 1.55526E-2 6.66267E-2 5.30635E-2 2.58595E-2 2.19589E-3 1.55326E-2 9.88322E-2 3.25671E-3 1.90985E-3 8.4314E-2 5.21469E-4 4.12171E-3 4.48069E-3 6.79145E-2 1.74004E-2 2.66062E-2 2.8764E-2 1.92968E-2 1.51652E-1 7.06452E-2 2.64136E-1 2.40612E-3 1.45184E-2
1.77353E-2 1.92492E-2 2.09428E-4 3.00653E-2 2.75899E-2 5.49806E-5 1.31574E-2 1.4355E-2 3.04622E-2 4.66464E-2 1.36784E-4 4.12626E-3 2.00186E-2 8.76362E-3 1.52874E-2 4.07877E-4 1.39339E-2 2.08791E-2 8.23129E-3 8.65048E-3 5.32442E-4 2.41892E-4 2.10859E-2 8.5187E-3 3.28983E-2 2.5984E-5 4.91437E-3 4.87511E-4 1.87536E-2 2.09242E-3 2.06681E-2 2.05861E-2 8.04602E-3 5.66119E-3 2.46775E-2 6.48251E-4 1.01895E-2 7.72181E-4 1.58443E-2 2.095E-5 2.30203E-2 8.98134E-3 2.70641E-3 2.80653E-4 2.54438E-2 7.0448E-2 5.34286E-2 2.00398E-2 4.63172E-2 1.5182E-1 3.20038E-2 1.37793E-1 1.02174E-2 1.30895E-2 2.28085E-2 9.17317E-4 2.01862E-2 1.05392E-1
6.68315E-3 9.71965E-2 8.70892E-4 1.02805E-2 7.05487E-2 2.44195E-2 4.70052E-2 1.35997E-2 3.28097E-3 6.84268E-2 2.14266E-2 3.53134E-3 4.60327E-3 2.08227E-2 8.03494E-3 1.58368E-3 1.66643E-2 2.90094E-3 1.38113E-2 6.97393E-4 1.50443E-3 1.19278E-2 2.93066E-2 4.35434E-4 1.24781E-2 2.56972E-2 6.52285E-3 5.7697E-3 5.19736E-3 2.16291E-2 1.79228E-2 3.88582E-2 3.69759E-2 6.55878E-4 1.25827E-2 1.58791E-2 2.11197E-3 2.25723E-2 4.88453E-2 1.41953E-3 4.99626E-3 1.47527E-2 2.86987E-2 9.22486E-3 2.34865E-5 3.59048E-2 2.60824E-2 4.19937E-3 9.46916E-2 3.23929E-2 1.3091E-2 6.67212E-2 7.13877E-2 5.60521E-4 5.40783E-2 4.66994E-3 3.41711E-1 1.08271E-1
5.05142E-3 8.28699E-4 2.3933E-2 6.41529E-3 2.47682E-4 5.95328E-4 6.6605E-2 2.97979E-2 1.00947E-1 7.51614E-5 1.62581E-3 1.32231E-3 6.33635E-4 4.71664E-2 2.33913E-3 2.61472E-2 1.37413E-2 3.64799E-2 1.71632E-2 4.8284E-2 2.18032E-2 1.10846E-2 2.90975E-3 6.83926E-2 6.57979E-2 1.21516E-4 1.33716E-4 2.92448E-2 4.31221E-3 1.31828E-2 2.33208E-2 4.5279E-4 1.36078E-2 3.69882E-3 2.30297E-2 9.52064E-3 3.88595E-4 1.60665E-2 9.18503E-7 9.64793E-3 4.86146E-4 3.1709E-3 4.00032E-4 2.65944E-2 1.11527E-3 4.99886E-3 1.01007E-3 6.68469E-2 5.32606E-2 2.80522E-1 7.55438E-2 3.56708E-2 2.30274E-1 2.89541E-2 3.77885E-2 2.61518E-3 1.07083E-1 1.24958E-1
2.82397E-2 1.32047E-4 4.61762E-2 9.26441E-6 7.36844E-4 1.01569E-1 1.20828E-5 1.32298E-2 9.02174E-4 4.61753E-2 1.32893E-2 3.47934E-4 1.30078E-2 3.93187E-4 3.69151E-3 3.00167E-3 3.28659E-3 2.96071E-3 5.80258E-3 4.73347E-3 3.04423E-2 1.90782E-6 3.37258E-3 2.30258E-3 1.78802E-2 2.21214E-4 1.2708E-2 7.54365E-3 1.24625E-2 4.48308E-3 8.26005E-2 1.28248E-2 9.59735E-3 3.92987E-2 7.7273E-2 4.88475E-2 2.88657E-2 8.22612E-3 2.62231E-4 4.62556E-2 9.36136E-4 2.37836E-2 2.04207E-2 1.4068E-3 1.88226E-2 4.27851E-2 9.77691E-4 4.66356E-2 6.94472E-2 1.1337E-2 6.5505E-2 3.78749E-2 1.42576E-2 1.55653E-2 3.06593E-2 1.7774E-2 1.00365E-2 2.21686E-2
3.34362E-3 5.85215E-4 3.89989E-3 2.97551E-2 1.39454E-3 1.59261E-3 2.34747E-5 9.25884E-5 1.9804E-2 5.85074E-3 1.0371E-2 2.98157E-2 1.09035E-1 2.65729E-2 3.73136E-4 3.41587E-3 3.84101E-2 6.90067E-4 2.42786E-2 5.24805E-2 7.7647E-3 8.12503E-2 1.87169E-2 1.84761E-3 2.67047E-3 8.55802E-6 3.32365E-3 4.49583E-4 2.36393E-2 2.10527E-2 6.01425E-3 3.87305E-2 3.05624E-2 6.59411E-3 1.59787E-2 6.3449E-3 2.18365E-2 6.15905E-3 9.62791E-6 3.15455E-4 6.60501E-2 1.28534E-2 1.00164E-2 2.47538E-2 3.64885E-3 6.726E-2 1.90534E-2 9.46542E-3 2.88678E-2 1.27089E-1 6.38196E-2 2.92631E-2 4.75591E-2 3.46197E-2 1.31376E-2 5.70166E-2 1.82009E-2 5.58767E-2
6.80462E-4 4.88675E-3 4.18112E-6 4.58358E-2 3.72465E-5 8.98315E-3 1.37944E-2 2.05747E-2 1.76553E-3 1.15585E-2 1.78072E-2 6.0429E-2 8.41267E-4 6.89665E-3 4.07062E-2 3.55978E-3 4.40208E-4 4.39691E-4 4.81911E-3 1.39126E-2 5.20604E-2 7.6363E-3 2.87549E-2 1.00194E-1 4.47833E-3 6.22269E-4 9.77194E-3 2.31184E-3 3.77773E-3 2.82285E-2 2.35817E-3 2.73118E-3 2.10882E-2 3.79363E-4 2.04859E-2 2.26017E-2 5.38077E-4 1.73705E-2 1.72014E-2 2.53755E-1 2.92113E-2 4.0295E-2 5.012E-2 2.64029E-3 2.90084E-2 3.55566E-4 3.04406E-3 9.44824E-2 6.37062E-2 1.25064E-1 1.31445E-2 1.25399E-4 1.98196E-2 1.32427E-1 1.25803E-2 9.32568E-2 1.20935E-1 2.98191E-2
