outputs/pantheraTigris_min.asc
ncols         290
nrows         290
xllcorner     68.0
yllcorner     8.0
cellsize      0.1
NODATA_value  -9999
[rows 104 to 129 of 290, columns 58 to 115 of 290]
4.32904E-1 3.77565E-1 2.43131E-1 1.01255E-1 3.29307E-1 3.4091E-1 1.5728E-1 2.56055E-1 3.6511E-1 3.53416E-1 6.5401E-5 3.25065E-2 3.79416E-1 1.94709E-1 7.41245E-2 9.18878E-2 1.66535E-1 4.74199E-2 4.11789E-1 2.54378E-1 6.52691E-1 6.16752E-1 3.34499E-1 5.42332E-1 7.06039E-1 8.76402E-2 9.31054E-1 7.75956E-1 8.88639E-1 1.37116E-1 4.95746E-1 8.90623E-2 5.9452E-1 8.42551E-1 5.80901E-1 6.45757E-1 8.15312E-1 5.39355E-2 4.83226E-1 9.03651E-1 4.96415E-1 6.39277E-1 6.03825E-1 6.57584E-1 6.39893E-1 7.25241E-1 3.44381E-2 7.00704E-1 4.36026E-1 6.63206E-1 7.57161E-1 6.7102E-1 4.55279E-2 3.10006E-1 4.37828E-1 8.84884E-1 7.04961E-1 3.73516E-1
8.13948E-1 6.83747E-1 5.30954E-1 5.85298E-2 2.59868E-1 9.24891E-3 4.02046E-1 8.13688E-1 8.12061E-1 1.99617E-1 2.12864E-2 2.21421E-1 3.66449E-2 8.92977E-3 2.90808E-1 2.3538E-1 6.03826E-2 1.20872E-1 3.28197E-1 3.11137E-1 4.81372E-1 2.21433E-1 4.64474E-1 6.05553E-1 5.90609E-1 5.3552E-1 1.70052E-1 9.48128E-1 8.6771E-1 2.30689E-1 6.14579E-1 7.21062E-1 8.25644E-1 5.57735E-1 6.23091E-1 7.51184E-1 7.60385E-1 8.19871E-1 3.51285E-1 8.65685E-1 7.06447E-1 4.1348E-2 2.21444E-1 4.33279E-1 7.57043E-1 6.56045E-1 7.1823E-1 4.16621E-2 8.29794E-1 9.0461E-1 8.61366E-1 7.0944E-1 5.51968E-1 9.08519E-1 5.74207E-1 1.03171E-2 7.0741E-1 4.89778E-1
3.78001E-1 7.86155E-1 2.87757E-1 5.14851E-2 5.42808E-1 1.89051E-1 5.9702E-1 7.10961E-1 1.00534E-1 4.45571E-1 6.48836E-3 3.24318E-1 3.04798E-1 1.12433E-3 2.63725E-1 3.01803E-1 3.88465E-1 6.44049E-2 7.53987E-3 2.14291E-1 1.7276E-1 5.66371E-1 6.72087E-1 8.38647E-1 7.84685E-1 8.60407E-1 4.85747E-1 3.56461E-1 9.23406E-1 7.07916E-1 7.47536E-1 5.84085E-1 7.57259E-1 9.08769E-1 7.98947E-1 6.06894E-1 7.92947E-1 7.99905E-1 6.6809E-1 9.1255E-1 4.63124E-1 7.14577E-1 7.15595E-1 3.74816E-1 5.64671E-1 7.14995E-1 8.98027E-1 7.79562E-1 5.69848E-1 7.82306E-1 4.48107E-1 5.76512E-1 6.02171E-1 8.20547E-1 4.82127E-1 6.95055E-1 8.9669E-1 9.29514E-1
4.76844E-1 8.04748E-2 4.20097E-2 5.16623E-3 1.83592E-1 4.80103E-3 1.94946E-1 2.51707E-1 1.74658E-1 1.61436E-2 2.27438E-2 1.49166E-1 4.16326E-2 1.35466E-1 1.24455E-1 2.14334E-1 3.10918E-1 4.55498E-1 4.32489E-1 7.04574E-1 2.98119E-1 6.72274E-1 6.12214E-1 4.61081E-1 4.46603E-1 2.69112E-1 5.8071E-1 6.86564E-1 8.8295E-1 8.09692E-1 4.04157E-1 5.35972E-2 4.82219E-1 6.09833E-1 5.94339E-1 8.19821E-1 5.90729E-1 8.94626E-1 7.70593E-1 7.38834E-1 9.35326E-1 8.20033E-1 8.27087E-1 4.57709E-1 7.93513E-1 6.90085E-1 7.97842E-1 5.13173E-2 5.10817E-1 6.47056E-1 4.52114E-1 4.30715E-1 3.80262E-1 3.27545E-1 4.05252E-1 5.20344E-1 5.5201E-2 7.04299E-1
5.27739E-1 4.01505E-2 1.63796E-1 1.86543E-1 2.80281E-1 2.61629E-1 9.43627E-3 2.21752E-1 4.13944E-1 8.74331E-3 1.79298E-1 1.07024E-2 5.46147E-2 8.51467E-2 7.10871E-1 9.503E-3 3.67585E-1 6.07558E-2 2.00165E-1 5.78414E-1 2.34074E-1 1.99988E-2 6.03582E-1 2.37017E-1 2.60397E-1 3.54141E-1 7.84432E-1 6.09879E-1 5.45403E-2 9.31062E-1 3.86542E-2 7.36673E-1 7.8232E-1 8.39626E-1 5.75445E-1 6.89431E-1 6.37317E-1 6.8837E-1 2.1472E-1 3.85221E-1 5.86931E-1 5.34175E-1 8.00253E-1 7.34843E-1 8.85511E-1 4.88675E-1 7.93833E-1 6.39921E-1 9.73051E-1 6.23088E-1 7.91875E-1 6.65445E-1 9.03729E-1 3.56958E-1 5.00115E-2 5.50642E-1 5.69838E-1 8.66379E-1
4.38895E-1 3.62943E-2 2.53745E-1 2.59822E-1 1.04741E-1 1.48715E-2 3.12858E-1 1.89617E-1 8.40637E-2 8.19201E-3 1.76385E-2 1.81785E-1 2.45885E-1 2.7483E-1 8.16053E-1 5.12668E-1 2.36892E-1 2.33657E-1 4.03178E-1 3.68395E-1 5.06642E-1 3.51337E-1 6.15888E-1 3.43807E-1 8.7158E-1 2.83762E-1 8.5842E-1 8.98226E-1 7.34216E-2 6.62222E-1 8.59766E-1 6.86975E-1 7.21514E-1 9.62039E-1 6.44206E-1 6.46577E-1 5.63241E-1 5.52088E-1 7.9207E-1 8.48001E-1 5.66084E-1 8.22337E-1 6.47E-1 6.51412E-1 5.34382E-1 8.88695E-1 7.95563E-1 4.65282E-1 1.32194E-1 6.51112E-1 3.83859E-2 4.01948E-1 8.11145E-1 3.70628E-1 6.921E-1 9.38088E-1 4.70493E-1 4.67041E-1
4.94626E-1 3.8044E-1 4.93422E-1 3.96598E-1 2.32876E-2 2.07379E-1 4.44548E-1 2.51049E-3 1.9693E-1 1.61097E-1 2.04875E-1 8.02875E-2 3.31001E-1 3.27018E-1 2.74889E-1 6.10533E-1 3.96106E-1 1.768E-1 5.73156E-2 2.51894E-1 7.04886E-1 7.12296E-1 3.88569E-1 9.15607E-1 7.81473E-1 5.69737E-1 2.17025E-1 2.4848E-1 9.06347E-1 3.90222E-2 8.40967E-1 7.72845E-2 6.3478E-1 8.78786E-1 9.61309E-1 8.36283E-1 8.35057E-1 7.00957E-1 3.05176E-1 8.69045E-1 7.21213E-1 6.16457E-1 6.79292E-1 9.59783E-1 5.26113E-1 8.2089E-2 5.34474E-1 8.73347E-1 4.1467E-1 9.65632E-1 8.03088E-1 5.82885E-1 5.12253E-1 3.45061E-1 3.58741E-1 6.56863E-1 8.52516E-1 7.51327E-1
9.56074E-2 5.04499E-1 1.70109E-1 6.18765E-3 5.82817E-3 2.66001E-2 1.86976E-1 1.23275E-1 4.92064E-1 1.32616E-1 4.4471E-1 2.99139E-1 3.52432E-1 1.81699E-1 4.2557E-1 1.79574E-2 8.13572E-2 8.05801E-1 7.50214E-1 7.51512E-1 5.84975E-1 6.57983E-1 1.99487E-1 1.64329E-1 6.02219E-1 6.39434E-2 6.52346E-1 9.14782E-1 6.3363E-1 6.52821E-1 8.98961E-1 7.28158E-1 8.9058E-1 9.51504E-1 8.33255E-1 3.12859E-1 3.02228E-1 7.96345E-1 5.09387E-1 9.18795E-1 6.15577E-1 6.02584E-1 5.64758E-1 5.77231E-1 5.97535E-1 5.9547E-1 5.50971E-1 4.87724E-1 7.93011E-1 3.79151E-1 8.95988E-1 3.35149E-1 9.06592E-1 3.74731E-1 5.0204E-1 5.4578E-1 7.45253E-1 7.77451E-1
6.40685E-1 6.96167E-1 3.19002E-1 5.81038E-1 2.30643E-1 2.45255E-1 4.29787E-2 3.93784E-1 5.96753E-1 7.90591E-1 8.42339E-1 2.16567E-2 3.19089E-1 2.10736E-1 3.33444E-1 4.6917E-1 3.96213E-1 3.9843E-1 4.99435E-1 3.24718E-2 7.7663E-1 5.24658E-1 4.40183E-2 5.56469E-2 2.09176E-1 5.81148E-1 6.81349E-1 8.67453E-1 8.4458E-1 5.81422E-1 8.9204E-1 4.12139E-1 6.77925E-1 7.30794E-1 8.26982E-1 8.02441E-1 7.51617E-1 9.09733E-1 8.55753E-1 5.02266E-1 9.03979E-1 8.14968E-1 8.32257E-1 3.75976E-1 4.52903E-1 7.48253E-1 7.41498E-1 4.12652E-1 7.68196E-1 8.29343E-1 3.09374E-1 8.20258E-2 5.94695E-1 3.11789E-1 5.05231E-1 3.40886E-1 3.58285E-1 7.46056E-1
5.3922E-1 6.53039E-2 7.25515E-1 1.84192E-1 2.34043E-2 1.75728E-2 4.46544E-3 1.6292E-1 4.44868E-1 7.38311E-1 8.03394E-2 1.99762E-1 7.45222E-1 6.28387E-1 1.02399E-1 3.40269E-1 2.81187E-1 6.71159E-1 7.549E-1 5.62478E-1 3.42695E-2 8.51464E-2 8.48047E-1 8.72903E-1 1.62374E-1 5.11549E-1 7.96693E-2 6.36922E-1 9.26734E-1 9.18933E-1 8.37619E-1 8.62769E-1 5.36367E-1 5.28393E-1 8.25567E-1 5.30698E-1 4.56573E-1 8.5848E-1 9.40286E-1 4.62443E-1 3.12101E-1 8.09115E-1 3.84252E-2 3.91906E-2 4.2941E-1 7.92845E-1 4.41483E-1 3.82114E-2 7.49322E-1 6.04339E-1 7.52118E-1 6.16278E-1 5.84197E-1 7.69707E-1 5.5746E-1 3.72584E-1 4.85982E-1 7.92036E-1
5.95433E-1 2.70834E-1 3.52165E-1 2.68935E-2 2.58923E-1 2.00009E-1 7.32981E-1 4.47441E-1 6.30258E-1 6.18765E-1 4.44086E-1 7.97193E-1 7.52429E-1 7.29344E-1 5.70851E-1 2.07485E-1 2.63503E-1 5.39972E-1 3.79796E-2 8.32116E-1 8.37392E-1 8.38325E-1 4.14347E-1 7.87984E-1 8.93335E-1 5.9014E-1 5.69684E-1 2.38598E-2 1.94027E-1 7.25073E-1 5.98822E-1 5.38089E-1 8.34993E-1 9.54107E-2 6.10007E-1 9.04599E-1 7.38696E-1 7.5571E-1 8.83999E-1 4.21655E-1 6.56836E-1 9.38008E-1 5.487E-1 7.69543E-1 5.57206E-1 6.97396E-1 8.74273E-1 6.40231E-1 7.24484E-1 8.71629E-1 6.97644E-1 6.06877E-1 4.08626E-1 9.36947E-1 6.74844E-1 7.96031E-1 3.52498E-1 6.77197E-1
1.10741E-1 5.60056E-1 7.68405E-1 4.62424E-1 3.84008E-1 2.76606E-2 4.92766E-1 5.63604E-1 6.66442E-1 7.69186E-1 3.9823E-1 3.91049E-1 3.88032E-2 7.23119E-1 7.86397E-1 8.23821E-2 4.25722E-1 4.82522E-1 7.7608E-1 7.76109E-1 7.63817E-1 5.70133E-1 6.5469E-1 7.14378E-1 8.66348E-1 7.13991E-1 6.41104E-1 9.11527E-1 8.5791E-1 8.32152E-1 3.562E-1 8.62005E-1 7.5549E-1 3.41678E-1 7.47583E-1 3.4126E-1 5.75073E-2 8.53736E-1 7.43115E-1 9.01E-1 8.45552E-1 8.39107E-1 9.01698E-1 4.88582E-1 1.69003E-1 7.38461E-1 8.14447E-1 8.1319E-1 4.52128E-1 7.40086E-1 8.0551E-1 6.74216E-1 6.4654E-1 5.51671E-1 9.64528E-1 5.27203E-1 6.85931E-1 3.1627E-1
6.64708E-1 1.23313E-1 2.51298E-2 6.03741E-1 6.19631E-2 5.48686E-1 2.43354E-2 7.47845E-1 7.16139E-1 7.1845E-1 2.89629E-1 6.32443E-1 8.32518E-1 4.83736E-2 3.83891E-2 5.18712E-1 8.42351E-1 1.16412E-1 8.07544E-2 4.71533E-1 8.32887E-1 5.20166E-1 5.16952E-1 3.84897E-1 8.51325E-1 5.4265E-1 1.44312E-1 6.62785E-1 8.49307E-1 6.10357E-1 8.09992E-1 8.70732E-1 2.7402E-1 2.75402E-1 4.72754E-1 5.52634E-1 8.78863E-1 5.24871E-2 7.43308E-1 8.09082E-1 8.52737E-1 8.01547E-1 9.37819E-1 9.54267E-1 6.50397E-1 8.5118E-1 3.50638E-1 6.94363E-1 9.60382E-1 8.31604E-1 7.28758E-1 8.00855E-1 6.78774E-1 7.74722E-1 8.69525E-1 5.95361E-1 9.6618E-1 4.3128E-1
8.66266E-1 4.37637E-1 5.1595E-1 2.43282E-1 3.45802E-1 1.44573E-2 4.1849E-1 2.64199E-2 6.1023E-1 1.00207E-1 4.06743E-1 3.8638E-1 8.95345E-1 8.17024E-1 4.74504E-1 4.67982E-1 6.53535E-1 7.08298E-1 2.52972E-1 7.10607E-1 8.84912E-1 4.52495E-1 6.10463E-1 4.89655E-1 1.31074E-1 7.35875E-1 7.30283E-1 8.65336E-1 4.46959E-1 8.75828E-1 7.6433E-1 8.70427E-1 7.60108E-1 4.37435E-2 6.53851E-1 8.44489E-1 8.18242E-1 8.48984E-1 8.77105E-1 8.78E-1 6.85159E-1 5.12379E-1 9.44643E-1 7.45156E-1 8.42186E-1 8.43928E-1 6.58987E-1 6.05754E-1 2.47487E-1 8.5143E-1 7.94011E-1 8.39027E-1 4.97151E-1 4.377E-1 8.71991E-1 1.28181E-1 2.4211E-1 7.7159E-1
6.29457E-1 5.95048E-2 2.84355E-1 1.65994E-1 1.38249E-1 1.34658E-3 8.2021E-3 6.00276E-1 3.30949E-1 6.00579E-1 1.52569E-1 2.10113E-2 7.97386E-1 3.71297E-1 3.52042E-1 7.87963E-1 6.19055E-1 2.02428E-1 6.22687E-1 9.00606E-1 8.06768E-1 2.78232E-1 3.8962E-1 7.06359E-1 7.48692E-1 7.08246E-1 7.75105E-1 4.33004E-1 8.09926E-1 2.90402E-2 7.37523E-1 9.08704E-1 7.92051E-1 7.91755E-1 9.01127E-1 8.58509E-1 9.20874E-1 6.60849E-1 9.16368E-1 9.02489E-1 6.82277E-1 9.22877E-1 6.71466E-1 5.56222E-2 9.34032E-1 7.43528E-1 4.12094E-2 6.03994E-1 6.20187E-1 4.02913E-2 7.1755E-1 8.51385E-1 8.32303E-1 5.86411E-1 4.34293E-1 8.03475E-1 9.62782E-1 3.38626E-1
7.71914E-1 6.0565E-2 3.49968E-1 3.43198E-1 2.91411E-2 7.78494E-1 6.71955E-1 6.13374E-1 3.49326E-1 4.47853E-1 1.97744E-1 4.65883E-1 1.74678E-1 8.39844E-1 7.91336E-1 7.74363E-1 4.10545E-1 3.42494E-1 7.90532E-1 4.35975E-2 2.54787E-2 3.74592E-2 7.75142E-1 9.08026E-1 6.84595E-1 8.79023E-1 7.62575E-1 8.0899E-1 7.51513E-1 9.21799E-1 2.40778E-1 8.41695E-1 8.35486E-1 7.22029E-1 5.12128E-1 8.66424E-1 5.7871E-2 8.40327E-1 8.51565E-1 5.86603E-2 6.20796E-1 4.03425E-1 8.43024E-1 3.77237E-1 8.74934E-1 9.18064E-1 6.39409E-1 7.56886E-1 8.2192E-1 8.72075E-1 5.61804E-1 7.52074E-1 6.18508E-1 9.43366E-1 7.11395E-1 6.08918E-1 7.51878E-1 4.96971E-1
6.03613E-1 1.31237E-2 2.06547E-1 3.41868E-2 4.49857E-1 3.10002E-1 6.55472E-2 5.74178E-1 3.30993E-1 6.40861E-2 8.87981E-1 2.8463E-1 5.64618E-1 3.2109E-1 4.01938E-1 7.93264E-1 4.2553E-1 6.74737E-2 4.04577E-1 7.53577E-1 6.44029E-1 8.16553E-1 5.89018E-1 4.51781E-1 7.84649E-1 9.09501E-1 4.42528E-1 8.71658E-1 8.43557E-2 3.9978E-2 9.03038E-1 3.07843E-1 7.84369E-1 7.03254E-1 6.88075E-1 7.30437E-1 8.09226E-1 8.34219E-1 3.78626E-1 9.06509E-1 7.1703E-1 6.16304E-1 6.26345E-1 3.97894E-1 4.38825E-1 3.95432E-1 8.11829E-1 7.20246E-1 5.59111E-2 9.08209E-1 7.59821E-1 2.57958E-1 2.49116E-1 9.19433E-1 9.61266E-1 8.72489E-1 7.23704E-1 9.4889E-1
2.18898E-2 3.13761E-1 2.18549E-1 6.86711E-1 3.06946E-2 1.71434E-2 4.37676E-1 3.69863E-1 1.71205E-1 2.76526E-2 6.95097E-1 4.60839E-2 6.47921E-1 8.42332E-1 7.52204E-1 4.08704E-1 5.39156E-1 8.28979E-1 6.46237E-1 6.63546E-2 7.24667E-1 7.42658E-1 9.09709E-1 4.77288E-2 9.18012E-1 7.40487E-1 4.41268E-1 8.80662E-1 1.21381E-1 3.04585E-1 6.28883E-1 8.84375E-1 8.51896E-1 1.05065E-1 5.71984E-1 6.81169E-1 5.7037E-1 4.09589E-1 5.43197E-1 5.05239E-1 3.72097E-1 1.66969E-1 4.55553E-1 8.04085E-1 9.03207E-1 9.0973E-1 7.73373E-1 8.21767E-1 7.8497E-1 7.91819E-1 5.3961E-1 2.17427E-1 7.29553E-1 3.85975E-2 8.37585E-1 5.12801E-1 1.71701E-1 6.46657E-1
3.80302E-1 4.10708E-1 1.66686E-1 5.40133E-2 3.73786E-1 5.54241E-1 1.05571E-1 1.62268E-1 3.24648E-1 3.77481E-1 5.96914E-1 7.35131E-1 6.54818E-1 8.22585E-1 5.56551E-1 4.51479E-1 6.60726E-1 7.35151E-1 6.52462E-1 5.13499E-1 7.62533E-1 7.02128E-2 6.63614E-1 4.23687E-1 8.28912E-1 7.00283E-1 8.01464E-1 4.48181E-2 3.20062E-1 2.90375E-1 6.57922E-1 4.78755E-1 4.44922E-1 8.41368E-1 8.48834E-1 8.2024E-1 8.55855E-1 3.281E-1 1.96754E-1 1.59505E-1 8.09295E-1 6.03322E-1 7.56443E-1 9.6104E-1 3.54985E-1 9.22726E-1 5.91971E-1 7.94229E-1 9.39622E-1 5.60554E-1 5.01488E-1 4.63417E-1 6.50106E-1 6.52401E-1 7.66429E-1 9.04963E-1 6.60597E-1 7.89216E-1
2.22359E-1 8.45516E-1 1.05466E-1 5.0466E-1 4.50695E-1 3.67605E-1 3.80784E-1 4.51426E-3 3.85265E-1 7.56115E-1 7.4197E-1 8.82514E-1 7.62157E-1 4.66762E-1 1.38278E-2 7.92821E-1 7.05679E-1 7.42063E-1 7.00346E-1 5.58713E-1 8.65916E-1 6.89804E-1 8.13132E-2 7.98013E-1 2.01825E-1 5.15378E-1 8.38056E-1 5.23817E-1 7.85416E-1 2.54972E-1 7.56044E-1 3.63379E-2 7.1693E-1 4.66036E-1 7.89568E-1 7.91612E-1 7.73025E-1 5.93011E-1 8.96701E-1 7.08189E-1 5.2063E-1 3.65716E-2 8.54205E-1 6.96035E-1 7.20064E-1 5.04813E-1 4.22645E-1 5.36144E-1 6.79034E-1 9.58342E-1 3.71866E-2 8.80755E-1 8.86468E-1 7.18235E-1 4.54851E-2 8.08495E-1 8.90234E-1 4.4442E-1
4.56088E-1 5.77132E-1 3.73374E-1 8.0607E-2 5.82081E-1 1.96827E-2 4.89423E-1 7.97611E-1 3.13354E-1 7.80742E-1 5.83961E-1 6.94057E-1 3.67655E-1 6.60943E-1 8.51034E-1 3.62915E-1 8.51606E-1 1.69359E-1 7.24889E-1 3.26446E-2 5.18269E-2 7.01241E-1 2.59966E-1 1.65402E-1 7.56681E-1 6.86364E-1 9.35091E-1 5.848E-1 8.24465E-1 8.20007E-1 7.53419E-1 7.13719E-1 6.80657E-1 7.67956E-1 8.45752E-1 8.36479E-1 5.13038E-2 5.4341E-1 6.80521E-1 7.35336E-1 3.49336E-1 1.62307E-1 1.10346E-1 7.68753E-1 4.99567E-1 7.7379E-1 4.18484E-1 8.88584E-1 8.33228E-1 4.08913E-2 5.33852E-1 9.64985E-1 7.23828E-1 9.71486E-1 7.57535E-2 1.98737E-1 8.73512E-1 8.54691E-1
2.91892E-1 3.78082E-2 3.89E-1 6.43175E-1 3.63238E-1 2.56682E-1 4.03411E-2 7.09294E-1 2.0371E-1 6.92425E-2 8.53049E-1 2.30206E-1 3.78495E-1 3.06711E-2 3.68141E-1 6.56232E-1 4.16267E-1 6.64796E-1 8.52575E-1 7.10063E-1 6.66926E-1 8.60123E-1 5.49419E-1 3.279E-2 3.89482E-1 7.96969E-1 6.57612E-1 8.73489E-1 9.16366E-1 8.51365E-1 8.16675E-1 7.30756E-1 7.82991E-1 5.87346E-1 4.19903E-2 8.43359E-1 7.21913E-1 6.42952E-1 7.47109E-1 5.20864E-1 7.28688E-1 4.5663E-2 8.35473E-1 7.68035E-1 9.02494E-1 5.9627E-1 9.27341E-1 8.39091E-1 8.88066E-1 7.63192E-1 8.1937E-1 8.31726E-1 9.40859E-1 7.12795E-1 7.26622E-1 8.06998E-1 6.55321E-1 5.04915E-1
4.80426E-1 7.28485E-1 4.36937E-1 6.89753E-1 7.40729E-1 5.52177E-1 3.0594E-1 5.08798E-1 4.8326E-1 5.68695E-1 7.25217E-1 2.38052E-2 7.02842E-1 5.96884E-1 6.29794E-1 8.21577E-1 3.98132E-1 3.52111E-1 6.96334E-1 6.70109E-1 7.03595E-1 8.1352E-1 8.96714E-1 4.12649E-1 7.24153E-1 9.04332E-1 6.64363E-1 3.30294E-1 7.75977E-1 5.97988E-1 7.65088E-1 9.63972E-2 3.41976E-1 4.30827E-1 5.25405E-1 7.26643E-1 9.46375E-1 8.45927E-1 9.32778E-1 1.41172E-1 8.94897E-1 9.17176E-1 6.13618E-1 9.21591E-1 7.73445E-1 7.04519E-1 7.55901E-1 7.61112E-1 3.50561E-1 6.20496E-1 4.78599E-1 4.75785E-1 8.04221E-1 9.01297E-1 8.73623E-1 8.96735E-1 8.2907E-1 7.12894E-1
4.61569E-1 2.12491E-1 5.38029E-1 3.5422E-1 6.09478E-1 2.49642E-2 2.71307E-1 3.14607E-2 2.60211E-1 7.02809E-1 6.74985E-1 6.46827E-3 8.81661E-1 4.92926E-1 6.81399E-1 7.68257E-1 7.42193E-1 6.76188E-1 5.63137E-1 5.23636E-1 4.90142E-2 8.99277E-1 7.16754E-1 6.0439E-1 1.54649E-2 8.28227E-1 5.24483E-1 8.44811E-1 7.03888E-1 3.28552E-2 3.78346E-1 7.69456E-1 8.39414E-1 7.46446E-2 8.89276E-1 7.00662E-1 7.85554E-1 4.12128E-2 8.51973E-1 7.94573E-1 2.29652E-1 9.32708E-1 5.77974E-1 6.70418E-1 9.23906E-1 9.03364E-1 7.31217E-1 3.57052E-1 5.91214E-2 5.88582E-1 9.11601E-1 8.40861E-1 6.81308E-1 9.32642E-1 9.25102E-1 8.89852E-1 5.99884E-1 5.07288E-1
5.1896E-1 5.92178E-1 4.5504E-1 4.43374E-1 6.18846E-1 1.31987E-1 4.93898E-1 6.1105E-1 7.13698E-1 8.06017E-1 1.24622E-1 9.05277E-1 1.93049E-1 7.71079E-1 4.76694E-1 6.56694E-1 2.34642E-1 7.27078E-1 4.38762E-1 8.41792E-1 5.86647E-1 8.90276E-1 7.08245E-1 8.26295E-1 6.81564E-1 6.39839E-1 7.14772E-1 2.72677E-2 4.32484E-1 2.44171E-2 3.1714E-1 6.80828E-1 6.60781E-1 7.17645E-1 8.31668E-1 8.25054E-1 7.52356E-1 4.51463E-1 9.45223E-1 9.86436E-1 8.82979E-1 5.30883E-1 5.66862E-1 2.47616E-1 5.99437E-1 6.05893E-1 7.43465E-1 6.35653E-1 9.51749E-1 7.41469E-1 7.23301E-1 2.65936E-1 9.48724E-1 3.40566E-2 6.23098E-1 7.05983E-1 6.1738E-1 6.67612E-1
7.11112E-1 3.23458E-1 7.0055E-1 8.37524E-3 5.05032E-1 8.83359E-2 6.32841E-1 4.20169E-1 1.5091E-2 9.21689E-1 8.63261E-1 3.97558E-1 6.25797E-1 8.85066E-1 9.06563E-2 8.71493E-1 7.16845E-1 3.92962E-1 6.51073E-1 7.96087E-1 7.44274E-2 9.24425E-1 8.19732E-1 7.28123E-1 2.592E-2 3.32559E-1 4.61477E-1 2.47217E-2 7.92342E-1 2.48231E-1 5.95035E-1 3.65861E-1 9.12403E-1 5.67843E-1 6.54311E-1 8.64891E-1 3.27703E-2 7.75208E-1 5.03507E-1 5.23381E-1 3.96761E-1 8.74513E-1 3.08638E-1 8.47458E-1 5.77897E-1 9.61307E-1 9.15902E-1 5.69975E-1 8.70657E-1 6.82671E-1 6.98267E-1 4.79792E-1 2.77692E-1 7.69802E-1 6.20408E-1 6.53005E-1 8.95386E-1 9.38512E-1
