outputs/pantheraTigris_stddev.asc
ncols         290
nrows         290
xllcorner     68.0
yllcorner     8.0
cellsize      0.1
NODATA_value  -9999
[rows 260 to 285 of 290, columns 0 to 57 of 290]
1.43196E-2 1.68958E-2 2.16044E-2 5.09782E-2 9.66298E-3 1.15168E-2 1.58977E-1 5.83904E-2 5.19871E-2 5.48168E-2 5.35021E-2 9.3278E-2 1.50594E-2 2.3204E-2 9.1803E-3 3.25192E-2 2.60979E-2 2.53232E-2 2.57568E-2 5.66243E-2 3.96112E-2 3.69262E-2 7.50073E-2 3.34146E-2 8.76899E-3 3.61614E-2 8.58448E-2 6.90277E-2 8.19408E-2 2.1851E-2 1.09023E-1 6.59979E-2 6.81972E-2 1.52922E-2 6.06436E-2 3.2138E-2 4.57649E-2 6.45542E-2 5.92626E-2 5.44273E-2 2.03649E-2 3.2431E-2 5.75783E-2 1.04108E-1 7.3885E-2 1.53478E-2 7.5769E-2 5.46524E-2 4.20613E-2 7.69996E-2 7.43028E-2 3.15463E-2 4.26235E-2 5.63759E-2 2.9098E-2 5.48261E-2 3.73642E-2 6.05503E-2
9.95445E-3 4.99433E-2 5.56339E-2 1.75385E-2 6.35239E-3 5.63716E-2 5.6737E-3 3.57007E-2 1.22807E-3 2.01735E-2 8.13973E-2 6.57195E-2 1.1231E-1 1.50464E-2 1.66261E-2 1.53406E-2 6.63584E-3 1.46458E-2 2.128E-2 1.02153E-2 8.57466E-2 1.15617E-1 6.92726E-2 6.37276E-2 4.77719E-2 4.07928E-2 6.30977E-2 4.9444E-2 7.42898E-2 1.60643E-2 2.12469E-2 4.77851E-2 3.35816E-2 1.28885E-1 4.3524E-2 6.24818E-2 1.08935E-1 3.71966E-2 6.06711E-2 1.26049E-1 5.56587E-2 1.16141E-1 6.13689E-2 1.10997E-1 4.96396E-3 3.80134E-2 1.01096E-1 7.08811E-2 3.31844E-2 3.28433E-2 7.65767E-2 4.56208E-2 3.24045E-2 6.02837E-2 6.37463E-2 4.5116E-2 5.11672E-2 3.15643E-2
2.08596E-2 4.6199E-4 1.64071E-2 7.92556E-2 4.30102E-3 1.48828E-2 1.64494E-2 1.34099E-2 3.71625E-2 2.98259E-2 1.0895E-2 2.14751E-2 3.07202E-2 1.0143E-2 4.86375E-3 1.5059E-2 1.27003E-2 1.30004E-2 2.99994E-2 2.59225E-2 1.17383E-1 1.13681E-1 3.39086E-2 3.81743E-2 5.53305E-2 5.07219E-2 3.28716E-2 5.88747E-2 7.46757E-2 5.44004E-2 5.43622E-2 3.14721E-2 8.95457E-2 8.27859E-2 4.8917E-2 1.0606E-1 1.55642E-1 5.85184E-2 2.44312E-2 5.50076E-2 2.55488E-2 9.47699E-2 6.00629E-2 7.669E-2 4.8477E-2 1.09007E-1 5.94779E-2 4.4858E-2 6.41955E-2 5.27396E-2 1.13943E-2 5.82472E-2 5.53481E-2 5.42958E-2 1.31712E-1 6.57721E-2 7.83777E-2 3.41697E-2
5.1403E-2 1.32169E-2 4.97224E-3 2.08845E-2 1.60761E-2 3.41608E-2 3.17392E-2 9.82139E-3 5.71106E-3 4.67974E-2 1.70016E-2 2.528E-2 1.00201E-1 2.00324E-2 1.78424E-2 1.5895E-2 4.9545E-3 1.07454E-1 2.65701E-2 5.50061E-2 4.99775E-2 5.50101E-2 4.77651E-2 3.48113E-2 4.11219E-2 8.70333E-2 5.26621E-2 5.17283E-2 6.52915E-2 6.20641E-2 7.66809E-2 8.34617E-2 3.64099E-2 4.30064E-2 7.1674E-2 2.28503E-3 1.14901E-1 4.66277E-2 3.17439E-2 6.68462E-2 5.61891E-2 1.13017E-1 1.14858E-1 4.39691E-2 4.10159E-2 6.83237E-2 1.49664E-2 5.82588E-2 6.53007E-2 2.55031E-2 3.04141E-2 2.70635E-2 2.76222E-2 6.64527E-2 4.46356E-2 3.51076E-2 4.62286E-2 4.68639E-2
1.76603E-2 1.12006E-1 7.62782E-2 7.3671E-2 1.37246E-2 2.0748E-2 1.82529E-2 1.37683E-2 5.85214E-2 7.70721E-3 7.38508E-2 7.81676E-2 7.80152E-2 9.23836E-2 1.74144E-2 1.38094E-2 5.4596E-3 1.493E-2 3.85521E-2 6.35957E-2 6.11156E-2 9.90368E-2 4.1365E-2 4.53283E-2 6.62787E-2 9.0172E-2 6.73474E-2 1.16451E-1 1.10862E-1 4.2093E-2 3.62928E-2 5.05546E-2 5.21174E-2 2.01563E-2 4.29784E-2 4.70864E-2 3.76252E-2 5.40168E-2 2.41902E-2 4.48622E-2 1.03814E-1 1.36135E-1 6.75499E-2 3.44971E-2 2.69352E-2 4.82263E-2 1.89204E-2 6.20975E-2 2.92493E-2 2.62919E-2 2.97252E-2 1.01276E-1 3.22775E-2 4.44893E-2 6.36322E-2 4.96641E-2 4.35255E-2 6.45185E-2
1.5698E-2 1.94802E-2 3.10508E-2 1.22366E-2 1.04865E-2 5.59168E-2 1.84601E-2 1.97595E-2 9.64763E-3 6.98221E-2 8.71707E-2 6.3171E-2 6.5689E-2 4.98808E-2 5.78763E-2 2.67186E-3 2.27965E-2 1.01773E-1 3.71706E-2 2.52046E-2 2.60503E-2 8.18413E-2 9.14678E-2 3.55709E-2 2.72909E-2 6.81081E-2 7.25044E-2 4.9627E-2 5.7187E-2 3.01742E-2 1.09103E-1 6.82979E-2 4.10683E-2 1.08171E-1 7.23867E-2 3.97427E-2 7.46566E-2 4.32375E-2 2.74887E-2 5.58661E-2 4.46082E-2 4.6612E-2 4.54175E-2 2.31174E-2 4.94523E-2 3.84692E-2 4.36791E-2 1.99478E-2 1.25147E-2 1.07189E-2 3.77329E-2 2.89769E-2 4.5805E-2 9.34678E-2 2.81245E-2 5.19179E-2 3.42264E-2 4.04091E-2
5.58916E-2 2.09373E-2 1.36877E-2 1.675E-2 1.18408E-2 1.57371E-2 1.61187E-2 1.12836E-2 1.04766E-2 1.30815E-2 1.15182E-1 3.3806E-2 1.01165E-1 3.70427E-2 2.51342E-2 2.64365E-2 9.98226E-3 1.14367E-1 4.13229E-2 1.83491E-2 1.42973E-2 6.37713E-2 6.53986E-2 9.66477E-2 2.81503E-2 5.58798E-2 5.10484E-2 5.6049E-2 6.39141E-2 6.85925E-2 1.31147E-2 4.98244E-2 7.8951E-2 3.76593E-2 3.36366E-2 3.49406E-2 1.91333E-2 8.6295E-2 4.23278E-2 1.93527E-2 6.3788E-2 1.18076E-1 4.82672E-2 4.95812E-2 3.06155E-2 2.93853E-2 2.59123E-2 2.33936E-2 1.94931E-2 2.46502E-2 2.08622E-2 1.33478E-1 2.56316E-2 6.31118E-2 8.30691E-2 2.60053E-2 7.32546E-2 1.43505E-1
5.95677E-2 4.49946E-2 6.29832E-2 3.16263E-2 1.54147E-2 1.47759E-2 1.14661E-2 2.36156E-2 6.1389E-3 5.95365E-2 9.78532E-2 4.98735E-2 9.2773E-2 2.16058E-2 2.99403E-2 1.43716E-2 4.21462E-2 5.50675E-2 1.67547E-2 4.44959E-2 2.33721E-2 3.50171E-2 5.2596E-2 4.60239E-2 6.75764E-2 9.35888E-2 5.6981E-2 4.25044E-2 6.1384E-2 5.03948E-2 5.94957E-2 3.95587E-2 5.6689E-2 7.87251E-2 1.59718E-2 2.96343E-2 9.51016E-2 4.84012E-2 7.06148E-2 3.92047E-2 2.61739E-2 5.00983E-2 3.16496E-2 6.42882E-2 4.1056E-2 7.98071E-2 1.65678E-2 2.80705E-2 2.35902E-2 2.69916E-2 4.09763E-2 1.10205E-1 1.11405E-1 1.00165E-1 1.33812E-1 6.82473E-2 4.04667E-2 1.30756E-1
9.3607E-3 3.14709E-3 2.89492E-3 6.50602E-3 6.92459E-2 1.55666E-2 1.14852E-2 5.99538E-3 1.32309E-2 1.18375E-2 4.362E-2 1.16955E-2 1.703E-2 4.37047E-2 1.71149E-2 2.40773E-2 8.28654E-2 7.42379E-2 6.86686E-2 5.7501E-2 5.24978E-2 8.45742E-2 5.16385E-2 5.53876E-2 8.3743E-2 2.42035E-2 7.96385E-2 9.34437E-2 7.876E-2 5.20506E-2 2.59733E-2 4.58374E-2 4.09763E-2 3.37031E-2 7.07381E-2 4.75371E-2 7.17204E-2 4.94202E-2 6.68827E-2 3.57623E-2 2.30199E-2 3.29135E-2 1.16527E-2 2.76975E-2 3.54076E-2 1.05351E-1 3.10791E-2 3.63352E-2 8.39235E-2 4.89616E-2 5.53866E-3 5.09017E-2 1.20894E-1 3.17651E-2 1.3262E-1 3.73228E-2 2.88982E-2 1.98306E-2
5.70843E-3 5.80788E-3 2.96395E-2 3.38742E-2 2.65938E-2 7.75064E-3 1.7892E-2 1.08213E-2 5.62997E-3 1.46594E-2 3.21572E-2 1.12318E-1 3.10349E-2 1.45894E-1 6.24181E-3 9.28174E-2 5.18196E-2 5.1049E-2 9.80828E-2 3.38087E-3 6.90802E-2 3.60418E-2 8.39854E-2 1.40637E-1 9.51207E-2 1.07323E-1 9.74134E-2 6.39871E-2 5.43605E-2 9.27088E-2 2.31224E-2 2.67008E-2 5.33506E-2 9.71944E-2 9.30678E-2 4.74937E-2 6.48811E-2 4.31448E-2 2.45737E-2 4.08014E-2 2.46886E-2 3.67349E-2 3.85397E-2 3.79798E-2 3.15516E-2 6.02052E-2 1.14597E-1 2.82658E-2 1.68579E-2 7.07012E-2 2.87914E-2 7.70996E-2 3.40198E-2 3.19691E-2 1.04238E-1 3.87756E-2 5.76155E-2 6.87355E-2
3.79568E-2 1.3212E-3 7.47329E-3 4.2441E-3 3.84285E-3 1.4238E-2 1.64489E-2 5.69718E-3 1.40041E-2 4.89637E-2 3.05013E-2 7.46437E-2 7.14919E-2 5.91796E-2 1.02889E-1 3.30996E-2 4.5297E-2 6.00509E-2 8.24923E-3 1.65787E-2 2.97747E-2 1.91175E-2 4.70591E-2 3.53065E-2 3.7679E-2 3.51643E-2 2.89815E-2 2.70388E-2 6.34538E-2 8.16662E-2 7.32655E-2 8.23825E-2 1.3528E-2 6.74698E-2 4.91084E-2 8.521E-2 6.49726E-2 3.12079E-2 6.54716E-2 5.66476E-2 8.92752E-2 4.90386E-2 8.89619E-2 9.02803E-2 4.61922E-2 5.2862E-2 1.16287E-1 6.65164E-2 1.07214E-2 5.98467E-2 4.74808E-2 4.3797E-2 1.19575E-1 5.35385E-2 7.57663E-2 7.42701E-2 2.53691E-2 1.01035E-1
8.95035E-3 9.35546E-3 1.44493E-2 1.41746E-2 1.69217E-2 9.32596E-3 8.29896E-3 5.523E-3 1.35297E-2 4.65989E-2 3.53365E-2 3.6345E-2 2.05811E-2 2.42012E-2 6.54354E-2 9.06384E-2 4.25184E-2 5.2974E-2 3.01433E-2 1.7015E-2 5.32892E-3 7.52425E-2 6.42524E-2 2.26257E-2 1.93406E-2 1.45691E-2 7.17655E-2 2.03471E-2 1.44625E-2 1.3581E-1 3.20497E-2 5.87515E-2 2.69406E-2 4.93476E-2 1.10609E-1 6.25628E-2 2.81066E-2 2.17181E-2 6.87439E-2 2.74448E-2 9.96475E-2 5.1652E-2 4.38619E-2 9.61006E-2 1.7426E-2 5.01033E-2 4.48287E-2 1.89606E-2 1.11E-1 7.76018E-2 4.07788E-2 8.89335E-2 4.46182E-2 4.78792E-2 4.84417E-2 1.72421E-2 1.49331E-2 1.35823E-2
1.64165E-2 1.96579E-2 2.34985E-2 1.21257E-2 6.34752E-3 7.0761E-2 2.86514E-3 6.5332E-2 7.70741E-2 6.3363E-3 1.54687E-2 6.37797E-2 9.48367E-3 7.31597E-2 3.5889E-2 3.366E-3 3.74482E-2 1.99786E-2 7.66502E-3 1.13007E-2 1.42882E-2 1.54686E-2 8.76318E-3 2.25008E-2 1.3039E-2 1.85515E-2 2.8448E-2 1.26988E-1 9.22809E-2 2.09809E-2 1.14886E-1 8.75462E-2 8.30864E-2 5.86612E-2 6.75578E-2 8.70133E-2 3.19885E-2 6.02615E-2 8.63952E-2 1.85021E-2 6.07769E-2 1.24955E-1 1.13144E-1 1.22717E-1 1.20065E-1 7.15411E-2 4.76433E-2 1.74847E-1 3.27083E-2 8.09618E-2 8.77668E-2 3.29548E-2 6.40405E-2 7.62534E-2 9.31372E-2 2.90209E-2 8.41461E-3 2.88037E-2
1.88299E-2 4.06966E-2 3.44627E-2 2.97791E-2 4.43706E-2 7.57613E-3 1.76301E-2 4.97525E-3 1.29531E-2 3.16978E-3 9.60299E-4 9.7469E-2 7.62326E-3 6.36476E-3 5.50583E-2 2.94746E-2 4.73251E-3 8.17984E-3 9.6659E-3 9.73364E-2 1.66371E-2 9.14732E-3 1.60158E-2 1.83568E-2 5.94192E-2 1.31723E-2 1.16831E-2 5.2066E-2 6.20582E-2 2.42682E-2 1.09311E-1 1.19567E-1 9.96186E-2 3.17506E-2 6.49483E-2 7.9819E-2 7.26807E-2 3.08307E-2 9.09078E-2 1.30896E-1 4.4085E-2 1.1981E-1 1.61266E-1 4.16384E-2 1.14552E-1 8.25758E-2 1.12588E-1 8.01842E-2 2.042E-1 6.86904E-2 1.43387E-1 5.76329E-2 7.42753E-2 5.32831E-2 1.21465E-1 8.87037E-2 7.48722E-2 1.07947E-1
2.02066E-2 2.29213E-2 4.03102E-2 2.1992E-2 1.53443E-2 1.4036E-2 9.56396E-3 1.85429E-2 1.85313E-2 9.89737E-3 3.08567E-3 1.85108E-2 3.94484E-2 6.88506E-3 5.13989E-2 4.21887E-2 1.45761E-2 1.83725E-2 8.46988E-3 2.55879E-2 4.10291E-3 3.78828E-2 1.27345E-2 1.2973E-2 7.50378E-3 7.08209E-2 4.48747E-3 9.14849E-2 7.44111E-2 1.96018E-2 3.09597E-2 5.19276E-2 6.12541E-3 2.2135E-2 4.57161E-2 5.87905E-2 3.14888E-2 6.00089E-2 8.4025E-2 1.19308E-1 3.48269E-2 1.17571E-1 3.54474E-2 5.17816E-2 1.25247E-2 6.35418E-2 1.52597E-1 8.77397E-3 4.63242E-2 1.94277E-1 1.26985E-1 4.13327E-2 4.0534E-2 1.3852E-2 1.51865E-2 1.07593E-2 1.41661E-2 8.45065E-2
2.04408E-2 4.59547E-3 1.35341E-2 1.41368E-2 1.49618E-2 1.54871E-2 2.06704E-2 4.52496E-3 1.13888E-2 1.16337E-2 1.84038E-2 2.61583E-3 2.98474E-3 1.66143E-2 2.51598E-3 2.16211E-2 3.211E-2 4.63988E-2 8.1723E-3 3.34561E-2 4.604E-2 8.80915E-3 2.91501E-2 3.61966E-2 1.20177E-1 1.98777E-2 3.81499E-3 1.36442E-2 6.29536E-3 6.60352E-2 9.2342E-2 8.48792E-2 8.42314E-2 1.30666E-1 8.03564E-2 7.49382E-2 6.84802E-2 4.86662E-2 9.06208E-3 3.05123E-2 1.1521E-1 4.78386E-2 1.08527E-1 9.79674E-2 3.66817E-2 1.53283E-1 8.3336E-2 7.81564E-2 1.07098E-1 5.86482E-2 8.51454E-2 5.41953E-2 5.80955E-2 6.16765E-2 5.18113E-2 3.08016E-2 2.21974E-2 1.89885E-2
3.90119E-2 1.94649E-2 6.09176E-3 1.68232E-3 1.98803E-3 9.69958E-3 1.03628E-2 3.76311E-2 1.30836E-2 3.40267E-2 7.10101E-2 1.92153E-2 4.7329E-2 4.39599E-2 1.03653E-2 1.65138E-2 6.77752E-3 1.00716E-2 5.0458E-3 7.77128E-3 3.44532E-2 5.12079E-2 5.58643E-2 6.34804E-2 2.07565E-2 1.00559E-2 6.36028E-3 5.27809E-2 4.84935E-2 1.02176E-2 4.87422E-2 4.70395E-2 1.00817E-1 3.27086E-2 4.34121E-2 1.08251E-2 2.16653E-2 1.8308E-2 4.8517E-2 1.03759E-1 5.94903E-2 1.88095E-2 6.06543E-2 1.30602E-2 1.11131E-1 7.4279E-2 6.93022E-2 1.40145E-1 5.45054E-2 8.78543E-2 2.75798E-2 2.72342E-2 3.4499E-2 2.72841E-2 1.00904E-1 1.0761E-1 8.67248E-3 9.48904E-3
4.21366E-3 9.65648E-3 1.52563E-2 2.30446E-2 5.8026E-2 2.60096E-2 7.07359E-2 1.82586E-2 6.65659E-2 7.02665E-2 5.77203E-2 1.86176E-2 1.83876E-2 6.25125E-2 4.30393E-2 1.99729E-2 4.1078E-3 4.85964E-3 5.45574E-2 7.50069E-2 7.32604E-2 7.48948E-2 2.41125E-3 5.05855E-3 1.28161E-2 4.31799E-2 9.71142E-2 3.84732E-2 9.3109E-2 7.81092E-3 2.30735E-2 1.28624E-1 1.30255E-1 1.3013E-1 1.34731E-1 1.85182E-1 1.37705E-1 4.76798E-2 5.37097E-2 6.60509E-2 6.39633E-3 6.41124E-2 7.42668E-2 1.31586E-2 7.6496E-2 8.77701E-2 2.43265E-2 4.1063E-2 1.11843E-2 6.89644E-2 6.06678E-2 1.09256E-1 1.48125E-2 1.44943E-2 6.87573E-2 3.36531E-2 7.41475E-2 1.11836E-2
7.0469E-3 1.32852E-2 2.47516E-2 2.69767E-2 1.16393E-2 3.85138E-2 8.5991E-2 3.4147E-2 4.58941E-2 3.89022E-2 3.80669E-2 1.09108E-2 1.1887E-2 7.90344E-3 6.99064E-2 1.2759E-2 1.64639E-3 2.06319E-2 5.1615E-2 1.34377E-2 1.90578E-2 2.71486E-2 9.01469E-3 2.22537E-3 1.50495E-2 8.56719E-3 1.92432E-2 7.54844E-2 1.36157E-1 1.5513E-2 1.1116E-1 9.31191E-2 1.04929E-1 4.79675E-2 1.6429E-2 1.82244E-1 6.62513E-2 1.24921E-1 4.79234E-2 1.70102E-2 1.4913E-2 3.51663E-2 1.90658E-1 8.78451E-3 1.98605E-2 9.04507E-2 1.08628E-1 6.17656E-2 6.35339E-2 8.17277E-2 1.00582E-2 1.11143E-2 1.18034E-2 5.00985E-2 3.19772E-2 2.52942E-2 1.22323E-1 1.12422E-1
3.18247E-2 7.20763E-2 8.57116E-3 4.05554E-2 3.49026E-2 6.51072E-2 8.43071E-2 8.95562E-2 1.71479E-2 6.14089E-2 7.31488E-2 1.18558E-1 9.13806E-3 6.85007E-3 2.46184E-2 1.41977E-2 6.1225E-2 1.07019E-2 2.04688E-2 5.93161E-2 7.42824E-2 2.51601E-2 7.39044E-3 1.09427E-1 3.09572E-3 3.39071E-3 9.89083E-2 1.65525E-1 1.56896E-2 1.56898E-2 1.10352E-1 9.12487E-2 9.42417E-2 6.87262E-2 2.50086E-3 1.76365E-2 9.29647E-2 8.13717E-3 6.59087E-2 1.23487E-2 1.38055E-2 8.76031E-2 6.33686E-2 7.40182E-2 7.27655E-2 3.04085E-2 1.00458E-1 1.0724E-2 6.53557E-3 2.46904E-2 8.93113E-2 1.03863E-2 7.41587E-2 5.65194E-2 3.33624E-2 4.53786E-2 3.11176E-2 2.30873E-2
8.63634E-2 2.56096E-2 1.04005E-2 3.33567E-2 5.17452E-2 4.5911E-2 6.97844E-2 3.41912E-2 5.27625E-2 5.48438E-2 7.94318E-2 9.95043E-2 2.36536E-2 8.82116E-3 1.90838E-2 3.45099E-2 8.2063E-2 4.37982E-2 1.89752E-2 8.22089E-2 3.81061E-2 5.51375E-2 6.95293E-2 6.94812E-2 8.46796E-3 8.13307E-3 1.85491E-2 6.44812E-3 6.4682E-2 2.0069E-2 8.51011E-3 1.04171E-1 3.23667E-2 7.35067E-2 9.17002E-3 3.18073E-2 8.64249E-2 1.08303E-1 9.71469E-4 6.03843E-2 8.36054E-3 3.06902E-2 5.74252E-2 8.06506E-2 1.2017E-1 1.87546E-2 6.44333E-2 5.36038E-2 6.5191E-2 8.9377E-3 6.88396E-2 2.82566E-2 7.06264E-3 1.27948E-2 5.94593E-2 5.52055E-2 7.99179E-2 8.00971E-3
5.60083E-2 1.34653E-2 1.12495E-2 2.63203E-2 5.51349E-2 7.61923E-2 7.39805E-2 4.82263E-2 9.16284E-2 4.53812E-2 5.55246E-2 6.8688E-2 2.95977E-2 1.53127E-2 1.34065E-2 1.94602E-2 3.35047E-2 8.41814E-2 3.05266E-2 7.28048E-2 2.70078E-2 3.00625E-2 4.26064E-2 1.19057E-2 1.19391E-1 1.16352E-1 7.82175E-2 1.12068E-2 1.02024E-2 1.33063E-2 1.26356E-1 9.96696E-3 1.70928E-2 1.40562E-2 4.02197E-2 6.57815E-2 1.89508E-2 2.18243E-2 6.55293E-2 3.37864E-2 7.80285E-2 1.29917E-2 9.66194E-2 2.21707E-1 4.67512E-2 1.63109E-1 1.08982E-1 5.71818E-2 5.87399E-2 7.48981E-3 1.47804E-2 3.25819E-2 5.30184E-2 5.83866E-2 6.73762E-2 6.17503E-2 6.84266E-2 1.29436E-2
3.72404E-2 2.04769E-2 1.13129E-1 3.98585E-2 5.9762E-2 3.44556E-2 6.74499E-2 1.11907E-1 6.62578E-2 1.84667E-2 9.14844E-2 6.94757E-2 1.72515E-2 9.08038E-2 8.22088E-3 7.66335E-3 1.27634E-2 9.64753E-3 2.25433E-2 5.34787E-3 1.05108E-2 1.89128E-2 7.26561E-2 1.01523E-2 7.76367E-2 1.38455E-1 6.71489E-2 1.13707E-1 7.70563E-2 1.07535E-1 6.24968E-2 1.00206E-2 1.53337E-2 3.89023E-3 2.9142E-2 5.81079E-3 4.17682E-2 1.81323E-2 1.42836E-1 3.96397E-2 2.91907E-2 1.8713E-2 8.97558E-3 2.2115E-2 5.1716E-2 4.56629E-2 4.79223E-2 2.09026E-1 1.11366E-1 5.83405E-2 2.09019E-2 5.5566E-2 1.33809E-2 1.68009E-2 4.57266E-2 2.83751E-2 7.12344E-3 6.62086E-2
9.02845E-2 4.90822E-2 7.23231E-2 6.87774E-2 9.28349E-2 8.92895E-2 9.51941E-2 4.78001E-2 6.68362E-2 2.19701E-2 4.65172E-2 7.27552E-2 7.27328E-2 9.34534E-2 3.76781E-2 3.28092E-2 1.09566E-2 1.94317E-2 3.40085E-2 1.12594E-3 2.43444E-2 6.91817E-3 4.22085E-2 8.05311E-2 8.61612E-3 9.36149E-2 1.73652E-1 4.64282E-2 4.67371E-3 5.65672E-2 1.7847E-2 9.70418E-2 1.2941E-1 1.78366E-2 5.19516E-2 3.20657E-2 8.94713E-2 2.45928E-2 8.90789E-2 7.01911E-2 9.8162E-2 4.90925E-2 5.33249E-2 6.53934E-2 6.35741E-3 5.85322E-3 9.72012E-3 1.26225E-2 8.19077E-2 6.32734E-2 4.16087E-2 7.98368E-2 7.14244E-2 9.12677E-3 3.48795E-2 4.08624E-2 4.13883E-2 8.26797E-3
1.1141E-1 1.03017E-1 9.2049E-2 1.86232E-1 6.40849E-2 6.5937E-2 9.68869E-2 5.73928E-2 4.4278E-2 9.80828E-2 7.54336E-2 1.06815E-1 4.20947E-2 6.37909E-2 6.09751E-2 5.52046E-2 1.24134E-2 4.88909E-3 1.2926E-2 9.4426E-3 9.07211E-3 4.49392E-2 2.28145E-2 1.03102E-1 1.1596E-1 7.78036E-2 1.01407E-2 3.46485E-2 7.60407E-2 3.48616E-2 1.51152E-2 1.91931E-2 1.94698E-2 3.4696E-3 1.13167E-1 6.4811E-2 3.66884E-2 2.88348E-2 9.63667E-2 1.15454E-1 5.66033E-2 1.77421E-2 5.76439E-2 1.3313E-1 6.75447E-2 1.83544E-1 1.10359E-1 6.39284E-2 8.35387E-2 1.98795E-2 4.07371E-3 5.78098E-2 5.57312E-2 1.40686E-1 5.82075E-2 5.51775E-3 6.19538E-2 1.58767E-2
9.10756E-2 6.55883E-2 5.66236E-2 5.45023E-2 7.8667E-2 4.53381E-3 3.50688E-2 1.21602E-1 4.78446E-2 7.00227E-2 7.99752E-2 4.42002E-2 9.29165E-2 3.91522E-2 3.48084E-2 7.10707E-2 1.20504E-2 8.8896E-3 1.34036E-2 1.51261E-2 1.48624E-2 6.14391E-3 5.8481E-2 2.23928E-2 1.93679E-2 7.75625E-2 4.50734E-2 5.42577E-2 5.88534E-2 6.2666E-3 3.87132E-3 7.75534E-2 2.8027E-2 1.91732E-2 6.52851E-3 6.6826E-2 9.50802E-2 1.21393E-1 2.03503E-1 3.1211E-2 4.65873E-2 1.44983E-2 2.28418E-2 6.84811E-2 1.20499E-1 1.81175E-1 1.35032E-2 9.80641E-2 5.82535E-2 1.29658E-1 7.84259E-3 8.82689E-2 1.64449E-2 9.18748E-2 5.24172E-3 6.52465E-2 1.19665E-2 4.84669E-2
