outputs/pantheraTigris_max.asc
ncols         290
nrows         290
xllcorner     68.0
yllcorner     8.0
cellsize      0.1
NODATA_value  -9999
[rows 260 to 285 of 290, columns 58 to 115 of 290]
6.34208E-1 4.53799E-1 5.74966E-1 9.52564E-1 5.95944E-1 3.77344E-1 2.10974E-1 2.47003E-1 1.70996E-1 5.50729E-1 5.34997E-1 8.10941E-1 3.69996E-1 5.12687E-1 3.50861E-1 3.62757E-1 7.83379E-1 5.76365E-1 3.46147E-1 4.32528E-1 5.59732E-1 8.93427E-1 7.46785E-1 7.46968E-1 2.21904E-1 7.83062E-1 6.73821E-1 1.36426E-1 5.07196E-1 7.91756E-1 5.53118E-1 7.55889E-2 1.01594E-1 7.27884E-1 9.62089E-2 4.94694E-2 4.25192E-1 5.03626E-2 4.55926E-2 1.80498E-1 1.09991E-1 4.14341E-2 4.97043E-1 2.5406E-1 4.55124E-2 6.97602E-2 7.10671E-2 1.81387E-1 6.85605E-2 5.67315E-1 8.4174E-1 8.3816E-1 2.08931E-1 1.4506E-1 2.46862E-1 6.7495E-1 4.97456E-2 1.78098E-2
5.30637E-1 4.66042E-1 7.83653E-2 1.3186E-1 1.43802E-1 4.61133E-1 4.14792E-1 3.2352E-1 1.52913E-1 1.7014E-1 4.08198E-1 4.25498E-1 3.02823E-1 7.62984E-1 6.10693E-1 9.98972E-1 8.24204E-1 8.53196E-1 7.62702E-1 4.85368E-1 1.68626E-1 3.91831E-1 8.93679E-1 6.14515E-1 9.65967E-1 7.99471E-1 4.13762E-1 1.30252E-1 6.75072E-1 2.9893E-1 1.57096E-1 3.62321E-2 7.41497E-1 1.09144E-1 1.19053E-1 1.12992E-1 5.35894E-1 9.10857E-2 4.96098E-1 9.50801E-1 6.19549E-1 5.15346E-2 7.05505E-1 6.4523E-2 9.431E-2 7.69192E-1 8.35745E-2 5.79323E-1 9.27142E-1 3.92728E-1 7.50756E-2 2.46891E-1 9.48733E-1 2.25162E-2 8.43488E-3 2.40998E-2 9.28776E-2 5.96363E-1
5.22292E-2 2.38997E-1 3.38157E-2 9.66635E-2 2.67968E-1 1.05804E-1 6.50862E-1 3.93648E-1 9.86655E-2 3.07556E-1 1.44836E-1 2.60112E-1 3.5658E-1 7.23972E-1 2.93473E-1 1.8782E-1 8.34931E-1 8.41183E-1 1.58972E-1 7.41245E-1 1.13386E-1 9.97764E-1 2.38169E-1 4.37335E-1 1.51596E-1 1.0176E-1 4.97515E-1 7.46305E-1 2.62805E-1 9.67807E-2 1.22363E-1 6.79258E-2 3.64762E-1 3.39983E-2 9.73103E-2 6.02617E-2 8.56505E-2 2.92391E-1 9.34912E-2 6.34319E-1 6.98891E-2 7.92762E-2 1.23183E-1 7.86073E-1 6.83083E-2 6.72931E-1 1.14335E-1 5.99464E-1 7.97069E-1 2.37163E-2 7.62076E-1 6.02103E-1 1.18524E-1 8.92251E-1 7.40785E-1 1.96955E-2 6.5779E-1 2.50078E-2
6.52392E-1 9.4189E-1 8.34361E-2 3.9751E-1 1.82336E-1 4.28107E-1 1.63649E-1 5.72006E-1 4.32978E-1 2.59177E-1 3.76939E-2 6.03687E-1 7.79242E-1 7.98514E-1 1.77906E-1 5.33808E-1 5.62885E-1 8.401E-1 1.18024E-1 9.96953E-1 3.92588E-1 3.26036E-1 6.94567E-1 2.48645E-1 6.04682E-1 7.17611E-1 8.66014E-1 5.01253E-1 4.39172E-1 5.04478E-1 1.19936E-1 9.21541E-2 3.03048E-1 8.63616E-2 5.9943E-1 7.12457E-1 3.81141E-2 4.5846E-1 9.42217E-2 5.80677E-2 6.82522E-1 3.91719E-2 6.70043E-1 9.65173E-1 9.62816E-1 4.96363E-2 8.04604E-2 7.90503E-1 5.31747E-2 1.19947E-1 9.33076E-1 7.87295E-1 1.08802E-2 7.31303E-1 6.52283E-1 1.46432E-2 2.8511E-1 1.31554E-1
4.18841E-1 8.40334E-1 6.36397E-2 6.04596E-1 3.70964E-1 2.91794E-1 3.94443E-1 3.49014E-1 4.6308E-1 5.57336E-1 1.23406E-1 1.97589E-1 9.99161E-1 5.4216E-1 6.5604E-1 7.7125E-1 7.74231E-1 3.34103E-1 1.2356E-1 7.30582E-1 9.99997E-1 5.98895E-1 1.82081E-1 8.51557E-1 1.41384E-1 7.44673E-2 2.15686E-1 9.20826E-2 3.05989E-1 8.34846E-2 8.8873E-2 9.57997E-1 8.88308E-2 6.38829E-1 6.00711E-1 8.05988E-1 3.84014E-2 4.65548E-2 2.3924E-1 7.21704E-2 6.8056E-2 6.33987E-1 5.9019E-1 9.62484E-1 8.70146E-2 8.01224E-1 9.11711E-2 9.46037E-1 6.78119E-2 1.65681E-1 5.37693E-2 3.13499E-2 9.81055E-3 2.86942E-1 2.92273E-2 4.53536E-2 1.28703E-2 1.94117E-1
4.72428E-1 1.07486E-1 5.40758E-1 8.50785E-2 5.74354E-1 3.53694E-1 2.7679E-1 3.76074E-1 2.14897E-1 2.17149E-1 7.25615E-1 3.7837E-1 2.00718E-1 7.10612E-1 7.24676E-1 6.77118E-1 1.44547E-1 1.17217E-1 1.72223E-1 2.09851E-1 6.7505E-1 1.94172E-1 1.90719E-1 1.24519E-1 3.97472E-1 7.12951E-1 9.50742E-2 3.40495E-1 9.01709E-1 1.23051E-1 4.88536E-1 8.51829E-2 6.61244E-1 8.63508E-1 1.15382E-1 5.78758E-1 3.56284E-1 6.65103E-2 1.47055E-1 9.37012E-1 7.81739E-1 7.37192E-2 9.78962E-1 9.55286E-1 7.48642E-2 8.33134E-1 7.63649E-2 7.49456E-2 6.08944E-1 2.2743E-2 1.33376E-1 5.85208E-3 2.01089E-2 6.27568E-1 3.82592E-3 9.69512E-2 1.00995E-3 3.12085E-2
5.68941E-1 6.21953E-1 1.03165E-1 6.53549E-1 6.01358E-1 3.8933E-1 5.16021E-1 3.29911E-1 1.19714E-1 7.11605E-1 8.08133E-1 3.85758E-1 8.40079E-1 7.29977E-1 7.41835E-1 9.58693E-1 9.89467E-1 3.69806E-1 4.48861E-1 3.55042E-1 6.27777E-1 8.96498E-2 1.64949E-1 1.58403E-1 4.22895E-1 1.08908E-1 3.71708E-1 3.14423E-2 3.25217E-2 6.01373E-1 1.90842E-1 9.16653E-1 9.50596E-1 7.99274E-1 1.51987E-1 9.3005E-1 4.49184E-1 1.04798E-1 1.75145E-1 4.9445E-1 9.29124E-1 9.95445E-1 9.76845E-1 1.74472E-1 2.94143E-1 6.71991E-2 9.65478E-1 8.95857E-1 2.18625E-2 5.22886E-1 2.52934E-2 2.99387E-3 1.95661E-3 3.15954E-1 3.86113E-4 3.45209E-2 1.25935E-2 4.48206E-4
5.98921E-1 1.8435E-1 3.90715E-2 5.28405E-1 1.62993E-1 7.42231E-1 3.24126E-2 2.98869E-1 7.83498E-1 6.0141E-1 9.93614E-1 6.81059E-1 3.65604E-1 2.74508E-1 9.98011E-1 5.62599E-1 2.84902E-1 5.6053E-1 3.62757E-1 3.74554E-1 3.3308E-1 3.24891E-1 7.54541E-2 8.09887E-2 8.52322E-1 1.1088E-1 2.86512E-1 1.08269E-1 5.27019E-1 3.90578E-1 1.2129E-1 4.77356E-2 7.8419E-1 9.87687E-1 5.80204E-2 9.86367E-1 2.29048E-1 1.25145E-1 9.7253E-1 8.32671E-1 1.78037E-1 4.92647E-1 6.38695E-1 9.83844E-1 7.57643E-1 7.86159E-1 1.04155E-1 1.97656E-1 5.60756E-2 4.78955E-1 4.29962E-2 3.48792E-1 4.4992E-4 2.36372E-3 2.78718E-4 3.54065E-4 9.43002E-3 4.31505E-2
1.03791E-1 4.65317E-1 7.35362E-1 2.1951E-1 6.44529E-1 6.4925E-1 1.47564E-1 3.71979E-1 9.99954E-1 3.43029E-1 3.9406E-1 7.72768E-1 7.86697E-1 9.15739E-1 9.16442E-1 7.54743E-1 3.87146E-1 4.05925E-1 6.16232E-1 5.68203E-1 1.02794E-1 5.95555E-1 2.20025E-1 9.58483E-2 3.10373E-1 9.40198E-2 9.90177E-1 5.12622E-1 5.05213E-1 1.09651E-1 7.72914E-1 9.13159E-1 6.51641E-1 9.95826E-1 1.34584E-1 9.15931E-1 7.08431E-2 7.9007E-1 9.81614E-1 8.20173E-1 9.96334E-1 9.89624E-1 9.30824E-1 8.89065E-1 9.1825E-1 9.44057E-1 7.20169E-1 9.29464E-1 6.75576E-1 6.12568E-1 3.1811E-1 3.69047E-2 2.30641E-1 7.10167E-4 9.11375E-3 2.09366E-4 1.24432E-3 5.49062E-5
1E0 1E0 1.60914E-1 3.56295E-1 3.68985E-1 6.77099E-1 7.82522E-1 5.46398E-1 1.70363E-1 2.33105E-1 1.96689E-1 7.3723E-1 6.20465E-1 6.32413E-1 3.31061E-1 4.74353E-1 3.72015E-1 3.55201E-1 5.25529E-1 5.1655E-1 1.71874E-1 1.01684E-1 4.04089E-1 6.45866E-1 1.47288E-1 2.25944E-1 4.21866E-1 7.57867E-2 2.43959E-1 4.00513E-1 8.38274E-1 8.6596E-1 9.24566E-2 8.89844E-1 1.55389E-1 3.29059E-1 8.63419E-1 9.57138E-1 6.92773E-1 7.56581E-1 9.38771E-1 9.52643E-1 9.24202E-1 8.60628E-1 7.6184E-1 8.19841E-1 9.10449E-1 4.28346E-2 5.91207E-1 3.64388E-1 3.08577E-3 1.31197E-2 1.13754E-1 9.90036E-3 2.11571E-5 5.04402E-3 4.24233E-4 5.25757E-3
1.45338E-1 2.77156E-1 9.99921E-1 5.47365E-1 8.82939E-1 2.7302E-1 5.68999E-1 5.43079E-1 9.10687E-1 9.84438E-1 7.60606E-1 8.31345E-1 4.89769E-1 9.0993E-2 5.44764E-1 9.91945E-2 2.42424E-1 5.38446E-1 4.20003E-1 4.43974E-1 6.53957E-1 7.53194E-1 6.96906E-1 6.12984E-1 6.73623E-1 5.35015E-1 4.9876E-1 8.91691E-1 1.13909E-1 8.83655E-2 9.84534E-1 1.28728E-1 6.6445E-1 3.8649E-1 8.71451E-1 1.64268E-1 8.83808E-1 8.87686E-1 9.59368E-1 2.22594E-1 1.28818E-1 8.64759E-1 3.49553E-1 7.72642E-2 2.20626E-1 9.43296E-1 1.2617E-1 8.93834E-1 1.30735E-1 2.68803E-2 4.04126E-2 1.4979E-1 6.85298E-4 3.97725E-2 2.87328E-2 7.40787E-3 2.12965E-3 2.30076E-3
2.43148E-1 1.94425E-1 3.46228E-1 1.52711E-1 1.70244E-1 6.04377E-1 9.35239E-1 7.02017E-1 8.80205E-1 8.15107E-1 5.60143E-1 5.80968E-1 2.023E-1 9.40007E-2 4.17856E-1 4.4902E-1 4.42402E-1 1.02611E-1 3.83606E-1 1.75436E-1 2.40722E-1 9.67054E-2 9.09624E-1 8.67463E-1 7.44774E-2 7.75258E-1 8.12051E-1 3.16012E-1 2.11581E-1 9.58576E-1 8.34631E-1 8.94656E-2 7.97226E-1 9.65713E-1 8.90673E-1 2.54379E-1 9.13548E-1 9.27252E-1 4.13772E-1 6.11656E-1 8.87331E-1 8.10634E-2 5.10061E-1 6.45572E-1 6.43434E-1 4.77906E-1 8.95608E-1 3.75625E-2 4.9176E-3 5.00927E-1 3.65892E-3 3.35548E-2 3.27989E-3 1.47684E-2 2.34415E-2 2.21079E-5 3.78343E-3 6.78359E-2
4.78308E-1 5.88018E-1 6.18047E-1 5.59761E-1 8.72795E-1 3.76399E-1 3.80803E-1 2.85768E-1 1.4622E-1 9.65751E-1 4.89493E-1 5.17334E-1 2.5416E-1 1.11123E-1 3.32084E-1 4.21411E-1 3.93373E-1 5.67992E-1 3.54928E-1 6.39029E-1 1.73731E-1 5.23169E-1 2.18659E-1 1.15285E-1 4.98285E-1 5.24817E-1 9.35839E-1 1.81992E-1 8.60365E-1 8.70369E-1 8.16079E-1 6.87258E-1 7.18556E-1 6.67231E-1 3.87846E-1 9.0258E-1 8.62886E-1 9.75344E-1 9.30213E-1 8.16946E-2 7.54088E-1 4.35937E-2 5.36772E-2 3.63029E-1 7.41017E-2 5.95182E-1 6.32179E-1 1.85068E-1 5.19421E-1 4.25481E-1 7.81744E-2 1.62409E-2 1.46169E-2 1.29887E-2 1.63142E-2 1.02551E-2 3.66127E-3 2.29917E-3
4.74257E-1 7.74664E-1 6.4401E-1 5.80017E-1 6.82922E-1 5.08288E-1 5.41264E-1 9.84238E-1 9.89952E-1 4.3289E-1 2.69824E-1 9.99972E-1 9.95437E-1 5.14134E-1 6.27726E-1 1.83887E-1 3.11114E-1 8.08288E-1 1.65663E-1 1.6601E-1 1.25337E-1 1.86699E-1 1.29583E-1 8.8944E-2 9.97851E-1 3.48817E-1 1.01642E-1 1.80626E-1 6.40152E-1 8.13718E-1 6.67819E-1 6.95256E-1 7.96178E-1 6.51951E-1 9.71459E-1 8.29184E-1 9.84644E-1 9.80905E-1 9.57707E-1 1.02188E-1 8.30424E-1 8.75725E-1 4.80812E-2 2.68751E-2 1.02116E-1 8.48951E-2 5.80288E-1 9.45144E-3 9.07152E-2 3.46876E-1 2.61777E-1 2.46599E-2 4.40881E-2 1.00587E-1 5.70668E-4 2.57154E-2 1.10456E-2 3.30873E-2
6.86511E-1 1.16496E-1 2.30906E-1 1.07336E-1 2.49862E-1 1.38519E-1 5.23324E-1 7.43376E-1 9.71063E-1 9.35917E-1 7.45895E-1 7.89433E-1 9.91246E-1 8.15893E-1 5.4233E-1 2.411E-1 9.90785E-1 9.56499E-1 1.76437E-1 3.27537E-1 1.5709E-1 2.42073E-1 1.85238E-1 4.09885E-1 4.51295E-1 3.11924E-1 3.79308E-1 3.57174E-1 7.35993E-1 6.76201E-1 7.67997E-1 7.53015E-1 9.09239E-1 9.77937E-1 8.31134E-1 9.91855E-1 9.87983E-1 9.17301E-1 9.33384E-1 6.12827E-1 8.08585E-1 5.71542E-1 6.58249E-1 6.74179E-1 1.50107E-2 5.01906E-1 4.83823E-1 1.82452E-2 7.14664E-3 6.37961E-2 1.98863E-2 1.10633E-1 5.46739E-2 1.8905E-2 4.06522E-2 4.369E-2 9.00987E-2 8.35841E-2
7.5242E-2 9.17918E-2 1.06084E-1 1.33625E-1 1.84423E-1 9.04264E-2 3.7648E-1 6.04049E-1 6.16661E-1 9.48753E-1 8.47681E-1 7.61901E-1 5.26051E-1 8.38523E-1 1.87938E-1 2.98381E-1 2.47271E-1 1.37713E-1 9.51753E-1 1.28508E-1 2.44743E-1 2.10868E-1 4.53305E-1 4.25874E-1 5.51203E-1 1.29864E-1 8.999E-1 7.20585E-1 6.84582E-1 7.89043E-1 4.21512E-1 9.11538E-1 9.82198E-1 8.4996E-1 9.86872E-1 8.99382E-1 9.5272E-1 2.65783E-1 6.54672E-1 2.17613E-1 7.01532E-1 1.20955E-1 1.15184E-2 6.35718E-1 6.99897E-3 5.12584E-2 3.26815E-2 8.83192E-2 2.17552E-2 1.27941E-2 3.95885E-2 3.20705E-2 4.11165E-2 1.68108E-2 2.97246E-2 9.4285E-3 1.74519E-2 5.96394E-2
5.2303E-2 1.32908E-1 1.49916E-1 9.19055E-2 1.15977E-1 6.98611E-1 1.0543E-1 6.98478E-1 1.94893E-1 6.46848E-1 5.29044E-1 9.5623E-1 1.58606E-1 1.88431E-1 6.83788E-2 5.45763E-1 8.63353E-2 3.58781E-1 3.55202E-1 5.53856E-1 1.83128E-1 6.57188E-1 4.4381E-1 1.98778E-1 9.63808E-1 7.1456E-1 9.8826E-1 9.47974E-1 7.89855E-1 8.7682E-1 8.56144E-1 9.75333E-1 8.07926E-1 9.03455E-1 9.83479E-1 9.21504E-1 9.27179E-1 7.12616E-1 7.7314E-1 8.57673E-1 1.73982E-1 8.93105E-2 2.9597E-1 4.42572E-2 1.12061E-1 2.76092E-2 2.62312E-2 7.14862E-2 2.2965E-2 2.21932E-1 5.40326E-2 8.07009E-2 7.21874E-3 1.03851E-1 9.18351E-2 5.91425E-2 1.55138E-2 3.32047E-2
1.72802E-1 4.80414E-1 2.81878E-1 1.01688E-1 1.30316E-1 5.29656E-1 7.75566E-1 7.72979E-1 2.61074E-1 4.78665E-1 1.51839E-1 5.96963E-1 6.04778E-1 9.82767E-1 7.79821E-1 1.65557E-1 3.27899E-1 9.99595E-1 8.60619E-1 7.42749E-1 1.28648E-1 7.08537E-1 1.45568E-1 8.04063E-1 8.31774E-1 9.47703E-1 9.1931E-1 6.1695E-1 9.91292E-1 5.09862E-1 9.92343E-1 6.74964E-1 9.02343E-1 5.94718E-1 8.99383E-1 9.37145E-1 7.70875E-1 8.63511E-1 7.50828E-2 4.2593E-2 5.16814E-1 3.90086E-1 4.83136E-2 3.04741E-1 3.36576E-2 2.77928E-1 2.38856E-1 2.13131E-2 1.61567E-2 9.45822E-2 6.11572E-2 2.61675E-2 4.10914E-2 6.36323E-2 6.35957E-2 5.9537E-2 4.66992E-2 5.59959E-2
3.04996E-1 3.09161E-1 1.06185E-1 2.23739E-1 6.53267E-2 8.38135E-1 6.71489E-1 6.11745E-1 3.93577E-1 4.94258E-1 2.9328E-1 5.11381E-1 2.99668E-1 1.80748E-1 3.53391E-1 2.41241E-1 1.47918E-1 6.62307E-1 1.27735E-1 1.05576E-1 9.09315E-1 7.4762E-1 7.17206E-1 9.5796E-1 8.72126E-1 5.54652E-1 8.49165E-1 9.71236E-1 9.71967E-1 3.68927E-1 6.92163E-1 9.37135E-1 9.54589E-1 9.26296E-1 1.63329E-1 3.40738E-1 8.43195E-1 9.13454E-2 1.655E-1 7.07602E-2 9.93646E-2 3.39684E-1 3.62399E-2 5.23878E-2 2.17723E-1 6.13641E-2 3.45224E-2 5.21131E-2 7.83056E-2 4.5929E-2 1.12759E-1 6.29913E-2 2.11077E-2 3.85948E-2 7.35224E-2 5.6513E-2 5.74631E-2 1.38096E-1
3.00228E-1 9.38701E-1 2.6292E-1 8.87124E-2 1.80085E-1 4.91919E-1 1.92877E-1 2.43462E-1 4.28632E-1 9.20131E-1 7.79043E-1 8.61511E-2 1.81395E-1 6.4508E-1 6.95255E-1 5.60732E-1 4.30937E-1 1.62527E-1 9.36463E-1 9.12004E-1 6.36593E-1 6.54829E-1 9.92692E-1 6.78692E-1 9.67133E-1 9.43714E-1 7.66562E-1 5.32036E-1 7.99891E-1 9.7798E-1 1.67566E-1 6.6725E-2 1.43174E-1 7.81703E-1 9.64067E-1 1.16457E-1 7.70146E-1 9.72917E-2 5.34829E-1 1.06781E-1 5.94865E-2 9.43556E-2 2.34388E-1 6.18006E-2 6.23124E-2 2.29338E-2 4.49139E-2 1.15451E-1 8.39463E-2 4.66058E-2 9.71652E-2 1.3577E-1 6.15747E-2 5.21986E-2 1.56268E-1 6.56966E-2 1.33739E-1 1.81875E-1
2.25137E-1 8.88015E-2 2.15842E-1 9.59499E-2 9.75116E-2 3.65488E-1 4.24338E-1 9.87735E-2 4.46593E-1 8.28115E-1 8.07989E-1 2.0489E-1 2.8045E-1 9.80434E-1 3.69963E-1 1.74388E-1 7.01392E-1 3.43458E-1 5.35754E-1 9.91079E-1 3.66013E-1 9.88536E-1 6.4913E-1 6.87549E-1 9.9478E-1 8.38452E-1 1.2421E-1 8.97654E-1 1.28024E-1 6.85979E-2 7.17857E-1 3.80074E-1 8.04234E-1 1.99144E-1 4.09728E-2 7.06425E-1 3.28509E-1 2.71104E-1 6.03679E-2 7.41253E-2 1.19691E-1 6.6294E-2 6.694E-2 6.63985E-2 4.52626E-2 4.38319E-2 8.32788E-2 8.72956E-2 6.20429E-2 8.89923E-2 1.69347E-1 6.87244E-2 1.44729E-1 6.88143E-2 7.87241E-2 1.33177E-1 1.72616E-1 7.48263E-2
1.56295E-1 1.33249E-1 3.28639E-1 1.66517E-1 8.62716E-2 1.92977E-1 4.94673E-1 1.73254E-1 2.82264E-1 5.05375E-1 8.55763E-1 6.7693E-1 8.86547E-1 4.67668E-1 2.93245E-1 5.36779E-1 8.17868E-1 8.82944E-1 9.76733E-1 7.88466E-1 9.30235E-1 7.17579E-1 8.98411E-1 9.82941E-1 8.37475E-1 8.01042E-1 7.86813E-1 5.53872E-1 9.58727E-1 6.11877E-2 5.14233E-1 4.40506E-1 7.08791E-1 1.6484E-1 7.32438E-2 3.0699E-1 7.82436E-2 5.14618E-2 4.26096E-2 5.80556E-2 1.03409E-1 2.63009E-1 6.64169E-2 1.82375E-1 1.1271E-1 9.4599E-2 7.36465E-2 4.06924E-2 3.51547E-2 9.68879E-2 1.80656E-1 7.77034E-2 9.86064E-2 2.24164E-2 1.01247E-1 2.18272E-1 6.80207E-1 3.89353E-1
4.28455E-1 2.52304E-1 9.53992E-2 7.20216E-1 6.20302E-1 5.77665E-1 2.92774E-1 5.38324E-1 5.77019E-1 1.09315E-1 6.62454E-1 1.34718E-1 2.90588E-1 8.75534E-1 9.95208E-1 7.70273E-1 9.97818E-1 6.23478E-1 9.60731E-1 9.21861E-1 7.96635E-1 9.87309E-1 7.6506E-1 5.85387E-1 7.63715E-1 7.19193E-1 7.24938E-1 6.03648E-1 8.76852E-1 4.51816E-1 3.86382E-1 3.90106E-1 1.86328E-1 8.8658E-1 4.32258E-1 5.58545E-2 2.12292E-1 3.49301E-2 1.02905E-1 3.4279E-2 6.42964E-2 1.06219E-1 4.24833E-2 4.39489E-2 8.00331E-2 6.21642E-2 1.35216E-1 1.13171E-1 6.91649E-2 7.37891E-2 8.53837E-2 2.4042E-2 1.72389E-1 8.6971E-2 1.26143E-1 1.29447E-1 1.11979E-1 1.52458E-1
1.10768E-1 8.91157E-1 7.01474E-2 3.40573E-1 8.42726E-1 2.40292E-1 2.04607E-1 2.52179E-1 3.91668E-1 1.29152E-1 4.24885E-1 2.07744E-1 9.74701E-1 6.38254E-1 9.64296E-1 9.96292E-1 9.84943E-1 9.48119E-1 8.02406E-1 8.85615E-1 8.78486E-1 9.72355E-1 6.61293E-1 7.05397E-1 9.47994E-2 6.8005E-2 6.3478E-1 6.22338E-1 5.82018E-2 8.07395E-1 5.72352E-2 6.57364E-2 6.59248E-2 9.04243E-2 6.42707E-2 2.56429E-1 7.31024E-2 9.17054E-2 1.29069E-1 7.37719E-2 4.53666E-2 2.89477E-2 5.60141E-2 6.14235E-2 9.75022E-2 5.22927E-2 1.33474E-1 9.65208E-2 1.21117E-1 1.46584E-1 1.41817E-1 1.55904E-1 6.18092E-2 1.72814E-1 1.43456E-1 1.07472E-1 3.61504E-2 5.57388E-2
1.24091E-1 5.2203E-1 2.45235E-1 4.59593E-1 2.34858E-1 3.79444E-1 3.64837E-1 2.92231E-1 2.39858E-1 9.97147E-1 2.98022E-1 3.21363E-1 8.60001E-1 9.78803E-1 7.1234E-1 9.90717E-1 9.91775E-1 7.11684E-1 3.35876E-1 9.78984E-1 7.46544E-1 5.81035E-1 9.21861E-1 1.62882E-1 9.44361E-1 8.11895E-1 7.64304E-1 1.2211E-1 2.2253E-1 5.042E-2 5.47103E-1 6.64915E-2 8.41558E-2 2.26055E-1 3.75485E-1 6.50056E-2 6.25662E-2 1.3007E-1 6.31028E-2 7.3559E-2 8.04835E-2 6.91799E-2 1.02124E-1 6.00476E-2 2.72174E-2 8.89208E-2 3.91551E-2 7.35131E-2 8.13947E-2 2.26627E-1 1.24438E-1 6.40166E-2 8.4753E-2 1.56412E-1 8.90767E-2 1.09866E-1 9.8457E-2 5.91434E-2
9.68392E-1 1.60657E-1 4.26646E-2 4.70301E-2 5.43354E-1 3.72898E-1 8.20899E-1 6.45284E-1 7.0231E-1 9.25368E-2 7.10074E-1 9.38877E-1 9.11949E-1 9.84617E-1 2.70316E-1 6.38816E-1 6.26118E-1 8.76985E-1 8.40024E-1 5.81928E-1 6.56689E-1 8.96119E-1 5.24249E-1 2.97627E-1 8.70518E-2 1.01598E-1 8.03858E-2 8.18788E-2 3.05815E-1 7.28675E-1 5.18008E-1 5.65765E-2 1.07491E-1 1.03422E-1 1.4873E-1 9.83434E-2 1.32674E-1 6.99927E-2 1.80237E-1 2.59563E-1 9.91411E-2 1.12524E-1 1.04625E-1 1.07998E-1 1.18998E-1 8.69462E-2 1.08957E-1 2.59084E-1 1.20087E-1 7.48614E-2 1.40266E-1 9.02696E-2 1.73122E-1 6.02607E-2 1.1169E-1 2.9738E-2 6.61655E-2 1.39118E-1
