outputs/pantheraTigris_0.asc
ncols         290
nrows         290
xllcorner     68.0
yllcorner     8.0
cellsize      0.1
NODATA_value  -9999
[rows 156 to 181 of 290, columns 174 to 231 of 290]
5.89811E-1 8.29774E-1 5.92471E-1 4.90779E-1 4.17098E-1 8.3746E-1 9.38215E-1 4.63719E-1 2.77597E-1 4.58555E-1 5.45215E-1 4.76269E-1 2.82405E-1 2.86371E-1 2.60328E-2 7.05714E-1 5.72109E-1 2.79458E-1 6.67238E-1 6.24735E-1 1.54405E-1 4.30675E-1 4.70291E-1 4.79478E-1 2.79047E-1 3.33701E-1 2.64306E-1 7.07895E-1 6.4564E-1 7.17144E-1 5.93667E-1 2.18223E-1 3.55525E-1 7.39977E-1 6.00418E-1 3.72838E-1 6.77797E-1 3.54509E-1 6.95033E-1 3.95093E-1 6.28887E-1 4.67311E-1 3.06471E-1 3.41398E-1 2.61618E-1 5.87395E-1 1.27781E-1 2.03349E-1 1.26727E-1 5.6307E-1 8.00383E-1 3.70861E-1 2.05633E-1 2.58492E-1 1.02261E-1 1.61576E-1 4.84079E-1 6.60989E-1
3.19939E-1 5.58205E-1 5.1862E-1 6.01356E-1 4.37873E-1 5.82367E-1 2.99072E-1 2.5211E-1 8.17326E-1 1.28247E-1 7.87717E-1 2.85439E-1 3.04774E-2 2.44105E-1 2.72654E-1 6.77848E-1 2.26704E-1 2.4771E-1 1.85136E-1 5.45937E-1 2.8555E-1 4.72598E-1 5.11279E-1 1.91938E-1 1.9404E-1 5.38745E-1 4.90284E-1 5.32574E-2 2.42243E-1 6.03252E-1 4.87583E-1 5.08732E-1 3.86272E-1 3.94067E-1 4.24769E-1 5.05904E-1 2.84876E-1 3.62992E-1 7.51512E-1 6.9152E-1 4.24202E-1 3.02957E-1 2.27519E-1 5.14825E-1 5.14381E-1 2.14857E-1 1.95215E-1 4.16748E-1 1.64382E-1 1.63229E-1 3.89325E-1 1.44562E-2 2.31855E-1 2.06103E-1 2.3276E-1 4.58616E-1 6.25261E-1 4.58854E-1
7.26349E-1 2.45468E-1 5.69431E-1 4.99095E-1 6.41373E-1 3.27319E-2 2.97618E-1 6.82205E-1 2.96057E-1 5.98076E-1 2.20925E-1 5.40881E-1 7.8529E-1 5.04892E-1 5.36832E-1 2.64886E-1 1.74149E-1 1.31237E-1 2.7153E-1 1.33051E-2 5.64741E-1 7.47405E-1 6.07459E-2 2.52093E-1 2.8592E-1 5.55611E-1 2.20285E-1 4.96509E-1 4.72628E-1 1.98328E-1 2.80457E-1 1.55378E-1 3.91236E-2 2.68446E-1 5.70113E-1 1.96296E-1 2.66705E-1 7.02645E-1 2.67975E-1 2.83195E-1 4.81258E-1 3.88121E-1 3.97163E-1 2.32793E-1 2.02469E-1 6.271E-1 1.63576E-1 1.6619E-1 4.03313E-1 1.53685E-1 3.6045E-1 2.52855E-1 3.04318E-1 2.64886E-1 3.92834E-1 4.09263E-1 6.83001E-1 7.59931E-1
4.77165E-1 6.33924E-1 3.78525E-1 4.76521E-1 4.14332E-2 5.26197E-1 7.15082E-1 6.50338E-1 6.16755E-1 3.12974E-1 4.2854E-1 6.98467E-1 3.1048E-1 3.04872E-1 5.44367E-1 1.67989E-1 1.41465E-1 5.1188E-1 2.02067E-1 1.90813E-1 4.54582E-1 2.22091E-1 3.46986E-1 5.91486E-1 5.67612E-1 2.2936E-1 5.96007E-1 1.87431E-1 4.82026E-1 6.15586E-1 8.45311E-1 6.60392E-1 5.08546E-1 4.18768E-2 3.51388E-2 3.84029E-1 3.17167E-1 4.79817E-1 4.91967E-1 2.46406E-1 5.03637E-1 4.3326E-1 4.22616E-1 3.20096E-1 1.94602E-1 3.56935E-1 2.39317E-1 3.54988E-1 1.86467E-1 5.77523E-1 6.40459E-1 3.26983E-1 4.25483E-1 7.43453E-1 4.3439E-1 8.62332E-1 5.43024E-1 1.87763E-1
6.37121E-1 5.89074E-1 4.50496E-1 4.93761E-1 4.63488E-1 3.31609E-1 4.89138E-1 6.24598E-1 4.65053E-1 8.44167E-2 8.08957E-1 3.59037E-1 7.10442E-1 7.74815E-1 4.56252E-1 4.36764E-1 6.82543E-1 7.10795E-1 6.85959E-1 6.97541E-1 3.03548E-1 5.28541E-1 6.84355E-1 5.13407E-1 4.30042E-1 3.26207E-1 2.70201E-1 5.6487E-1 5.67677E-1 2.30865E-1 1.20609E-1 4.05014E-1 3.91864E-1 4.01818E-1 7.61443E-1 1.85355E-1 3.15702E-1 3.99648E-1 5.6249E-1 2.63619E-1 2.29557E-1 3.38968E-1 2.38538E-1 3.44309E-1 3.70108E-1 4.55251E-1 2.28192E-1 2.69298E-1 2.79155E-1 2.2505E-1 6.09907E-1 1.94344E-1 4.23387E-1 2.8183E-1 5.80702E-1 8.20227E-1 3.65157E-1 3.40957E-1
8.01296E-2 5.1417E-1 6.79764E-1 7.81369E-1 4.6495E-2 5.14484E-1 2.51684E-2 4.73999E-1 6.61723E-1 3.88356E-1 5.14593E-1 5.31529E-1 3.47768E-1 4.71224E-1 3.17295E-1 4.19519E-1 5.69308E-1 4.73686E-1 4.1381E-1 6.11123E-1 6.09929E-1 8.21288E-1 8.66313E-1 2.39236E-1 2.76414E-1 4.01761E-1 2.88814E-1 1.98409E-1 8.18606E-1 1.00129E-1 5.7811E-1 4.33533E-1 2.462E-1 3.70515E-1 3.9994E-1 2.596E-1 2.97012E-1 6.49342E-1 2.55691E-1 2.88569E-1 5.56143E-1 6.40641E-1 2.9511E-1 2.65903E-1 1.40733E-1 3.04377E-1 2.92308E-1 2.603E-1 2.3899E-1 5.74009E-1 3.97117E-1 5.33799E-1 6.14175E-1 3.29862E-1 8.66789E-1 6.99077E-1 2.80056E-1 1.61684E-1
7.19635E-1 7.18106E-1 4.80527E-1 5.33535E-1 6.43329E-1 6.36678E-1 2.85942E-1 6.29457E-1 4.25172E-1 3.43575E-1 3.39172E-1 4.28132E-1 4.07535E-1 4.8198E-1 3.46094E-1 5.82338E-1 2.96233E-1 2.41609E-1 2.06116E-1 5.24613E-1 2.25483E-1 5.52131E-1 2.77841E-1 7.11475E-1 3.13607E-1 5.3101E-1 4.69549E-1 7.33298E-1 2.96257E-1 2.83401E-1 7.13791E-1 3.22594E-1 4.90709E-1 2.40605E-1 7.7252E-2 2.50143E-1 3.65028E-1 3.31378E-1 1.21237E-1 2.74425E-1 2.76441E-1 4.19909E-1 2.76627E-1 1.56259E-1 3.06621E-1 4.12836E-1 4.0987E-1 3.98712E-1 2.67464E-1 5.26121E-1 6.11394E-1 3.27583E-1 7.32609E-1 1.07202E-1 4.39572E-1 2.87796E-1 1.01107E-1 2.43201E-1
3.421E-1 3.39677E-1 1.54354E-1 6.10449E-1 3.12317E-1 1.98089E-1 1.7277E-1 1.53938E-1 2.31419E-1 6.98186E-1 5.41236E-1 4.79929E-1 3.854E-1 6.24222E-1 6.377E-1 5.24528E-1 3.27837E-1 6.18086E-1 4.82264E-1 5.51747E-1 2.27099E-1 9.79885E-2 3.72668E-1 2.0468E-1 7.59384E-1 5.09574E-1 3.23245E-1 3.89327E-1 5.17038E-1 7.00468E-1 1.91227E-2 2.47618E-1 5.47101E-1 2.68932E-1 2.58491E-1 1.37439E-1 3.92782E-1 1.73833E-1 2.2663E-1 1.909E-1 1.95913E-1 2.26541E-1 3.62592E-1 3.89684E-1 2.64452E-1 1.81859E-1 1.84024E-1 1.6708E-1 1.54004E-1 2.92968E-1 4.64683E-1 2.37891E-1 4.32424E-1 2.5197E-1 6.1193E-1 6.60485E-1 2.0512E-1 3.05178E-1
5.69111E-1 4.72474E-1 7.73E-1 7.77125E-1 3.37817E-2 7.00033E-1 4.96353E-1 6.16172E-1 1.56817E-1 3.85979E-1 2.07166E-2 6.59306E-1 5.83331E-1 4.40109E-1 5.00847E-1 5.27409E-1 4.25031E-1 7.03134E-1 1.33804E-1 2.44629E-1 2.59929E-1 4.931E-1 1.58206E-1 5.30973E-1 5.45521E-1 2.74087E-1 5.54484E-1 3.05856E-1 6.50748E-1 8.68841E-1 8.08688E-1 2.85226E-2 4.29979E-1 2.273E-1 5.33686E-1 6.63026E-1 2.43527E-1 5.0332E-1 2.30662E-1 3.61401E-1 1.28338E-1 3.26941E-1 2.76149E-1 4.65223E-1 3.42396E-1 2.15055E-1 2.9819E-1 2.37236E-1 1.65653E-1 3.2837E-1 1.33274E-1 3.38974E-1 6.3235E-1 3.35127E-1 2.24036E-1 5.73665E-2 2.66778E-1 2.68716E-1
5.94852E-1 3.72882E-1 5.21463E-1 5.73019E-1 4.35895E-1 1.81815E-2 3.559E-1 1.94079E-2 4.17608E-1 2.26114E-1 2.25389E-1 1.73692E-1 6.92167E-1 2.91594E-1 3.54292E-2 3.20623E-1 3.53045E-1 3.49761E-1 2.41836E-1 4.24888E-1 2.08872E-1 1.48648E-2 3.29449E-1 4.41867E-1 2.10647E-1 6.89824E-1 2.75233E-1 6.16359E-1 3.44556E-1 2.90785E-1 3.41752E-1 6.0322E-1 5.305E-1 5.95364E-1 4.39927E-1 4.19721E-1 3.19103E-1 5.49773E-1 7.586E-1 3.02144E-1 1.49573E-1 2.74848E-1 2.64438E-1 5.70437E-1 1.81683E-1 2.10181E-1 3.29538E-1 2.31588E-1 1.60331E-1 3.81646E-1 3.8923E-1 2.5764E-1 1.20708E-1 4.74394E-1 2.06211E-1 1.38634E-1 3.81866E-1 3.41817E-1
4.71242E-1 3.79431E-1 3.65547E-1 6.38227E-1 5.67341E-1 4.32535E-1 6.98404E-1 2.44932E-1 7.15183E-1 6.08683E-1 6.0887E-1 6.07437E-1 4.65068E-1 6.72492E-1 2.83049E-1 5.15233E-1 5.93785E-1 5.43413E-1 5.294E-1 5.46581E-1 7.20994E-1 4.64201E-1 3.03939E-1 4.93271E-1 4.31218E-1 3.09216E-1 4.66871E-1 8.4011E-1 1.36187E-1 7.07231E-1 5.64253E-1 3.36456E-1 6.42604E-1 2.52321E-1 4.13286E-1 1.54799E-1 1.07404E-1 1.63513E-1 1.91092E-1 1.46603E-1 2.17968E-1 7.97897E-2 1.91384E-1 2.02496E-1 2.61881E-1 6.37431E-1 7.21767E-1 6.00604E-1 1.28353E-1 1.7811E-1 5.24535E-1 4.93648E-1 7.86186E-1 6.07151E-1 8.56534E-1 3.7044E-1 1.8018E-1 1.97882E-1
2.83372E-1 5.16817E-1 4.52917E-1 8.18658E-1 6.23964E-1 2.05527E-1 6.77802E-1 6.35428E-1 6.96223E-1 4.01208E-1 2.47951E-2 2.27472E-1 2.81885E-1 2.39805E-1 2.10875E-1 5.92161E-1 6.947E-1 3.15876E-1 4.26967E-1 4.42197E-1 6.12511E-1 4.04667E-1 6.84889E-1 3.91806E-1 6.02971E-1 2.19449E-1 7.44028E-1 1.04041E-1 6.736E-1 2.92914E-1 7.08355E-1 4.63055E-1 1.0706E-1 4.64006E-1 5.54777E-1 7.26537E-2 1.05659E-1 1.80402E-1 1.98594E-1 2.96638E-1 2.43494E-1 3.33692E-1 2.1986E-2 4.09408E-1 4.98648E-1 3.17227E-1 1.97749E-1 1.68784E-1 4.36769E-1 2.32404E-1 1.76099E-1 4.7554E-1 3.09549E-1 5.78027E-1 6.12881E-2 2.91636E-1 1.74431E-1 1.89327E-1
3.68167E-1 3.32248E-2 2.85964E-1 6.6356E-1 5.48644E-1 8.71714E-2 5.42304E-1 6.55055E-1 3.93907E-1 3.01479E-2 5.10374E-1 3.92161E-1 5.48791E-1 4.03944E-1 2.36019E-2 5.4716E-1 2.41541E-1 5.54788E-1 3.72031E-1 4.60575E-1 4.42224E-1 2.57801E-1 6.54239E-1 6.48032E-1 5.51638E-1 2.73243E-1 3.13134E-1 3.61623E-1 4.50455E-1 5.44E-1 4.53798E-1 4.33449E-1 4.32042E-1 3.02573E-1 3.95226E-1 1.80507E-1 1.50947E-1 1.96899E-1 1.16144E-1 3.26991E-1 1.65941E-1 1.45384E-1 4.89424E-1 1.89272E-1 4.027E-1 1.93015E-1 2.42352E-1 4.04337E-1 3.38775E-1 3.33629E-1 2.72686E-1 5.41192E-1 4.1232E-1 4.90313E-1 5.02682E-1 3.82425E-1 1.68418E-1 2.77488E-1
3.76128E-1 5.9808E-1 6.23181E-1 5.79965E-1 1.58211E-2 6.84635E-1 3.90759E-1 4.81731E-1 6.9873E-1 4.986E-1 4.89164E-2 5.06918E-1 6.03893E-1 2.11134E-1 1.63883E-1 6.04512E-1 5.7644E-1 6.41499E-2 5.61513E-1 3.06985E-1 5.14249E-1 6.69551E-1 1.86942E-1 2.46614E-1 3.582E-1 2.82974E-1 4.22899E-1 6.42259E-1 5.97545E-1 3.26991E-1 5.75539E-1 5.5816E-2 2.46311E-1 9.35384E-2 3.88115E-1 2.85824E-1 2.78423E-1 3.1228E-1 2.52922E-1 1.42478E-1 2.61093E-1 1.59881E-1 4.80778E-1 4.12919E-1 5.02534E-1 4.01905E-1 3.19494E-1 6.28146E-1 6.91305E-1 7.74517E-1 2.85732E-1 3.33308E-1 3.96561E-1 4.99574E-1 6.85E-1 6.27122E-1 3.59028E-1 1.67137E-1
4.36662E-1 5.75907E-1 3.18386E-1 9.80599E-2 7.80732E-1 2.97176E-1 1.83994E-1 2.47787E-1 4.6101E-1 2.44058E-1 3.89385E-1 2.54619E-1 4.53798E-1 4.4064E-1 5.32356E-1 5.09047E-1 2.5932E-1 2.63855E-1 2.93096E-1 5.51169E-1 3.88207E-1 6.90823E-1 2.08599E-1 3.33008E-1 4.63462E-1 2.42658E-1 1.73291E-1 4.68719E-1 3.97213E-1 2.21444E-1 7.03459E-1 3.30867E-1 4.80046E-1 6.34927E-1 6.86997E-1 4.2289E-1 4.95695E-1 2.51535E-1 2.97087E-1 1.92341E-1 2.13156E-1 1.7003E-1 6.2457E-1 4.38079E-1 4.85023E-1 1.69391E-1 5.54002E-1 1.47376E-1 3.62887E-1 3.74711E-1 4.52839E-1 6.67812E-1 2.47341E-1 5.6202E-1 2.6489E-1 2.84975E-1 1.32578E-1 1.98909E-1
6.46048E-1 8.00431E-1 6.45097E-1 6.634E-1 4.15616E-1 2.5455E-1 5.44366E-1 3.89413E-2 2.62389E-1 2.44213E-1 4.92827E-1 4.87099E-1 5.32732E-1 4.86776E-1 4.66522E-1 3.60774E-1 5.2087E-1 1.79172E-1 2.44177E-1 3.20862E-1 6.37585E-1 3.26468E-1 4.71253E-1 4.19748E-1 6.14865E-1 3.7165E-1 4.41386E-1 2.28196E-1 8.11816E-1 3.18019E-1 3.14438E-1 2.2618E-1 4.5723E-1 4.14136E-1 4.14926E-1 2.778E-1 4.43436E-1 4.56123E-1 4.26823E-1 5.20939E-1 2.32709E-1 1.63158E-1 4.04747E-1 4.23682E-1 3.08379E-1 4.76627E-1 3.99882E-1 1.96111E-1 5.00328E-1 1.05523E-1 7.5644E-2 1.05045E-1 9.17044E-2 1.69749E-1 2.23907E-1 6.47261E-2 1.88662E-1 1.50157E-1
2.13154E-1 5.7017E-1 4.85656E-1 5.70262E-1 9.19439E-2 6.32879E-1 5.34084E-1 1.34749E-1 4.82776E-1 5.81851E-1 2.52416E-1 3.14859E-1 5.64352E-1 5.99352E-1 5.67892E-1 1.05375E-1 1.48515E-1 3.62694E-1 3.58095E-1 5.3483E-1 3.43114E-1 4.99576E-1 4.82547E-1 5.58193E-1 4.63939E-1 2.24095E-1 6.63277E-1 5.2369E-1 3.69565E-1 5.54366E-1 3.70871E-1 2.87955E-1 5.53015E-1 4.40408E-1 4.3359E-1 4.46549E-1 4.9013E-1 4.55489E-1 1.03178E-1 3.57675E-1 6.28612E-1 2.16878E-1 5.05493E-1 3.34655E-1 4.40251E-1 5.01893E-1 6.36049E-1 3.11712E-1 3.44241E-1 6.32717E-2 3.87431E-2 1.63125E-2 1.2722E-2 2.83951E-2 7.99741E-2 4.57365E-2 9.29349E-2 5.39701E-2
6.9019E-2 1.54453E-1 8.27849E-1 3.80427E-1 2.5546E-1 1.5614E-1 4.4006E-1 2.37284E-1 1.58308E-1 2.45235E-1 3.20064E-1 5.78283E-1 6.78316E-1 6.89102E-1 6.31052E-1 6.13989E-1 4.55006E-1 6.04108E-1 8.2501E-2 5.90773E-1 3.23855E-1 3.35337E-1 3.00596E-1 7.07106E-1 3.96793E-1 6.42625E-1 2.9601E-1 5.59998E-1 4.93439E-1 7.41186E-1 4.02785E-1 5.94077E-1 3.27905E-1 3.40269E-1 1.27162E-1 3.54577E-1 1.95606E-1 5.99182E-1 4.94945E-1 3.32453E-1 3.62528E-1 2.16255E-1 1.54287E-1 4.15765E-1 2.04271E-1 4.78731E-1 2.79539E-1 2.00522E-1 5.24615E-1 2.15714E-1 5.28116E-2 1.83095E-2 5.5505E-2 2.96345E-2 8.41978E-2 5.67244E-2 3.73829E-2 4.79198E-2
2.29976E-1 2.60104E-1 2.65991E-1 7.27386E-2 1.59184E-1 1.16835E-1 2.10083E-1 2.23511E-1 3.71851E-2 3.44392E-1 5.7769E-3 3.3185E-1 1.49509E-1 2.03492E-1 3.14374E-1 1.34193E-1 3.05758E-1 2.05079E-1 1.33865E-1 2.03188E-2 6.10472E-1 3.6779E-1 3.82469E-1 4.96283E-1 1.69105E-1 2.04161E-1 4.0063E-1 6.77402E-1 5.34358E-1 4.82187E-1 4.71784E-1 6.79455E-1 6.01368E-1 4.64013E-1 4.66882E-1 5.94467E-1 4.93711E-1 4.84969E-1 2.5556E-1 6.65784E-1 3.73117E-1 2.80709E-1 4.44546E-1 4.56252E-1 5.44877E-1 3.97813E-1 3.7936E-1 3.1707E-1 4.08755E-1 3.57114E-1 1.372E-1 4.14649E-2 2.15798E-1 5.30728E-2 2.37211E-1 1.24068E-1 3.9451E-2 1.50531E-1
2.31019E-1 2.23516E-1 1.15574E-1 7.29652E-3 2.42609E-1 3.30971E-1 2.49407E-1 2.25799E-2 1.58446E-1 1.71807E-2 5.53693E-3 1.53981E-1 2.59453E-1 2.25466E-1 2.02974E-1 6.12759E-1 2.94331E-2 3.73574E-1 4.60336E-1 2.19835E-1 6.18034E-1 1.70491E-2 2.3077E-1 1.20397E-1 3.55187E-1 1.78322E-1 1.90263E-1 5.0136E-1 3.29979E-1 5.15739E-1 5.76209E-1 4.27214E-1 6.7171E-1 4.50364E-1 5.30101E-1 5.46742E-1 7.95979E-1 5.38063E-1 5.00283E-1 4.92579E-1 5.3977E-1 2.43939E-1 5.68612E-1 2.48612E-1 3.80651E-1 3.97594E-1 4.30846E-1 5.16578E-1 3.56983E-1 3.63043E-1 2.16582E-1 6.78764E-2 1.73662E-1 6.36241E-2 1.90973E-1 1.24078E-1 4.60276E-1 1.83632E-1
2.20449E-1 2.11896E-1 4.43101E-1 1.98167E-1 1.56114E-1 2.00427E-1 1.36015E-1 2.00175E-1 1.94273E-1 2.10936E-1 3.16673E-1 5.55186E-1 3.34927E-1 3.49173E-1 2.06472E-1 4.44186E-1 4.71648E-1 6.0864E-1 5.08082E-1 5.28873E-1 5.26037E-1 6.89046E-3 2.01671E-1 3.03979E-1 2.73289E-1 2.1355E-1 5.70167E-1 7.54411E-1 2.10834E-1 4.5347E-1 3.3029E-1 5.34687E-1 4.17821E-1 6.26473E-1 4.72244E-1 4.33334E-1 6.50356E-1 2.92238E-1 2.20019E-1 4.9643E-1 2.64297E-1 4.31258E-1 4.69504E-1 4.83091E-1 5.40929E-1 2.41678E-1 2.56005E-1 4.1353E-1 3.28402E-1 5.14104E-1 3.46098E-1 1.14275E-1 9.40036E-2 2.92527E-1 3.34653E-1 2.9371E-1 5.50685E-1 1.40674E-1
3.76467E-2 1.51133E-2 6.51366E-3 3.23086E-1 1.40917E-1 2.20928E-1 4.83216E-1 1.10062E-1 2.27689E-1 7.19773E-1 4.76007E-1 7.20668E-1 4.89921E-1 1.81032E-1 4.52781E-1 1.59509E-1 4.73587E-1 7.45951E-1 2.87338E-1 5.55889E-1 3.34813E-1 3.04786E-1 2.80968E-1 5.4815E-1 2.63664E-1 4.83658E-1 4.66088E-1 5.527E-1 2.9901E-1 5.31403E-1 4.42627E-1 5.05148E-1 4.85417E-1 3.95348E-1 4.67601E-1 4.43912E-1 5.24699E-1 4.26397E-1 2.89567E-1 2.85489E-1 1.63002E-1 2.18203E-1 3.79056E-1 1.03729E-1 5.07557E-1 7.51169E-2 4.30226E-1 5.74378E-1 4.8127E-1 5.10449E-1 3.25032E-1 1.2127E-1 1.23668E-1 3.52297E-1 7.50044E-1 2.71065E-1 2.60025E-1 1.83102E-1
2.06622E-1 1.74086E-1 2.09121E-1 1.42772E-1 1.65558E-1 1.91339E-1 1.8132E-1 4.71546E-1 2.7508E-1 1.57238E-1 5.19304E-1 5.31922E-1 3.3921E-1 2.46099E-1 3.82519E-1 5.79863E-1 1.56057E-1 4.08431E-1 3.19064E-1 3.66673E-1 5.99134E-1 8.64222E-1 1.92208E-1 6.42231E-1 5.21565E-1 4.84874E-1 5.21629E-1 2.47145E-1 3.67051E-1 4.0178E-1 4.39218E-1 4.27789E-1 5.74183E-1 6.47899E-1 5.90323E-1 1.44216E-1 3.16335E-1 1.84739E-1 3.12167E-1 3.79262E-1 4.11367E-1 1.61108E-1 3.79466E-1 6.44834E-1 4.65582E-1 9.5671E-2 1.93687E-1 4.76013E-1 5.86651E-1 2.62617E-1 2.261E-1 2.37131E-1 2.31611E-1 2.8557E-1 5.927E-1 3.40899E-1 4.54182E-1 2.5004E-1
9.55804E-2 1.7434E-1 7.32766E-2 1.88664E-1 3.03643E-1 3.79851E-1 1.85851E-1 1.65902E-1 1.7075E-1 2.02377E-1 6.48293E-1 9.1399E-2 7.48806E-1 1.42671E-1 1.39334E-1 2.30412E-1 3.64642E-1 2.75085E-1 2.7061E-1 1.82474E-1 2.42529E-1 3.27749E-2 2.90076E-1 5.26991E-1 5.40274E-1 5.03438E-1 4.65642E-1 3.26862E-1 7.76079E-2 5.88866E-1 2.79459E-1 5.09753E-1 2.89146E-1 3.85813E-1 4.6338E-2 4.01228E-1 1.27708E-1 2.45598E-1 5.43089E-1 5.43127E-1 2.45409E-1 1.57735E-1 4.12417E-1 1.23355E-1 3.17473E-1 1.35123E-1 3.6309E-1 2.34071E-1 2.79707E-1 3.20968E-1 2.18813E-1 5.80263E-1 4.34291E-1 4.26925E-1 4.69749E-1 1.82285E-1 3.14949E-1 1.43028E-1
1.96915E-1 1.39704E-1 3.68749E-1 3.79606E-1 2.02429E-1 3.79243E-1 2.51295E-1 1.8665E-1 1.71794E-1 3.30783E-1 2.22398E-1 1.32468E-1 3.13583E-1 1.09988E-1 1.85708E-1 3.73337E-1 4.02401E-1 2.38582E-1 1.44721E-1 2.30113E-1 5.57232E-1 6.88921E-1 6.26336E-1 3.26721E-1 5.02043E-1 3.86786E-1 6.77229E-1 3.36691E-1 5.20309E-1 3.80483E-1 5.49393E-1 2.75957E-1 1.61872E-1 2.28988E-1 2.84591E-1 2.63202E-1 3.4518E-1 3.21308E-1 4.37698E-1 2.50787E-1 2.3168E-1 1.49326E-1 1.39653E-1 3.43494E-1 1.62171E-1 2.41032E-1 2.66019E-1 1.02105E-1 1.75902E-1 3.51251E-1 3.57008E-1 2.44513E-1 3.38615E-1 1.33607E-1 2.99422E-1 3.84647E-1 3.50019E-1 2.40429E-1
4.06949E-2 1.47626E-1 4.78564E-2 5.48737E-2 2.05806E-1 3.79099E-1 2.63343E-1 1.31362E-1 2.4973E-1 2.60856E-1 4.17656E-1 4.0256E-2 4.05481E-1 1.86045E-1 1.55627E-1 1.59633E-1 2.34464E-1 3.23274E-1 3.5902E-1 2.61667E-1 6.86465E-1 5.38686E-1 5.44658E-1 3.59525E-1 5.63063E-1 5.37707E-1 4.23713E-1 3.87001E-1 4.85063E-1 2.26234E-1 3.69834E-1 4.95385E-1 3.2481E-1 3.18273E-1 2.76409E-1 1.12573E-1 6.15386E-1 3.48303E-1 3.44895E-1 4.05233E-1 3.03436E-1 3.29195E-1 2.53517E-1 4.8077E-1 4.98531E-1 2.52162E-1 4.85962E-1 4.55658E-1 2.93084E-1 1.92821E-1 1.72739E-1 7.23921E-1 3.25139E-1 1.87713E-1 5.64452E-1 1.15953E-1 5.06314E-1 3.58523E-1
