outputs/pantheraTigris_median.asc
ncols         290
nrows         290
xllcorner     68.0
yllcorner     8.0
cellsize      0.1
NODATA_value  -9999
[rows 182 to 207 of 290, columns 58 to 115 of 290]
4.21762E-2 6.31228E-1 9.21815E-2 2.2854E-1 7.40427E-2 7.01961E-3 1.71392E-1 4.24099E-2 4.87709E-1 4.58044E-1 6.06953E-1 6.77182E-1 6.42815E-1 8.81796E-1 3.94876E-2 5.75126E-1 7.85625E-1 6.5052E-1 7.1262E-1 8.89903E-1 7.30803E-1 8.27084E-1 5.90846E-1 7.90707E-1 7.66476E-1 3.64497E-1 7.76582E-1 5.73938E-1 6.16273E-1 3.91084E-1 3.19114E-1 6.52954E-1 4.64523E-1 6.65487E-1 2.96292E-1 7.76426E-1 9.06786E-1 6.56009E-1 5.57459E-1 8.85708E-1 7.34229E-1 4.33035E-1 7.41993E-1 7.27339E-1 3.68019E-1 8.99836E-1 8.49183E-1 6.45309E-1 3.93E-1 4.7546E-1 3.44783E-1 7.98149E-1 8.30514E-1 6.99747E-1 3.45212E-1 4.63943E-1 3.45314E-1 3.45089E-1
9.13148E-2 1.43779E-1 5.93391E-1 7.92349E-1 2.39339E-1 6.64243E-1 2.2731E-2 5.57904E-1 5.90608E-1 8.5657E-1 9.02855E-1 4.4364E-1 9.30292E-1 7.70484E-1 3.36828E-1 3.03577E-1 5.33578E-1 1.12548E-1 6.27901E-1 9.51673E-1 4.74656E-1 4.79051E-1 7.42067E-1 5.31024E-1 7.21227E-1 8.48686E-1 3.1702E-2 5.11292E-1 4.59613E-1 8.68566E-1 6.20761E-1 4.20766E-1 5.37451E-1 9.33441E-1 6.3955E-1 7.46772E-1 8.76606E-1 4.36538E-1 4.55874E-1 6.08904E-1 7.99423E-1 7.3735E-1 5.89942E-1 1.79514E-1 7.11882E-1 5.14732E-2 3.23094E-1 8.19135E-1 8.14811E-1 5.419E-1 8.00335E-1 7.31832E-1 4.92921E-1 6.42571E-1 4.29615E-1 1.18363E-1 3.48722E-1 7.60631E-1
2.27339E-2 8.83037E-1 3.6263E-1 5.58395E-1 8.2778E-1 4.39837E-1 2.66567E-1 1.39883E-1 3.40988E-1 3.39044E-1 2.06669E-1 1.7515E-1 2.7484E-1 2.98814E-1 8.68959E-1 8.64282E-1 6.93175E-1 1.39757E-1 5.97645E-1 8.00872E-1 2.91295E-1 8.64496E-1 7.63134E-1 8.9185E-1 4.86931E-2 4.95016E-1 1.72042E-1 3.49917E-1 6.38911E-1 7.51918E-1 7.79056E-1 4.11051E-1 8.10936E-1 9.34386E-1 5.85599E-1 6.62969E-1 4.92788E-1 7.25256E-1 5.78793E-1 5.85818E-1 3.93939E-1 7.7441E-1 5.21211E-1 6.73013E-1 7.50567E-1 3.51001E-1 2.63747E-1 2.18634E-1 2.43882E-1 1.32142E-1 4.26149E-1 5.86377E-1 4.89096E-1 8.13591E-1 3.84245E-1 6.56553E-1 3.1698E-1 8.30863E-1
4.68424E-1 2.20439E-1 3.73127E-1 2.9656E-1 3.55085E-1 9.57227E-1 3.94127E-2 4.37283E-1 6.44652E-1 6.88236E-1 6.45558E-1 3.47189E-1 7.22045E-1 4.04392E-1 2.00781E-1 8.18548E-1 3.34009E-1 7.96227E-1 9.53032E-1 9.03159E-1 8.80819E-1 1.97214E-1 1.03383E-1 3.87138E-1 6.54097E-1 7.35589E-1 4.52029E-1 4.03218E-1 3.27527E-1 2.65538E-1 2.94306E-1 1.98618E-1 7.09714E-1 8.25473E-1 8.96403E-1 6.66398E-1 5.96067E-1 4.92945E-1 9.23789E-1 4.34896E-1 6.21314E-1 6.80863E-1 9.23895E-2 1.64579E-1 3.90902E-1 2.17223E-1 3.0632E-1 3.07517E-1 2.62451E-1 7.92998E-1 6.01713E-1 7.60158E-1 6.23206E-1 8.33461E-1 7.68267E-1 5.70519E-1 2.46617E-1 3.46506E-1
2.14645E-1 2.38053E-1 3.70563E-1 1.70949E-1 9.9479E-2 2.46083E-1 1.79429E-1 7.91011E-2 1.74191E-1 4.8437E-1 5.25675E-1 7.5667E-1 2.66827E-1 2.67762E-1 6.74375E-2 4.94727E-1 5.43692E-1 2.59663E-1 8.59989E-1 6.63835E-1 5.38233E-1 2.63865E-1 3.45456E-1 3.51626E-1 4.38773E-1 4.29578E-1 2.10928E-1 7.64652E-1 3.63987E-1 2.51177E-1 3.05452E-1 4.74516E-1 4.84028E-1 7.88787E-1 6.5491E-1 2.35253E-1 4.48794E-1 6.16808E-1 6.76899E-1 4.75313E-1 4.73634E-1 6.76616E-1 4.89009E-1 3.58175E-1 1.75991E-1 3.8288E-1 2.51861E-1 2.13342E-1 3.03479E-1 6.76975E-1 5.17335E-1 5.52076E-1 4.69651E-1 6.26051E-1 5.55817E-1 3.76931E-1 2.09231E-1 4.5199E-1
8.66884E-2 3.16836E-1 1.68045E-1 2.79927E-1 4.19871E-1 6.59441E-1 7.27236E-1 5.57387E-2 4.75459E-1 1.86751E-1 3.52489E-1 8.34892E-1 7.95586E-1 3.51572E-1 1.44479E-1 9.20013E-1 4.41051E-1 2.68922E-1 8.65802E-1 5.05922E-1 3.25223E-1 6.48934E-2 6.08794E-1 3.4908E-1 1.56495E-1 8.59299E-1 6.30147E-1 4.48858E-1 2.77798E-1 3.87954E-1 2.42265E-1 4.28887E-1 4.3851E-1 5.10357E-1 9.15309E-1 7.19266E-1 6.46647E-1 8.6644E-1 4.43884E-1 6.84392E-1 4.91482E-1 7.28116E-1 4.34736E-1 7.02916E-1 4.46518E-1 7.74446E-1 8.23574E-1 8.36069E-1 3.96863E-1 5.67152E-1 4.14619E-1 4.53398E-1 3.9212E-1 4.2829E-1 2.74795E-1 5.33705E-1 8.25124E-1 5.35526E-1
1.50874E-1 3.10541E-1 2.22683E-1 2.56794E-1 6.25932E-1 4.66357E-1 1.50338E-1 4.42512E-1 3.04282E-1 3.40214E-2 1.94718E-1 6.1071E-1 1.25281E-1 6.08983E-2 2.68356E-1 3.98618E-1 3.141E-1 2.18299E-1 1.39735E-1 2.28965E-1 8.03782E-1 3.61379E-1 1.13602E-1 3.3865E-2 2.14351E-1 3.05267E-1 5.40321E-1 5.03919E-1 5.6127E-1 4.13344E-1 6.05881E-1 3.48708E-1 2.35434E-1 6.47318E-1 5.58985E-1 6.49142E-1 2.79885E-1 4.11102E-1 6.05691E-1 3.22128E-2 3.44299E-1 2.42092E-1 3.98395E-1 9.22946E-1 6.6328E-1 7.02913E-1 6.55628E-1 5.85337E-1 5.05057E-1 5.29876E-1 8.23341E-1 6.84508E-1 7.96418E-1 5.3794E-1 5.97532E-1 5.78628E-1 6.65896E-1 4.29005E-1
1.82711E-1 1.59213E-1 5.03194E-1 3.03798E-1 2.17429E-1 4.93175E-1 1.61021E-1 1.32325E-1 1.454E-1 4.29639E-1 2.11136E-1 1.55683E-1 2.42891E-1 4.83564E-1 1.86196E-1 4.51708E-1 4.55035E-1 1.69875E-1 1.94705E-2 4.46064E-1 4.36079E-1 8.6129E-1 7.37566E-1 6.95787E-1 6.88175E-1 3.27875E-1 5.47567E-1 4.89927E-1 2.84883E-1 5.48257E-1 8.41582E-1 7.27719E-1 3.90309E-1 3.66196E-1 3.02328E-1 7.6648E-1 5.20967E-1 5.18765E-1 4.0621E-1 2.7046E-1 2.62193E-1 4.9679E-1 2.10225E-1 7.11758E-2 9.11762E-1 6.38244E-1 8.76838E-1 3.82373E-1 8.58673E-1 7.0812E-1 5.71343E-1 6.35352E-1 6.8911E-1 3.65166E-1 6.0238E-1 6.97524E-1 2.30862E-1 6.14357E-1
2.8986E-1 6.62888E-1 8.52779E-2 2.30158E-1 2.18888E-1 2.70295E-1 2.45833E-1 3.31504E-1 4.84843E-1 5.18919E-1 1.96053E-1 2.53877E-1 2.67467E-1 3.21652E-1 1.90669E-1 1.72463E-1 5.16419E-1 3.01374E-1 2.70541E-1 4.49776E-1 7.9869E-1 1.80027E-1 8.2189E-1 6.10591E-1 4.13527E-1 1.03002E-1 3.70591E-2 4.81372E-1 2.44074E-1 1.43244E-1 7.27219E-1 4.57639E-1 5.29182E-1 7.36923E-1 8.02816E-1 2.98455E-1 7.8715E-1 8.85217E-1 2.19066E-1 2.37516E-1 1.90324E-1 1.55618E-1 3.58868E-1 3.64603E-1 8.46904E-1 8.10266E-1 6.45708E-2 7.50167E-1 7.87874E-1 4.79544E-2 7.37015E-1 5.37432E-1 3.87399E-1 6.54389E-1 4.49968E-1 6.46995E-1 1.41212E-1 4.58192E-1
5.69143E-1 3.17433E-1 2.48403E-1 2.15179E-1 2.23707E-1 3.8856E-1 3.5692E-1 9.25756E-2 3.30492E-1 3.21785E-1 1.27198E-1 2.88777E-1 8.46346E-2 1.82759E-1 4.35304E-1 4.50148E-1 4.45321E-1 3.25478E-1 1.76656E-1 1.28412E-1 2.11232E-1 4.45999E-1 5.84915E-1 6.68247E-1 5.43202E-1 8.76773E-1 4.85086E-1 7.18101E-1 4.70851E-1 9.18994E-1 2.10187E-1 2.29044E-1 4.2791E-1 2.14612E-1 1.56968E-2 1.49484E-1 2.15212E-1 2.67693E-1 2.92743E-1 3.99046E-2 8.70207E-2 3.67038E-1 4.6165E-1 3.66097E-1 4.36527E-1 5.56936E-1 6.72734E-1 3.54617E-1 2.6106E-1 3.48416E-1 6.63055E-1 6.34667E-1 6.65114E-1 5.8105E-1 7.18527E-1 1.40206E-1 1.96546E-1 2.12397E-1
2.19303E-1 1.97621E-1 2.53816E-1 2.39161E-1 1.87116E-2 1.86501E-1 1.59607E-1 9.29272E-2 3.44299E-1 5.47714E-1 3.53162E-1 3.81668E-1 1.66857E-1 1.56271E-1 4.68235E-1 1.74454E-1 2.01803E-1 3.63822E-1 5.00351E-1 3.43584E-1 5.68734E-1 3.78135E-1 3.60398E-1 8.59839E-1 6.89021E-1 4.76254E-1 7.97647E-1 5.46787E-1 6.43957E-1 1.95296E-2 5.27154E-1 6.58206E-1 4.70342E-1 3.31343E-1 3.28035E-1 6.76863E-1 3.50592E-2 4.08164E-1 3.12882E-1 2.43904E-1 5.56836E-1 5.3875E-1 6.59632E-1 5.58367E-1 4.58946E-1 2.28135E-1 7.92773E-1 1.46626E-1 1.81539E-1 6.41654E-1 5.29341E-1 7.07277E-1 3.2423E-1 7.21993E-1 2.57221E-1 2.65153E-1 3.33902E-1 2.84213E-1
1.52256E-1 2.21539E-1 1.63315E-1 5.9122E-2 2.21026E-1 5.5893E-2 6.44989E-2 4.36172E-1 1.63078E-1 2.43756E-2 3.69005E-1 1.95565E-1 3.1494E-1 1.86785E-1 2.9317E-1 3.6965E-1 1.87936E-1 2.83206E-1 4.54551E-1 1.71787E-1 4.66056E-1 3.65794E-1 1.79759E-1 1.67479E-1 5.66365E-1 9.6446E-1 8.62181E-1 7.52688E-1 9.32961E-1 9.51054E-1 2.42419E-1 6.94947E-1 6.5102E-1 4.35581E-1 2.57073E-1 1.47877E-1 2.56574E-1 1.66857E-1 1.57492E-1 2.91876E-1 7.97855E-1 5.36894E-1 7.26012E-1 5.9828E-1 2.60958E-1 3.13124E-1 1.3016E-1 3.33743E-1 1.74245E-1 6.65829E-1 5.81475E-1 4.84248E-1 1.84856E-1 2.15509E-1 2.56028E-1 4.00476E-1 2.28634E-1 4.03285E-1
8.85221E-3 1.90087E-1 4.92478E-1 6.27131E-2 1.61193E-1 2.36395E-1 1.30377E-1 7.63758E-2 3.6284E-1 3.99459E-1 1.38085E-1 3.20406E-1 4.4639E-1 1.57223E-1 1.67097E-1 3.93401E-1 5.70458E-1 1.4768E-2 2.66989E-1 2.90171E-1 3.90926E-1 2.78062E-1 2.96758E-1 6.54944E-1 4.86869E-1 8.2293E-1 5.9506E-1 4.09818E-1 7.27446E-1 7.04499E-1 3.74292E-1 2.3578E-1 2.34977E-1 2.01525E-1 3.30817E-1 3.10951E-1 4.60311E-1 3.29372E-1 2.47143E-1 1.46666E-1 2.34884E-1 4.52785E-1 2.42471E-1 2.02243E-1 1.53382E-1 2.32976E-1 4.77334E-1 3.48658E-1 3.38793E-1 7.17494E-1 5.95459E-1 3.54596E-1 1.78254E-1 3.70056E-1 1.64384E-1 1.63148E-1 2.36773E-1 2.54378E-1
9.22733E-2 2.40699E-1 2.87843E-2 4.03817E-1 1.73166E-1 4.62424E-1 2.36474E-1 3.54293E-2 2.45772E-1 5.17685E-1 1.64203E-1 4.50075E-1 4.4915E-1 1.74435E-1 1.96769E-1 3.93982E-2 2.69836E-1 3.91148E-1 4.42744E-1 2.34582E-2 3.85591E-1 1.89601E-1 3.96291E-1 3.78555E-1 7.3863E-1 6.93329E-1 7.13049E-1 6.95875E-1 8.64947E-1 3.12909E-1 2.71849E-1 3.53761E-2 1.62441E-1 3.05597E-1 3.76441E-1 3.81742E-1 4.12665E-1 2.20578E-1 3.51145E-1 1.87941E-1 3.77608E-1 3.43438E-1 4.97931E-1 1.81676E-1 3.53165E-1 7.90313E-1 4.52797E-1 4.00045E-1 5.331E-1 4.08598E-1 5.96436E-1 4.55921E-1 1.4513E-1 1.60403E-1 1.80436E-1 4.52098E-2 1.93353E-1 4.70258E-1
1.96504E-1 2.00626E-1 2.23122E-3 3.87688E-1 1.66503E-1 1.03202E-1 1.8316E-2 1.2811E-2 1.35447E-1 2.81954E-1 5.78535E-1 1.4118E-1 2.80085E-1 2.99822E-1 3.29448E-1 7.65525E-1 4.80804E-1 9.0589E-1 2.87529E-1 2.67537E-1 5.99661E-1 5.48602E-1 7.75423E-1 2.44631E-1 3.50067E-2 3.37E-1 7.23334E-1 7.01017E-1 4.23431E-1 6.81331E-1 3.9551E-1 5.13481E-1 2.16656E-1 2.5099E-1 1.83059E-1 1.99622E-1 3.53106E-1 1.83962E-1 1.98209E-1 4.28246E-1 3.82802E-1 3.62058E-1 2.2888E-1 3.47271E-1 5.36572E-1 2.24848E-1 3.2685E-1 3.92941E-1 2.17141E-1 1.03477E-1 3.00402E-1 2.27296E-1 2.14916E-1 1.70622E-1 3.26517E-1 2.16203E-1 4.00919E-1 3.64304E-1
2.20041E-1 1.55903E-1 4.57284E-1 5.98668E-3 1.53656E-1 1.57007E-1 6.44698E-2 1.37339E-1 3.09415E-1 1.68936E-1 3.38513E-1 4.29304E-1 3.51907E-1 1.87967E-1 5.86841E-1 9.74979E-2 7.08437E-1 6.19886E-1 8.77146E-1 5.14021E-1 7.04061E-1 8.70869E-1 7.93252E-1 4.52875E-1 2.68648E-1 2.61914E-1 6.34795E-1 8.66938E-1 8.71342E-1 6.56408E-1 8.22749E-1 6.51718E-1 7.58231E-1 3.83991E-1 2.09932E-1 2.80841E-1 1.75307E-1 3.00456E-1 2.71732E-1 2.36427E-1 3.83011E-1 1.68845E-1 4.04496E-1 1.9771E-1 1.88568E-1 7.65394E-1 2.48401E-1 3.60719E-1 1.57068E-1 3.3355E-1 2.27941E-1 3.33377E-1 2.49383E-1 1.75186E-1 1.72161E-1 3.21557E-1 5.59089E-1 5.78212E-1
4.97313E-1 1.17384E-1 3.8503E-1 3.89494E-1 3.20763E-2 1.56896E-1 4.0046E-1 4.97664E-1 1.32215E-1 9.94436E-2 1.78374E-1 3.55564E-1 3.09926E-2 4.85123E-1 2.43552E-1 4.30009E-1 3.05431E-1 7.87656E-1 1.97419E-1 6.90481E-1 4.46455E-1 1.80351E-1 8.35993E-1 3.40415E-1 3.07545E-1 3.10368E-1 2.62608E-1 8.45809E-1 5.88868E-1 1.17562E-1 5.3158E-1 7.28953E-1 8.25723E-1 1.83782E-1 1.58481E-1 4.84593E-2 4.55852E-1 4.81468E-2 4.46314E-1 4.54615E-1 2.57174E-1 2.81035E-1 2.60091E-1 2.57439E-1 3.988E-1 2.73716E-1 1.71226E-1 1.51153E-1 2.29452E-1 3.22761E-2 1.742E-1 4.46556E-1 5.98758E-1 7.00024E-1 4.03428E-1 3.43863E-1 1.52655E-1 2.87045E-2
3.71276E-1 3.03516E-1 1.13011E-1 8.70101E-2 1.25783E-1 4.16067E-2 3.10241E-1 1.29068E-1 3.45076E-1 3.49507E-1 1.56329E-2 4.0795E-1 4.90646E-2 1.89937E-1 3.8253E-1 1.99914E-1 6.29766E-1 2.05881E-1 2.08339E-1 3.60422E-1 2.4529E-1 2.31976E-2 3.85549E-1 2.51726E-1 3.21953E-1 2.56151E-1 6.68796E-1 2.76707E-1 1.40677E-1 3.8882E-1 3.88394E-1 8.00188E-1 8.62188E-1 4.32319E-1 2.84165E-1 8.87837E-2 4.15058E-1 3.01515E-1 3.14475E-1 3.65878E-1 1.25309E-1 2.69804E-1 1.66202E-1 1.31339E-1 5.62205E-2 2.5236E-1 1.88128E-1 1.35634E-1 7.93499E-1 3.66714E-1 4.24217E-1 5.45764E-2 4.26332E-1 5.89764E-1 4.03862E-1 7.0093E-1 1.83099E-1 1.64928E-1
1.3503E-1 4.50095E-1 5.053E-2 2.85955E-1 2.80079E-1 2.00115E-1 2.69612E-1 3.04841E-1 3.57077E-1 1.41897E-1 1.69592E-1 4.2473E-2 1.79103E-1 3.42342E-1 3.12492E-1 2.23029E-1 4.05425E-1 2.01237E-1 1.83065E-1 5.64305E-1 3.61308E-1 6.15081E-1 6.03078E-2 3.00222E-1 4.51375E-1 2.21705E-1 3.48496E-1 4.49735E-1 2.63309E-1 2.43674E-1 6.96263E-1 3.63128E-1 2.37413E-1 3.80741E-1 4.55843E-1 3.42946E-1 2.26408E-1 2.35996E-1 3.24677E-1 2.51881E-1 2.67602E-1 2.1813E-1 1.20373E-1 2.37413E-1 2.39382E-1 1.67763E-1 4.42506E-1 1.26449E-1 5.29668E-1 5.51281E-1 3.09827E-1 4.95171E-1 5.05248E-1 3.07793E-1 4.52135E-2 5.03829E-1 6.18289E-1 1.6027E-1
3.12747E-1 5.77667E-2 1.64552E-1 1.4951E-1 6.04377E-1 5.29738E-2 2.79186E-1 2.24705E-1 1.67714E-1 2.15568E-2 2.13991E-2 1.86448E-1 3.33622E-1 1.61354E-1 2.73947E-1 2.0907E-1 3.66047E-1 6.94413E-2 5.84061E-1 2.25523E-1 2.85722E-1 1.26399E-1 4.5706E-1 3.41393E-1 2.73544E-1 2.61567E-1 1.88406E-1 4.89995E-1 3.00684E-1 3.63878E-1 5.38412E-1 5.31035E-1 3.82283E-1 2.92857E-2 1.73209E-1 9.1727E-2 6.33124E-1 3.48598E-1 2.2469E-1 1.66459E-1 2.82496E-1 3.19476E-1 1.67707E-1 2.15444E-1 3.64011E-1 1.12851E-1 2.60359E-2 8.14886E-1 5.55124E-1 1.50709E-1 4.64942E-2 2.23224E-1 2.38098E-2 5.60814E-1 5.11329E-1 3.21245E-1 1.83626E-1 3.33118E-2
2.17457E-1 3.05007E-2 1.28951E-1 3.20382E-1 2.37533E-1 1.55588E-2 2.9497E-1 4.08554E-1 1.04437E-1 1.58782E-1 1.46274E-1 9.81152E-2 3.48025E-1 1.81538E-1 5.19319E-1 5.59862E-1 1.66007E-2 3.33171E-1 3.06491E-1 2.75556E-1 3.46654E-1 4.49802E-1 3.44204E-1 3.41165E-1 1.29271E-1 6.64014E-1 1.64206E-1 5.21268E-1 1.87756E-1 4.55905E-1 3.30374E-1 1.79616E-1 3.78147E-1 4.67559E-1 1.31699E-1 4.67095E-1 5.02304E-1 2.83767E-1 4.70037E-1 3.87968E-1 4.4407E-1 4.33123E-1 2.21433E-1 2.69097E-1 3.34112E-1 1.69005E-1 3.22427E-1 2.85042E-1 2.0652E-1 1.95907E-1 2.29574E-1 1.7972E-1 1.168E-1 3.00604E-1 1.14206E-1 2.07111E-1 1.6523E-1 2.79958E-1
3.11247E-1 2.04892E-1 3.12911E-1 6.22503E-1 3.02751E-1 2.93497E-1 1.89983E-1 1.4621E-1 2.77923E-1 2.36366E-1 4.37914E-1 3.33246E-1 1.74464E-1 1.54823E-1 5.87474E-1 6.49746E-1 2.06663E-1 2.09067E-1 3.15809E-1 3.45654E-1 4.11428E-1 3.22182E-1 3.60932E-1 3.67024E-1 5.00742E-1 1.58387E-1 7.74499E-1 2.0915E-1 1.97415E-1 2.21484E-1 7.11346E-1 1.70255E-1 3.80436E-1 5.6392E-1 6.76239E-1 2.26363E-1 4.48184E-1 3.03142E-1 1.95516E-1 1.95474E-1 2.91155E-1 2.78557E-1 2.21392E-1 1.89005E-1 1.56926E-1 2.70539E-1 3.61306E-1 2.91758E-1 7.75144E-2 2.64548E-1 1.63863E-2 1.99372E-1 2.184E-1 3.10142E-1 3.71228E-1 3.71335E-1 2.74514E-1 1.8478E-1
5.26126E-1 2.31465E-1 2.52092E-2 3.77126E-1 8.10732E-2 1.96796E-1 3.26281E-1 3.30682E-1 3.90364E-1 5.66751E-3 1.76493E-1 3.31679E-1 1.40134E-1 2.85436E-1 3.39632E-1 3.19212E-1 2.60647E-1 3.21053E-1 3.59207E-1 2.58561E-1 3.67745E-1 2.07871E-1 5.4509E-1 3.03219E-1 6.54685E-1 3.944E-1 3.79397E-1 1.19478E-1 2.48567E-1 5.45174E-1 2.16478E-1 2.11108E-1 2.8661E-1 6.3376E-1 9.01958E-1 3.86348E-1 4.99321E-1 5.15577E-1 5.10528E-1 3.61669E-1 3.60193E-1 2.54818E-1 2.41239E-1 1.52451E-1 3.2356E-1 3.71384E-1 1.01917E-1 3.59634E-1 3.25191E-1 1.97541E-1 2.11305E-1 2.57797E-2 1.41439E-1 2.27342E-1 6.34261E-1 5.45824E-1 4.64012E-1 2.18993E-1
2.32487E-1 1.66451E-1 3.71583E-1 1.80097E-1 3.73499E-1 3.69137E-1 2.38499E-2 2.07688E-1 7.10984E-1 3.39221E-1 2.88888E-1 2.61636E-1 5.52373E-1 6.21401E-2 3.20414E-1 2.36526E-1 3.77676E-1 2.72676E-1 1.81716E-1 3.76036E-1 5.47139E-1 2.52717E-1 3.74579E-1 2.51611E-1 4.71028E-1 4.91949E-1 4.57948E-1 7.25621E-1 1.82911E-1 2.82631E-1 4.99135E-1 2.1901E-1 8.00196E-1 8.15358E-1 4.24517E-1 3.53259E-1 1.75813E-1 1.31167E-1 2.76405E-1 2.32399E-1 3.30398E-1 3.26836E-1 1.97933E-1 2.60547E-1 2.50744E-1 1.97714E-1 2.99589E-1 1.93494E-1 1.53084E-1 2.49813E-1 1.99741E-1 3.86728E-1 1.94036E-1 1.7602E-1 3.4267E-1 2.92789E-1 1.57684E-1 2.92262E-1
1.57808E-1 2.97897E-1 6.42738E-1 3.33025E-1 2.75265E-1 4.5291E-1 4.59723E-2 5.29153E-2 6.7527E-3 1.93991E-1 3.24533E-1 2.96881E-1 6.40614E-1 3.26536E-1 5.65641E-1 2.81259E-1 2.11671E-1 5.95329E-1 4.10848E-2 3.78185E-1 5.89897E-1 2.97637E-1 2.90225E-1 3.8483E-1 7.42881E-1 2.35406E-1 1.99391E-1 4.93972E-1 1.95121E-1 2.07517E-1 2.65513E-1 2.22689E-1 3.75478E-1 8.93499E-2 8.37674E-1 1.68017E-1 4.07677E-1 2.34474E-2 1.92794E-1 2.32492E-1 1.69673E-1 3.00365E-1 3.13447E-1 2.30901E-1 2.88691E-1 2.27667E-1 2.26862E-1 3.97038E-1 2.11649E-1 1.54669E-2 2.62377E-1 3.5539E-1 3.27665E-1 1.82481E-1 1.92415E-1 3.74029E-1 2.49793E-1 3.1123E-1
3.28557E-1 3.4549E-1 5.57706E-1 2.64927E-1 3.9424E-1 2.29868E-2 1.7158E-1 3.06331E-1 2.15561E-1 4.21643E-2 3.57395E-1 1.76087E-1 1.69888E-1 1.37221E-1 2.35276E-1 2.58097E-1 4.18927E-1 1.69609E-1 5.39474E-1 5.53631E-1 4.47294E-2 4.36717E-1 3.62054E-1 3.73008E-1 4.41142E-2 3.66616E-1 1.73302E-1 4.36803E-1 2.69309E-1 4.57307E-1 4.81066E-1 2.66561E-1 4.76829E-1 2.21065E-1 1.59834E-1 2.21815E-1 2.87486E-1 1.74414E-1 1.94254E-1 2.74705E-1 2.28643E-1 1.92646E-2 2.07567E-1 2.37266E-1 2.39186E-1 3.11984E-1 2.80323E-1 1.43099E-1 1.80472E-1 3.61244E-1 2.08511E-1 1.80148E-1 3.76422E-1 2.72589E-1 1.80888E-2 1.58585E-1 1.78991E-1 1.55357E-1
