outputs/pantheraTigris_stddev.asc
ncols         290
nrows         290
xllcorner     68.0
yllcorner     8.0
cellsize      0.1
NODATA_value  -9999
[rows 130 to 155 of 290, columns 0 to 57 of 290]
-9999 -9999 -9999 -9999 -9999 -9999 -9999 -9999 -9999 -9999 -9999 -9999 -9999 -9999 -9999 -9999 -9999 -9999 -9999 -9999 -9999 -9999 -9999 2.39086E-3 2.26187E-2 4.64337E-3 8.45725E-3 3.56413E-2 2.37614E-2 3.91906E-2 6.84683E-2 7.3391E-3 4.31349E-3 3.10941E-2 1.68503E-2 4.71275E-2 2.10605E-2 -9999 -9999 -9999 -9999 -9999 -9999 -9999 -9999 -9999 -9999 -9999 -9999 8.98598E-2 3.73508E-2 4.33356E-2 4.84361E-2 7.10134E-2 9.18326E-2 2.80364E-2 5.35057E-2 5.42318E-2
-9999 -9999 -9999 -9999 -9999 -9999 -9999 -9999 -9999 -9999 -9999 -9999 -9999 -9999 -9999 -9999 -9999 -9999 -9999 -9999 -9999 -9999 1.92357E-2 7.7753E-5 2.78453E-2 4.15227E-2 3.95196E-2 1.29413E-3 6.98707E-2 3.34442E-2 7.47761E-2 7.43877E-2 1.11988E-2 3.61623E-2 5.95342E-3 3.08505E-3 3.84825E-2 3.26646E-3 3.3632E-4 2.71373E-2 -9999 -9999 -9999 -9999 -9999 -9999 -9999 7.34094E-3 5.87811E-2 7.61984E-3 6.13432E-2 3.81638E-2 2.39857E-2 6.13939E-2 1.96037E-2 2.23175E-2 3.06403E-2 3.20883E-2
-9999 -9999 -9999 -9999 -9999 -9999 -9999 -9999 -9999 -9999 -9999 -9999 -9999 -9999 -9999 -9999 -9999 -9999 -9999 -9999 3.49997E-4 3.04965E-3 1.72838E-2 5.3276E-4 2.64758E-2 1.35056E-2 2.32549E-2 7.49806E-2 3.34134E-2 6.51281E-2 7.13129E-2 8.27467E-3 3.16151E-2 4.58958E-2 4.71775E-2 5.93539E-3 1.85003E-2 5.01428E-2 1.72991E-2 1.15256E-1 3.55704E-2 5.89389E-3 -9999 -9999 -9999 -9999 -9999 7.86268E-3 7.90463E-5 3.20291E-2 5.84251E-2 3.65377E-2 6.63418E-2 4.27121E-3 8.70312E-2 6.16257E-2 4.39726E-2 3.36751E-2
-9999 -9999 -9999 -9999 -9999 -9999 -9999 -9999 -9999 -9999 -9999 -9999 -9999 -9999 -9999 -9999 -9999 -9999 -9999 2.96172E-2 4.23838E-2 1.39216E-2 1.96143E-3 4.87105E-2 5.59319E-2 3.37342E-2 2.55877E-2 3.96875E-2 2.12993E-2 3.67614E-2 3.39009E-2 9.3754E-3 1.38037E-1 4.32914E-2 7.47229E-2 8.4989E-2 2.11818E-2 2.46382E-2 7.98064E-3 3.18394E-2 1.05963E-1 3.78775E-2 -9999 -9999 -9999 -9999 -9999 5.10478E-2 5.50132E-2 7.64983E-3 1.66838E-2 1.12827E-1 9.18501E-2 6.06381E-2 1.11486E-1 5.86674E-2 4.16173E-2 3.74587E-2
-9999 -9999 -9999 -9999 -9999 -9999 -9999 -9999 -9999 -9999 -9999 -9999 -9999 -9999 -9999 -9999 -9999 -9999 -9999 4.10736E-2 1.39232E-2 4.89623E-2 3.18637E-2 3.0294E-2 2.69806E-2 4.03186E-2 3.68887E-2 7.15991E-3 4.68383E-2 5.30421E-2 6.21396E-2 1.06256E-1 3.34298E-2 2.04005E-2 5.06985E-2 3.31987E-2 6.35168E-2 3.55811E-2 7.01376E-2 7.81096E-3 3.2625E-2 1.89562E-2 9.46526E-2 -9999 -9999 -9999 -9999 2.39911E-2 3.30492E-2 6.49995E-2 3.51147E-3 6.32297E-2 3.4239E-2 3.74303E-2 6.78509E-2 5.6123E-2 1.56071E-2 3.98852E-2
-9999 -9999 -9999 -9999 -9999 -9999 -9999 -9999 -9999 -9999 -9999 -9999 -9999 -9999 -9999 -9999 -9999 -9999 -9999 1.08219E-1 8.44843E-3 3.78291E-2 3.75358E-2 1.99674E-2 2.09704E-2 3.37378E-2 4.93066E-2 5.89535E-2 5.10684E-2 3.05988E-2 5.49331E-2 2.97457E-2 3.73643E-2 3.61847E-2 9.68654E-2 4.73596E-2 3.71271E-2 3.23716E-2 7.59038E-2 4.66728E-2 1.54613E-2 6.30297E-2 1.16375E-1 -9999 -9999 -9999 -9999 9.32585E-3 7.09216E-2 2.62197E-2 4.30256E-2 1.7847E-2 2.86034E-2 4.25522E-2 2.96177E-2 6.7231E-2 1.50762E-2 6.29187E-2
-9999 -9999 -9999 -9999 -9999 -9999 -9999 -9999 -9999 -9999 -9999 -9999 -9999 -9999 -9999 -9999 -9999 -9999 8.78941E-2 6.44484E-2 5.7633E-2 3.45972E-2 4.96235E-2 3.65848E-2 4.32428E-2 1.88495E-2 6.1274E-2 2.96939E-2 5.18674E-2 1.08229E-1 2.66399E-2 5.19061E-2 5.15132E-2 4.69603E-2 5.72714E-2 6.52621E-2 6.57839E-2 3.0096E-2 1.47537E-2 3.05278E-2 9.3566E-2 4.16288E-2 4.83058E-2 -9999 -9999 -9999 -9999 4.05535E-2 7.52304E-2 6.96487E-2 8.25904E-2 2.98465E-2 5.58853E-2 7.90015E-2 4.0075E-2 6.2573E-2 2.47326E-2 9.79362E-2
-9999 -9999 -9999 -9999 -9999 -9999 -9999 -9999 -9999 -9999 -9999 -9999 -9999 -9999 -9999 -9999 3.49621E-3 1.2501E-2 5.22708E-2 9.21478E-2 5.34284E-2 3.5208E-2 2.22462E-2 3.91675E-2 5.58998E-3 6.93746E-2 3.35237E-2 8.19669E-2 8.68454E-2 7.20243E-2 4.54501E-2 3.36962E-2 5.49519E-2 9.7413E-2 7.18433E-2 5.09799E-2 1.19886E-1 4.49499E-2 3.77519E-2 4.02071E-2 3.69005E-2 3.42795E-2 4.93315E-3 -9999 -9999 -9999 4.08173E-4 -9999 1.57182E-2 1.72893E-2 3.23797E-2 1.71123E-2 5.51937E-2 8.74272E-2 4.37682E-2 6.74612E-3 2.67526E-2 2.2526E-2
-9999 -9999 -9999 -9999 -9999 -9999 -9999 -9999 -9999 -9999 -9999 -9999 -9999 -9999 4.26138E-3 2.27017E-3 1.49566E-2 7.43938E-3 7.52686E-2 1.06756E-1 1.02843E-2 5.08678E-2 4.15262E-2 4.56019E-2 4.64657E-2 3.65043E-2 3.66531E-2 4.24948E-2 7.92668E-2 3.93278E-2 2.75533E-2 4.56649E-2 2.07508E-2 4.1243E-2 1.02537E-1 4.9683E-2 3.74976E-2 2.45888E-2 6.5601E-2 4.31104E-2 4.61689E-2 5.37219E-2 1.75651E-2 -9999 -9999 -9999 1.22843E-2 4.57661E-3 2.37608E-2 3.44407E-2 3.96279E-2 4.7118E-2 4.90518E-2 5.78862E-2 4.90917E-2 5.86322E-2 3.81247E-2 8.10882E-2
-9999 -9999 -9999 -9999 -9999 -9999 -9999 -9999 -9999 -9999 -9999 -9999 -9999 -9999 4.53425E-2 7.49414E-2 1.77741E-2 3.73777E-2 2.53684E-2 2.47447E-2 3.86369E-2 3.77413E-2 3.94834E-2 5.53198E-3 1.04322E-1 7.09739E-2 7.18821E-2 2.33888E-2 3.91497E-2 8.4337E-2 7.67719E-2 5.97771E-2 2.56556E-2 2.51586E-2 3.30673E-2 4.8916E-2 3.75474E-2 5.78035E-2 6.23281E-2 6.00738E-2 2.50766E-3 3.57653E-2 -9999 -9999 -9999 -9999 3.46201E-6 5.55971E-3 1.35295E-3 1.12611E-1 7.07085E-2 3.92659E-2 6.15976E-2 6.18673E-2 8.0272E-2 4.05778E-2 5.9329E-2 4.76086E-2
-9999 -9999 -9999 -9999 -9999 -9999 -9999 -9999 -9999 -9999 -9999 -9999 -9999 1.28994E-3 1.63433E-2 4.77615E-2 8.25572E-2 3.53815E-2 4.10855E-2 2.32549E-2 7.52383E-2 5.30545E-2 4.35216E-2 2.3241E-2 8.90275E-2 1.55618E-2 6.16196E-2 2.01029E-2 4.44887E-2 6.3517E-2 5.96738E-2 4.45392E-2 3.48379E-2 2.68124E-2 5.23499E-2 1.21414E-2 9.58134E-2 3.3993E-2 3.39933E-2 4.76343E-2 2.90082E-2 9.37343E-3 8.02912E-2 -9999 -9999 -9999 5.40368E-3 4.1809E-2 1.33527E-2 2.721E-2 2.34976E-2 1.53655E-2 4.44655E-2 5.78472E-2 6.68637E-2 7.23727E-2 6.71178E-2 1.01694E-1
-9999 -9999 -9999 -9999 -9999 -9999 -9999 -9999 -9999 -9999 -9999 5.45968E-3 1.02192E-3 3.57186E-3 2.4627E-2 7.62088E-5 3.61812E-3 3.30592E-2 5.1072E-2 2.61349E-2 1.64737E-2 1.03231E-1 8.30529E-2 3.39298E-2 5.01728E-2 1.01736E-1 3.32919E-2 7.29292E-2 6.35189E-2 2.86525E-2 2.18173E-2 4.6853E-2 1.823E-2 6.81985E-2 9.86831E-2 1.23059E-1 7.64397E-2 8.44482E-2 9.77364E-2 3.02105E-2 3.04946E-2 4.19382E-3 7.26548E-3 2.61184E-2 -9999 -9999 2.65662E-2 4.76641E-3 4.6653E-2 3.47611E-2 6.29835E-2 3.63754E-2 4.92805E-2 1.01756E-1 7.37095E-2 4.85113E-2 7.04958E-2 1.2508E-1
-9999 -9999 -9999 -9999 -9999 -9999 -9999 -9999 -9999 -9999 -9999 1.24446E-3 8.0663E-6 1.57463E-3 1.84159E-3 4.88241E-2 1.67061E-2 2.94298E-4 5.11757E-2 3.54369E-2 4.45951E-2 5.19397E-2 2.76734E-2 3.50312E-2 8.50485E-2 6.91993E-2 7.3562E-2 7.3096E-2 9.5381E-2 8.10744E-2 4.66732E-2 2.59991E-2 3.99668E-2 7.22011E-2 5.24467E-3 3.90954E-2 8.51934E-2 3.35169E-2 3.67451E-2 7.80028E-2 6.03678E-2 1.96079E-2 1.66972E-2 3.82644E-5 7.42828E-3 -9999 3.86689E-3 4.74815E-2 4.04556E-2 1.93424E-2 8.6471E-2 4.15175E-2 4.51321E-2 3.28443E-2 6.90973E-2 3.07645E-2 5.28391E-2 1.01625E-1
-9999 -9999 -9999 -9999 -9999 -9999 -9999 -9999 -9999 -9999 2.82945E-2 4.8507E-2 -9999 -9999 1.3475E-2 4.98021E-3 1.37157E-3 4.69377E-2 7.8328E-2 6.20871E-2 1.22046E-2 1.44952E-3 4.38959E-2 2.98409E-3 3.78266E-2 9.72315E-2 5.3214E-2 5.79505E-2 3.47475E-2 6.70166E-2 2.87455E-2 2.49406E-2 1.44373E-1 1.90169E-2 1.1071E-2 2.95733E-2 2.09377E-2 8.88148E-2 8.13207E-2 5.76716E-2 6.57499E-2 4.76381E-3 1.0397E-1 1.76319E-2 1.01059E-1 2.81509E-3 5.51037E-2 3.50818E-2 9.16358E-2 6.40174E-2 1.08848E-1 1.98735E-1 4.81198E-2 7.83219E-2 1.53391E-1 2.37901E-2 2.51486E-2 4.1332E-2
-9999 -9999 -9999 -9999 -9999 -9999 -9999 -9999 -9999 -9999 5.46701E-4 3.6655E-3 -9999 -9999 -9999 -9999 -9999 1.44869E-2 1.89348E-3 6.20857E-3 2.07027E-2 1.81663E-2 4.00695E-2 2.76524E-2 7.1425E-2 4.65483E-2 3.49912E-2 3.95777E-2 8.63869E-2 3.70752E-2 8.13102E-2 1.01629E-1 7.32582E-2 1.87367E-2 2.49354E-3 7.43998E-2 2.83297E-2 1.03293E-1 7.78155E-2 8.87865E-2 2.37396E-2 3.059E-2 2.10587E-2 7.6572E-3 6.65678E-2 1.4477E-2 4.71337E-2 9.00694E-3 8.07038E-2 2.66403E-2 1.26771E-1 4.56676E-2 1.48592E-2 4.35707E-2 1.22068E-1 3.9611E-2 4.92815E-2 6.33115E-2
-9999 -9999 -9999 -9999 -9999 -9999 -9999 -9999 -9999 -9999 -9999 -9999 -9999 -9999 -9999 -9999 -9999 -9999 -9999 6.85266E-2 6.24679E-2 2.32851E-3 8.03832E-3 8.97238E-4 2.17205E-4 3.04049E-2 1.65491E-2 6.04304E-2 5.49414E-2 7.16451E-2 2.95617E-2 1.13888E-2 1.72548E-2 2.13967E-3 2.12153E-2 4.39916E-2 2.8727E-2 7.12715E-2 8.79258E-2 3.7537E-2 3.53629E-2 3.68932E-3 2.07807E-2 9.01991E-2 6.10532E-2 6.75964E-2 2.28828E-2 9.09131E-2 5.90646E-2 5.19415E-2 3.98955E-2 5.16339E-2 2.38573E-2 7.38594E-2 5.46085E-2 4.96857E-2 1.47416E-2 8.924E-2
-9999 -9999 -9999 -9999 -9999 -9999 -9999 -9999 -9999 -9999 -9999 -9999 -9999 -9999 -9999 -9999 -9999 -9999 -9999 -9999 -9999 -9999 -9999 5.35195E-2 5.59677E-2 4.45317E-2 4.04809E-2 1.05144E-1 7.58952E-2 8.56145E-2 7.27658E-2 5.11575E-2 5.16204E-3 1.68195E-2 3.41468E-2 6.10929E-3 2.3275E-2 9.0747E-2 9.04268E-2 6.65617E-3 9.15657E-3 1.50672E-2 2.78678E-3 7.32339E-2 2.21125E-2 2.27829E-2 8.16038E-3 7.77175E-2 1.21127E-1 9.8069E-2 5.45915E-2 5.25801E-2 1.22952E-2 7.87353E-2 9.95054E-2 4.2193E-2 3.23994E-2 3.24647E-2
-9999 -9999 -9999 -9999 -9999 -9999 -9999 -9999 -9999 -9999 -9999 -9999 -9999 -9999 -9999 -9999 -9999 -9999 -9999 -9999 -9999 -9999 -9999 9.64987E-3 1.72197E-2 1.35391E-3 6.23718E-2 9.4706E-2 3.3462E-2 5.22146E-2 2.288E-3 1.9828E-2 7.93304E-2 7.36765E-3 7.62858E-2 9.94929E-2 9.96726E-2 9.49609E-2 4.65612E-2 6.66473E-2 7.78245E-2 6.21402E-2 5.92626E-2 1.0559E-1 4.86203E-2 1.59162E-2 1.0736E-1 2.70604E-2 4.03141E-2 5.68489E-2 5.21317E-2 8.52271E-2 3.11261E-2 5.41599E-2 2.84761E-2 2.35577E-2 2.48541E-2 3.93718E-2
-9999 -9999 -9999 -9999 -9999 -9999 -9999 -9999 -9999 -9999 -9999 -9999 -9999 -9999 -9999 4.69946E-2 4.46698E-4 -9999 -9999 -9999 -9999 -9999 -9999 -9999 1.99115E-2 6.76209E-3 5.10482E-2 8.38864E-2 1.33594E-1 1.35831E-2 1.47999E-2 9.6897E-2 2.30994E-2 2.20964E-2 7.88027E-2 6.90105E-2 1.21881E-2 1.82223E-2 4.6691E-3 5.08253E-2 8.92815E-2 1.03549E-1 6.74401E-3 2.71657E-2 6.81599E-2 2.37043E-2 7.15727E-2 9.08522E-2 8.61151E-2 1.25703E-1 5.22302E-2 8.35925E-2 4.78851E-2 3.21043E-2 4.90987E-2 5.8363E-2 1.71303E-2 3.47784E-2
-9999 -9999 -9999 -9999 -9999 -9999 -9999 -9999 -9999 -9999 -9999 -9999 4.29008E-3 6.5191E-3 3.10988E-3 1.69271E-2 5.67135E-6 2.94891E-2 1.08939E-2 -9999 -9999 -9999 -9999 -9999 1.16507E-2 5.24709E-3 3.78316E-2 4.29735E-2 7.79063E-2 3.32684E-2 6.2504E-2 2.29579E-2 4.78224E-2 5.66218E-2 1.36472E-1 7.24476E-3 6.84949E-3 1.18795E-1 9.32733E-2 1.29127E-2 2.57838E-2 2.17633E-2 5.56908E-2 8.62359E-2 2.63822E-2 5.47753E-2 2.72274E-2 6.28428E-2 9.34021E-2 7.4939E-2 1.82772E-2 6.73823E-2 2.72852E-2 5.59517E-2 5.3757E-2 3.22045E-2 1.61935E-2 4.47729E-2
-9999 -9999 -9999 -9999 -9999 -9999 -9999 -9999 -9999 2.39575E-3 7.06223E-4 1.84306E-2 1.14544E-2 1.90731E-3 1.66474E-3 3.34519E-4 4.04811E-2 2.29085E-3 1.44699E-5 1.12002E-2 9.02973E-2 2.14484E-2 5.38637E-3 1.97273E-2 -9999 2.24978E-2 1.90058E-2 2.25568E-2 3.60779E-2 4.82751E-2 6.85297E-2 3.15577E-2 8.81639E-2 8.44735E-2 8.80083E-2 4.54162E-2 3.43658E-2 9.22185E-2 2.87004E-2 6.21055E-3 9.50882E-2 4.25207E-2 3.16169E-2 2.0632E-2 1.44066E-2 7.77793E-2 2.62828E-2 1.08432E-2 6.36994E-2 1.15934E-2 1.86131E-2 3.22128E-2 5.91126E-2 3.53172E-2 4.02603E-2 2.44004E-2 7.1255E-2 1.8753E-2
-9999 -9999 -9999 -9999 -9999 -9999 -9999 -9999 3.91389E-4 2.2957E-3 7.83039E-3 2.6007E-3 4.40163E-2 1.69791E-2 1.20463E-2 1.22814E-4 5.55812E-4 1.339E-3 1.15657E-2 3.63578E-5 3.12558E-3 2.18429E-2 3.01508E-2 2.61361E-4 1.01261E-2 7.26393E-2 1.02492E-2 1.06447E-2 9.33728E-2 1.2847E-2 1.73823E-1 6.67789E-2 1.16002E-2 3.34229E-2 2.4272E-2 1.22018E-2 1.52943E-2 9.02241E-2 2.90021E-2 3.69572E-2 4.70379E-2 1.47308E-2 4.18007E-2 1.82226E-2 4.91488E-2 2.36758E-2 8.263E-2 1.67363E-2 1.79758E-2 4.50282E-2 3.76378E-2 1.22382E-2 6.13391E-2 8.77807E-2 6.36865E-2 2.37967E-2 1.09249E-1 3.8653E-2
-9999 -9999 -9999 -9999 -9999 -9999 -9999 2.11265E-3 3.23268E-3 2.39711E-4 9.46068E-3 4.31245E-4 1.61375E-5 6.28882E-6 1.37007E-2 1.27359E-6 2.16405E-2 6.55023E-2 9.99707E-2 1.32698E-3 2.47912E-2 8.35806E-4 3.14379E-2 8.58666E-4 5.53997E-2 6.64219E-3 6.12218E-4 5.13151E-2 7.09913E-2 1.0366E-2 1.15979E-2 6.79473E-2 9.94275E-2 1.07879E-1 1.70137E-2 8.50276E-2 2.76093E-2 8.77029E-2 1.74116E-2 3.0803E-2 6.2387E-2 4.14842E-2 2.62574E-2 7.48172E-2 2.14738E-2 7.70748E-2 1.83255E-2 1.14325E-2 1.73884E-2 5.63201E-2 1.50173E-2 4.08055E-2 2.89791E-2 4.82618E-2 2.00423E-2 6.58449E-2 5.03903E-2 1.44979E-2
-9999 -9999 -9999 -9999 -9999 -9999 -9999 5.41556E-6 6.80559E-2 6.80586E-4 7.1168E-2 9.49089E-3 1.75352E-6 6.94244E-3 1.43117E-2 4.58368E-3 2.60361E-3 2.171E-2 6.66152E-2 7.91978E-3 1.27841E-3 1.66576E-2 5.6463E-2 5.4839E-6 1.18263E-4 6.52829E-3 5.9337E-2 6.4356E-2 1.31208E-2 6.46367E-2 3.19607E-3 8.22452E-5 1.43486E-2 1.65351E-3 1.2263E-2 4.54918E-3 7.14611E-2 6.24112E-2 4.96038E-3 3.82635E-3 6.53154E-2 2.14517E-2 4.40197E-2 3.64746E-2 7.97455E-2 5.63062E-2 2.81271E-2 9.12096E-2 2.92024E-2 4.69468E-2 3.858E-2 2.8717E-2 8.3305E-2 2.22477E-2 8.43563E-2 7.91991E-2 1.89521E-2 2.693E-2
-9999 -9999 -9999 -9999 -9999 -9999 3.04365E-2 1.41747E-2 9.98272E-3 3.48523E-4 2.98129E-5 9.24783E-2 1.00953E-5 3.22669E-5 3.93699E-6 5.23796E-2 5.8886E-2 1.65189E-1 5.4137E-2 9.52931E-4 1.17052E-4 1.79237E-2 6.50167E-2 5.43267E-3 1.45749E-2 9.29918E-2 9.85323E-3 2.16358E-2 2.03965E-2 1.9063E-2 8.98688E-3 3.47055E-2 7.76288E-2 4.4757E-2 4.3444E-3 4.24728E-2 4.30281E-2 1.84691E-2 3.06428E-3 1.13933E-1 5.16046E-3 9.2063E-2 2.5017E-2 2.04133E-2 3.86098E-2 2.85236E-2 1.9403E-2 1.80109E-2 2.04868E-3 1.36699E-2 4.15783E-2 4.44963E-2 8.3878E-2 5.22458E-2 3.66246E-2 3.31786E-2 1.2537E-2 3.42931E-2
-9999 -9999 -9999 -9999 -9999 7.69052E-3 4.86891E-5 7.72559E-6 5.38896E-3 3.80879E-5 3.80612E-2 1.11697E-4 2.13341E-3 2.40047E-2 1.13695E-1 3.30026E-2 9.90099E-3 3.98103E-3 3.77093E-2 1.29237E-2 4.14008E-2 3.77556E-2 3.08756E-5 1.96489E-3 1.63998E-3 2.40026E-2 2.85112E-2 5.26775E-2 7.65221E-2 2.3646E-2 1.42603E-2 1.49943E-2 1.18909E-2 3.31687E-3 1.18289E-2 7.5767E-3 6.72981E-3 6.25827E-3 6.70322E-3 2.87012E-2 7.1026E-2 6.78154E-2 5.83378E-2 1.66421E-2 2.96863E-2 1.42414E-2 5.865E-2 3.28147E-2 7.22883E-2 5.36062E-2 8.64579E-2 2.63295E-2 1.07349E-1 8.53462E-2 2.28527E-2 1.16403E-1 4.99095E-2 1.11523E-2
