outputs/pantheraTigris_3.asc
ncols         290
nrows         290
xllcorner     68.0
yllcorner     8.0
cellsize      0.1
NODATA_value  -9999
[rows 156 to 181 of 290, columns 116 to 173 of 290]
8.20639E-1 8.4533E-1 8.58411E-1 7.41868E-1 1.55521E-1 8.94188E-1 1.41753E-1 5.85775E-1 6.65174E-1 3.40376E-1 4.52877E-1 8.58559E-1 6.80619E-1 9.7492E-2 7.43018E-1 3.60886E-1 6.59763E-1 7.15695E-1 5.73698E-1 6.88717E-1 7.87819E-1 7.08916E-1 6.92744E-1 6.00595E-2 8.4573E-1 1.24146E-1 6.37594E-1 8.52698E-1 1.41461E-1 8.24118E-1 5.98842E-2 6.68728E-1 5.98131E-1 6.52473E-1 4.98888E-1 7.18834E-1 1.45185E-1 6.81041E-1 5.82705E-1 7.26523E-1 6.99212E-1 5.79894E-1 7.17658E-1 3.99277E-1 4.93312E-1 3.99932E-1 7.09763E-1 3.7929E-1 3.8353E-1 3.94034E-1 6.21423E-1 7.22323E-1 5.65042E-1 5.24789E-1 5.19842E-1 7.97234E-1 4.72917E-1 5.34502E-1
5.32504E-1 8.08281E-1 5.2576E-1 5.61449E-1 9.13471E-2 5.72378E-1 7.83706E-1 4.29496E-1 9.56819E-1 4.69098E-1 6.7995E-1 4.93013E-2 5.52924E-1 9.86033E-2 3.62271E-1 1.78891E-1 5.98023E-1 3.6251E-1 1.86922E-1 9.23037E-1 5.46916E-1 5.80804E-1 6.79656E-2 6.13986E-2 7.12393E-1 5.92422E-1 7.72844E-1 4.12064E-1 7.19657E-1 7.55669E-1 3.94381E-1 8.60093E-1 8.48624E-1 4.88457E-1 7.03586E-1 7.29838E-1 5.00971E-1 1.52085E-1 6.11462E-1 6.08421E-1 4.59966E-1 5.09646E-1 1.2708E-1 5.97184E-1 7.9036E-1 3.65977E-1 5.57281E-1 8.56843E-1 4.67756E-1 4.0405E-1 1.02857E-1 5.65861E-1 5.3111E-1 2.79222E-1 5.54815E-1 4.44359E-1 5.79515E-1 9.44925E-1
4.1541E-1 7.6713E-1 6.94275E-1 5.54724E-1 7.67624E-1 2.62909E-1 3.7463E-1 5.47231E-1 3.37381E-1 8.13479E-1 6.13422E-1 5.45407E-1 8.3135E-1 8.12792E-1 7.01268E-1 7.56008E-1 9.012E-1 6.98943E-1 8.67789E-1 7.20254E-1 4.22157E-1 8.00105E-1 5.50882E-1 5.69433E-1 4.90299E-1 5.34486E-1 6.17757E-1 4.35212E-1 5.11928E-1 1.70352E-1 5.67287E-1 1.5724E-1 5.30742E-1 4.92683E-1 5.30332E-1 9.0232E-1 5.84164E-1 5.39461E-1 3.72655E-1 6.10297E-1 6.21847E-1 4.57522E-1 4.91144E-1 5.16833E-1 4.89646E-1 3.71595E-1 3.94895E-1 6.1784E-1 9.09692E-1 7.7717E-1 6.57816E-1 8.72358E-1 6.39167E-2 6.61598E-1 7.04536E-2 5.59997E-1 8.86502E-1 5.33047E-1
8.06885E-1 5.8274E-1 8.17271E-1 5.66874E-1 6.41546E-1 7.62937E-1 5.92613E-1 7.67291E-1 6.16049E-1 5.08663E-1 5.19799E-1 7.25103E-1 8.70224E-1 9.68817E-1 4.87347E-1 8.40816E-1 1.78578E-1 7.06736E-1 5.24916E-1 9.76656E-1 5.72578E-1 6.0164E-1 8.45149E-1 5.90113E-1 3.67613E-1 5.10734E-2 5.64092E-1 6.49307E-1 5.35582E-1 6.27123E-1 5.18851E-1 6.3909E-1 8.9953E-1 4.66999E-1 6.60963E-1 9.17614E-1 1.46193E-1 8.90981E-1 4.23658E-1 9.34842E-1 7.47855E-1 3.28065E-1 4.61973E-1 5.72697E-1 5.815E-1 5.40321E-1 8.38445E-1 4.09522E-1 5.69618E-1 5.82621E-1 5.11585E-1 5.475E-1 3.49123E-1 5.77252E-1 3.469E-1 3.7788E-1 1.77672E-1 4.53834E-1
9.09307E-1 3.56112E-1 5.6298E-1 6.5982E-1 6.44175E-1 5.35096E-1 3.77195E-1 6.12066E-2 5.47061E-1 3.81858E-1 8.69713E-1 5.6464E-1 7.41224E-1 3.30621E-2 6.21405E-1 6.68241E-1 1.60277E-1 7.28123E-1 8.19536E-1 8.02741E-1 4.70748E-1 7.00381E-1 5.1547E-1 5.3852E-1 6.98504E-1 4.35744E-1 8.92671E-1 6.04848E-1 4.3967E-1 9.11077E-1 4.48106E-2 3.00306E-1 5.58674E-1 5.23177E-1 1.09311E-1 6.10139E-1 3.71862E-1 8.21284E-1 9.61162E-1 6.65569E-1 7.61597E-1 7.08124E-1 4.32772E-1 7.04981E-1 4.58474E-1 4.46221E-1 5.84665E-1 6.43034E-1 5.66773E-1 6.00152E-1 4.38221E-1 6.75366E-1 4.85609E-1 8.44799E-1 8.40873E-1 4.73398E-1 7.56305E-1 5.0917E-1
1.69978E-1 7.22482E-1 6.47294E-1 7.31074E-1 4.47393E-1 8.06306E-1 7.95859E-1 9.63266E-1 6.56748E-1 8.3802E-1 4.80146E-1 6.87645E-1 7.30432E-1 7.00321E-1 5.87175E-1 5.44798E-1 8.70743E-1 3.07232E-1 5.57854E-1 4.60345E-1 7.76734E-1 1.09798E-1 6.14233E-1 5.93178E-2 5.27384E-1 1.62762E-1 8.82044E-1 4.00584E-1 4.2014E-1 5.56516E-1 5.127E-1 5.23126E-1 4.35276E-1 9.65634E-1 5.1566E-1 7.54549E-1 3.58259E-1 4.99316E-1 3.70446E-1 4.81739E-1 4.36218E-1 9.15018E-1 2.55901E-1 1.9782E-1 2.0301E-1 4.5206E-2 5.89866E-1 4.14991E-1 5.24128E-1 8.23131E-1 8.48047E-1 2.34274E-1 5.83122E-1 2.18309E-1 5.72725E-1 8.24397E-1 5.40717E-1 7.54394E-1
7.66025E-1 3.88947E-1 2.2456E-1 2.42055E-1 7.37872E-1 5.74453E-1 8.45673E-1 5.97262E-1 3.40982E-1 6.25853E-1 5.76011E-1 2.06553E-1 3.29047E-1 7.21004E-1 1.35219E-1 1.68304E-1 6.21977E-1 8.56665E-1 2.5705E-1 5.46788E-1 9.72947E-1 5.18025E-1 7.02909E-1 5.83869E-1 6.73008E-1 7.17538E-1 5.81413E-1 6.17465E-1 2.87556E-1 3.11204E-1 4.84684E-1 4.93747E-1 9.68602E-1 6.99581E-2 4.10203E-1 1.73756E-1 6.38419E-1 4.47637E-1 4.23009E-1 4.59421E-1 8.04501E-1 3.72518E-1 6.07236E-1 7.07758E-1 4.55819E-1 6.44259E-1 8.39806E-1 7.62623E-1 3.63734E-1 8.10392E-2 6.53773E-1 7.79533E-1 6.93636E-1 5.47276E-1 5.42049E-1 1.7014E-1 7.75518E-1 5.09668E-1
3.52552E-1 7.9124E-1 5.83951E-1 6.1028E-1 8.85309E-1 2.2869E-1 3.86219E-1 4.99206E-1 6.56357E-1 7.78929E-1 6.97558E-1 4.30653E-1 3.10307E-1 8.1935E-1 8.68606E-2 8.17057E-1 8.92187E-1 8.72506E-1 3.71012E-1 8.32224E-1 7.37776E-1 4.84684E-1 7.72404E-1 5.50398E-1 1.63516E-1 5.35586E-1 1.51569E-1 1.34136E-1 5.56647E-1 9.1242E-1 4.62396E-1 3.3282E-1 8.77483E-1 3.12103E-1 9.24598E-1 6.49701E-1 4.30218E-1 5.39161E-1 8.13206E-1 1.29326E-1 2.84805E-1 4.26288E-1 5.85509E-2 8.51371E-1 7.46473E-1 4.01701E-1 5.11254E-1 5.24554E-1 5.46562E-1 7.87883E-2 4.07552E-1 4.71739E-1 8.61775E-1 8.51691E-1 6.40846E-1 5.28261E-1 6.80181E-1 4.64947E-1
1.22193E-1 6.87829E-1 3.42221E-1 9.36009E-1 7.78542E-1 3.63856E-1 3.81238E-1 5.36941E-2 5.33815E-1 6.23021E-1 5.19606E-1 4.45275E-1 3.73757E-1 7.18098E-1 6.29587E-1 3.10573E-2 6.41842E-1 1.37961E-1 1.37671E-1 7.76186E-1 6.07132E-1 3.72252E-1 5.00724E-1 1.03074E-1 5.89132E-1 4.84845E-1 3.71163E-1 4.68195E-1 1.82358E-1 4.52212E-1 8.19411E-1 8.22761E-1 5.80792E-1 5.27588E-1 5.84671E-1 7.00255E-1 3.49901E-1 4.76672E-1 7.51858E-1 1.29242E-1 8.3422E-1 5.50121E-1 4.47481E-1 6.21077E-1 6.98012E-1 5.37326E-1 4.01627E-1 5.25514E-1 8.48742E-1 6.64246E-1 9.36034E-2 7.31356E-2 2.53027E-1 4.98032E-1 7.27522E-1 6.34009E-1 9.06766E-1 5.47411E-1
7.77686E-1 8.12716E-1 8.98286E-1 4.97311E-1 7.22865E-1 4.95959E-1 2.4461E-1 2.47528E-1 4.12564E-1 5.09754E-1 4.76394E-1 7.85179E-1 4.56883E-1 4.93198E-1 6.05356E-1 3.23784E-1 1.80734E-1 5.56406E-1 8.12535E-1 5.69762E-1 1.87616E-1 9.68948E-1 3.35537E-1 5.92378E-1 3.11081E-1 8.30486E-1 1.19124E-1 8.2549E-1 5.4349E-1 6.87547E-2 9.71781E-1 6.48089E-1 4.90005E-1 3.2553E-1 4.12181E-1 2.57027E-1 6.77535E-1 3.99473E-1 4.94912E-1 6.11498E-1 3.72779E-1 5.17944E-1 6.40573E-1 9.25129E-2 3.77057E-1 4.75468E-1 6.82552E-1 2.89458E-1 5.45226E-1 6.67178E-1 3.93892E-1 4.87691E-1 5.64564E-1 5.21433E-2 4.71916E-1 8.24474E-1 7.84623E-1 6.20963E-1
5.38851E-1 5.65024E-1 6.79665E-1 7.66145E-1 7.66422E-1 7.19359E-1 7.24729E-1 5.58795E-1 5.68432E-1 2.65E-1 4.311E-1 2.65011E-1 1.60503E-1 5.69501E-1 6.76801E-1 2.40097E-1 5.48414E-1 1.34253E-1 4.36128E-1 3.37508E-1 2.55815E-1 8.41504E-1 5.06926E-1 5.63259E-1 6.55054E-1 3.03649E-1 7.56419E-1 4.97725E-1 7.90047E-1 4.41925E-1 4.45217E-1 4.81265E-1 5.54826E-1 3.29705E-1 4.81812E-1 3.35662E-2 1.67005E-1 4.49264E-1 4.93112E-1 5.15122E-1 8.24034E-1 8.90021E-1 5.67981E-1 4.89903E-1 6.87157E-1 5.7215E-1 7.92794E-1 5.62493E-1 6.32776E-1 4.30266E-1 7.89793E-1 7.32427E-1 2.3276E-1 4.34238E-1 5.18592E-1 5.28599E-1 5.23915E-1 1.09084E-1
8.76217E-1 6.67595E-1 8.612E-1 5.73958E-1 8.09417E-1 7.5722E-1 3.95401E-1 8.01778E-1 3.13545E-1 6.94964E-1 6.09067E-1 4.35672E-1 2.5136E-1 7.66803E-2 4.13916E-1 3.38711E-1 2.92544E-1 1.21581E-1 3.63173E-1 4.74454E-1 4.11988E-1 4.59175E-1 1.52715E-1 5.39171E-2 1.63732E-1 5.71003E-1 5.76009E-1 2.56875E-1 3.89376E-1 4.3744E-1 2.4296E-1 6.54965E-1 4.05431E-1 6.62681E-1 4.20986E-1 2.00628E-1 4.29395E-1 5.71107E-1 6.48172E-1 3.27438E-1 1.6907E-1 5.02769E-1 4.69019E-1 9.81852E-2 8.3373E-1 4.34376E-1 9.90428E-2 1.09722E-1 7.46936E-1 3.56985E-1 6.28282E-1 3.4406E-1 4.08847E-1 5.49028E-1 5.08933E-1 6.24435E-1 5.23803E-1 4.64009E-1
7.19832E-1 8.412E-1 6.98999E-1 9.04726E-1 6.74934E-1 5.56754E-1 4.34468E-1 6.27543E-1 8.20405E-1 6.39691E-1 4.76951E-1 5.32975E-1 9.02292E-1 9.06506E-1 2.64207E-1 7.79823E-1 6.97215E-1 5.96591E-1 5.917E-1 4.94773E-1 3.18838E-1 3.15518E-1 5.78813E-1 3.19955E-1 6.97703E-1 5.74587E-1 5.13154E-2 5.32848E-1 4.90368E-1 3.83341E-1 4.12002E-1 4.8269E-1 5.32129E-1 2.78954E-1 2.43297E-1 2.83641E-1 7.35019E-1 6.03469E-1 4.36238E-1 5.37713E-1 6.23895E-1 9.0028E-1 6.07931E-1 5.0407E-1 4.33696E-1 4.39435E-1 5.87177E-1 3.95303E-1 5.61378E-1 5.88536E-2 6.80602E-1 2.76271E-1 1.71741E-1 5.20063E-1 8.00327E-1 4.09361E-1 7.89836E-1 3.25668E-1
5.98995E-1 7.38635E-1 4.82207E-1 5.99018E-1 4.39227E-1 9.24638E-1 7.81777E-1 4.97897E-1 5.67111E-1 5.00912E-1 5.74157E-1 7.09656E-1 6.18531E-1 5.2512E-1 1.88302E-1 7.083E-1 5.98021E-2 6.41669E-2 4.12948E-1 5.50939E-1 2.53823E-1 2.55532E-1 7.86763E-1 7.29384E-1 3.13103E-1 5.75926E-1 4.22317E-2 8.66528E-1 9.2496E-2 6.12976E-1 1.61188E-1 1.63363E-1 6.95684E-1 6.71608E-1 4.54087E-1 1.63283E-1 5.84248E-1 4.92002E-1 5.27352E-1 3.95201E-1 4.27671E-1 6.94094E-1 3.66407E-1 5.95289E-1 4.80215E-1 6.48846E-1 4.6949E-2 3.98482E-1 7.23245E-1 4.90384E-2 6.20875E-1 5.90514E-1 5.87541E-1 4.42042E-1 6.98336E-2 4.44988E-1 3.40359E-1 3.82939E-1
1.82449E-1 5.66337E-1 2.6687E-1 4.59256E-1 2.5172E-1 4.22837E-1 5.60566E-1 6.80206E-1 4.64943E-1 8.43466E-1 6.00297E-1 6.56161E-1 5.62807E-1 9.8821E-1 2.52507E-1 2.06142E-1 9.8655E-1 4.53834E-1 8.98721E-1 5.35743E-1 3.49715E-1 6.2911E-1 5.33217E-1 3.35061E-1 3.79643E-1 4.88123E-1 6.87403E-1 2.6639E-1 3.81851E-1 6.34936E-1 5.42356E-1 8.84939E-1 4.95479E-1 4.47167E-1 6.21366E-1 3.47924E-1 6.03886E-1 7.85076E-1 4.39653E-1 3.88586E-1 3.75399E-1 1.02863E-1 2.58292E-1 3.22838E-1 2.04733E-1 1.88513E-1 2.72171E-2 4.1658E-1 4.89456E-1 3.73504E-1 3.30789E-1 2.80139E-1 6.95834E-1 5.28445E-1 4.03774E-1 4.96352E-1 6.35814E-1 3.79071E-1
5.53587E-1 7.81916E-1 5.45153E-1 4.33326E-1 6.29237E-2 1.67914E-1 2.3666E-1 3.17638E-1 3.55522E-1 4.56985E-1 9.05123E-1 4.22269E-1 7.62663E-1 5.62997E-1 3.57187E-1 3.26725E-1 7.2163E-1 7.7051E-1 8.42478E-1 5.5191E-1 8.6662E-1 2.63439E-1 3.06626E-1 1.82322E-1 2.42831E-1 3.0133E-1 4.36253E-1 5.63857E-1 1.35222E-1 2.35654E-1 4.27409E-1 2.02616E-1 2.67413E-1 4.20944E-1 4.98784E-1 6.55016E-1 4.38675E-1 7.21813E-1 8.0915E-1 6.90726E-1 1.1545E-1 3.2978E-1 2.43171E-1 2.23058E-1 2.53157E-1 2.30848E-1 1.65887E-1 2.94224E-1 7.05366E-1 5.38267E-1 1.82858E-1 5.58292E-1 3.8451E-1 2.66403E-2 4.63488E-1 5.28684E-1 1.09521E-1 1.0869E-1
5.07462E-2 7.49877E-1 3.69281E-1 9.07776E-2 2.16857E-1 5.04404E-1 4.99493E-1 4.49414E-1 1.3717E-1 3.82839E-1 5.31246E-1 8.96128E-1 7.98158E-1 3.71045E-1 4.72086E-1 5.81597E-1 5.34469E-1 7.61779E-1 8.41261E-1 5.30107E-1 2.01418E-1 4.04735E-1 5.83646E-1 9.21643E-2 1.78493E-2 4.18002E-1 1.53196E-1 3.80962E-1 8.79058E-2 2.85751E-1 1.15863E-1 2.64895E-1 2.4758E-1 3.50504E-1 2.38179E-1 2.72254E-1 1.90652E-1 4.72137E-1 7.2993E-1 1.08419E-1 2.36925E-1 2.72963E-1 2.90298E-1 4.10418E-1 2.6665E-1 3.53529E-1 2.13796E-1 2.65721E-1 5.84638E-1 3.3792E-1 2.47586E-1 4.52416E-1 2.51462E-1 2.13884E-1 2.8719E-1 1.85843E-1 5.2122E-2 3.71532E-2
3.59736E-1 4.85576E-1 7.35776E-1 4.48763E-1 1.73434E-1 2.39879E-1 1.26287E-1 1.57378E-2 3.003E-1 3.28423E-1 1.52888E-1 1.66762E-1 2.95851E-1 4.34152E-1 2.22335E-1 3.37428E-1 7.47174E-1 3.19758E-1 3.99078E-1 6.73688E-1 7.60222E-1 3.99292E-2 2.60238E-1 5.41282E-1 2.86799E-1 1.7245E-1 2.86439E-1 2.17274E-1 2.67359E-1 6.84189E-2 2.5683E-1 8.08114E-3 7.60068E-2 1.54804E-1 3.12291E-1 2.61734E-1 4.71141E-1 2.9814E-1 5.3565E-1 7.36588E-1 1.51566E-1 1.49326E-2 3.3389E-1 2.51727E-1 1.6581E-1 3.58989E-1 3.45026E-1 2.37903E-1 3.11192E-1 2.22091E-1 5.57986E-1 4.44898E-2 6.51893E-2 3.119E-1 2.82501E-1 7.61013E-1 6.58345E-1 3.22378E-1
2.82465E-1 1.14028E-1 5.89303E-1 4.11111E-1 4.70483E-1 4.39929E-1 2.24864E-1 7.16741E-1 4.32055E-1 3.57678E-1 2.91989E-1 2.62967E-1 3.83111E-1 4.10492E-1 3.21123E-1 1.71043E-1 1.01261E-1 2.02102E-1 2.77765E-1 2.04155E-1 1.52632E-1 3.46102E-2 4.02816E-1 4.37981E-1 1.74294E-2 5.20838E-1 2.77947E-1 1.31965E-1 2.61169E-1 7.61063E-2 2.62355E-1 9.62962E-2 2.315E-1 5.9221E-2 3.205E-1 3.99324E-1 3.26516E-1 2.79547E-1 1.08357E-1 2.35547E-1 2.09518E-1 4.40547E-1 5.92706E-2 1.10128E-1 3.76188E-1 3.14549E-1 2.39692E-1 2.92141E-1 3.29519E-1 2.91872E-1 2.43644E-1 3.93016E-1 4.57598E-1 5.07472E-1 2.62663E-1 2.54786E-1 3.41812E-2 2.96788E-1
2.42108E-1 3.53591E-1 2.57461E-1 1.00784E-1 2.20962E-1 3.13446E-1 3.32329E-1 7.38172E-1 2.62903E-1 2.6341E-2 1.61111E-1 1.06629E-1 5.46611E-1 2.82395E-1 2.13704E-1 5.58389E-1 2.62328E-1 8.79724E-2 3.46135E-1 2.76828E-1 3.30062E-2 2.61794E-1 4.14025E-1 2.99103E-1 2.6097E-1 8.29685E-2 2.28793E-1 2.0123E-1 2.1999E-1 3.35849E-1 2.23366E-1 1.68411E-2 1.54621E-1 2.61037E-1 2.16838E-1 2.84952E-1 2.88679E-1 5.18596E-1 3.74105E-1 3.28669E-1 3.13058E-1 4.22737E-1 3.47539E-1 2.8938E-1 7.50682E-1 6.69555E-1 1.81472E-1 3.35658E-1 6.30158E-1 1.91394E-1 5.59385E-1 2.04379E-1 3.27678E-1 1.51416E-2 1.75904E-1 1.75723E-1 2.29952E-1 2.98898E-1
3.06984E-1 2.92346E-1 2.32764E-1 2.26482E-1 3.87734E-1 3.84294E-1 1.68779E-1 3.16349E-1 5.5448E-1 2.0158E-1 5.16319E-1 9.93879E-2 1.57277E-1 9.03705E-2 2.05105E-1 1.4134E-1 3.3812E-1 7.00525E-1 2.71142E-1 7.76576E-3 2.44227E-1 2.78653E-1 2.69354E-1 2.64169E-1 3.16362E-1 9.94217E-2 2.66302E-1 2.72364E-1 4.83182E-1 3.21339E-1 2.5479E-1 3.49301E-1 1.88414E-1 2.07962E-1 2.29343E-1 5.32776E-1 5.3677E-1 3.09434E-1 1.4006E-1 3.07884E-2 2.94806E-1 3.56896E-1 3.43445E-1 3.4286E-1 2.23405E-1 7.18522E-1 2.11004E-1 2.8416E-1 3.17632E-1 1.46901E-1 2.82663E-1 2.16728E-1 1.75959E-1 2.09137E-1 6.10473E-1 1.95934E-1 4.10813E-1 7.38174E-1
2.10413E-2 8.70089E-2 9.22404E-1 5.35789E-1 4.90182E-1 2.21607E-2 4.9463E-1 4.33134E-1 3.4546E-1 2.22092E-1 5.27117E-1 6.08168E-1 2.13687E-1 3.87769E-2 1.01637E-1 2.18957E-1 3.65283E-1 8.4017E-2 7.53526E-3 3.37999E-1 3.67232E-1 7.65355E-1 1.01075E-1 3.63972E-1 5.15867E-1 9.0836E-2 3.48324E-1 2.38348E-1 7.16579E-1 2.76898E-1 2.74554E-1 3.14431E-1 2.38403E-1 3.2841E-1 3.20099E-1 3.68438E-1 3.8789E-1 3.37754E-2 3.47684E-1 4.2227E-1 3.15871E-2 2.40412E-1 2.39132E-1 1.49562E-1 2.82552E-1 1.69596E-2 3.1901E-1 4.91939E-1 1.42087E-1 6.78071E-1 2.68177E-1 1.86477E-1 3.09222E-1 2.4883E-1 2.13594E-1 7.71361E-2 2.41908E-1 2.32562E-1
4.40036E-1 3.54626E-1 4.75625E-1 5.28319E-1 6.73335E-1 2.83978E-1 4.01819E-1 2.35809E-1 3.00705E-1 3.22705E-1 5.52273E-2 1.78774E-1 1.8528E-1 1.9619E-1 3.24859E-1 2.51604E-1 5.79942E-2 2.5009E-1 1.96579E-1 1.28485E-1 3.21579E-1 7.0593E-2 3.55382E-1 3.56737E-2 3.21141E-1 3.83647E-1 2.92472E-1 9.96409E-3 1.82651E-1 5.00711E-1 4.72355E-2 2.77907E-1 2.14003E-1 5.80406E-2 5.1546E-1 2.84914E-1 2.30651E-1 3.07147E-1 2.97096E-1 5.06668E-1 2.7736E-1 4.19803E-1 3.01144E-2 2.94099E-1 3.34547E-1 1.61155E-1 1.42826E-1 9.74546E-2 2.78448E-1 3.77405E-1 3.574E-1 3.89027E-1 2.68648E-1 2.08416E-2 2.16935E-1 1.65189E-1 5.87957E-1 2.65219E-1
2.75015E-1 2.52714E-1 4.05208E-1 7.5722E-1 8.14048E-1 3.15484E-1 3.09939E-1 1.30603E-1 3.01602E-1 1.39926E-1 1.86614E-1 3.41974E-1 2.6681E-1 1.96132E-1 2.91756E-1 1.59128E-1 3.46186E-1 3.26685E-1 2.49559E-1 3.27809E-1 8.77913E-2 2.92907E-1 2.70957E-1 1.19612E-1 3.72725E-1 2.13888E-1 1.20073E-1 2.96095E-1 9.94434E-2 1.92245E-1 4.95871E-1 2.34606E-1 2.10302E-1 3.02814E-1 2.87684E-1 1.73622E-1 3.47356E-1 4.608E-2 1.70006E-1 2.7682E-1 4.50765E-1 1.13921E-1 1.79003E-1 3.726E-1 4.04904E-1 2.94857E-1 3.12596E-1 3.14598E-1 3.98469E-1 8.10653E-2 5.1789E-1 1.24859E-2 2.29843E-1 1.94132E-2 2.76614E-1 6.73712E-2 3.281E-1 2.23143E-1
6.73878E-1 4.61494E-1 7.05633E-1 2.74231E-1 3.59007E-1 5.23205E-1 6.94713E-1 1.85451E-1 1.1568E-1 2.07651E-1 2.07211E-1 2.82147E-1 3.33167E-1 1.25723E-1 1.78765E-1 5.71855E-1 4.04602E-1 9.13602E-1 8.05046E-1 4.68966E-1 2.14948E-1 4.88131E-1 4.90629E-1 1.28303E-1 4.93162E-1 3.06274E-1 1.59613E-1 2.40719E-1 2.78186E-1 2.10154E-1 3.74839E-1 2.94594E-1 1.55576E-1 1.87656E-1 3.45012E-1 5.35062E-1 2.84729E-1 3.51471E-1 2.12681E-1 1.61662E-1 2.5498E-1 1.27075E-1 1.77527E-2 2.36313E-1 1.60033E-2 2.11716E-1 2.52301E-1 2.632E-1 2.08327E-1 4.02405E-1 2.51179E-1 1.36545E-1 3.05019E-1 2.13684E-1 3.15477E-1 5.51005E-1 3.50978E-1 4.73369E-1
4.81849E-1 6.43731E-1 5.58004E-1 4.38797E-1 4.71939E-1 2.10193E-1 2.70054E-1 4.12354E-1 4.04371E-1 9.50973E-2 2.5224E-1 2.39636E-1 3.44352E-1 4.13597E-1 3.18718E-1 3.17077E-1 5.14834E-1 1.50521E-1 2.5467E-1 2.56141E-1 1.75054E-1 3.4914E-1 4.15814E-1 2.47727E-2 1.41818E-1 3.35618E-1 3.75708E-1 1.22954E-1 1.0538E-1 6.7896E-2 1.5285E-1 2.51319E-1 7.94828E-2 2.90339E-1 3.56255E-1 2.98711E-1 1.63989E-1 2.52853E-2 3.1163E-1 3.38888E-2 2.41052E-2 3.40904E-1 3.66776E-1 2.51085E-1 3.18725E-1 1.25379E-1 1.76049E-1 3.29557E-1 2.64715E-1 1.46773E-1 3.27683E-1 1.8704E-1 2.43799E-1 5.31786E-1 3.43458E-1 5.34027E-1 6.52377E-1 5.61131E-1
