outputs/pantheraTigris_1.asc
ncols         290
nrows         290
xllcorner     68.0
yllcorner     8.0
cellsize      0.1
NODATA_value  -9999
[rows 234 to 259 of 290, columns 0 to 57 of 290]
1.26555E-4 1.77791E-2 8.98777E-2 2.35606E-1 8.19355E-3 3.82262E-3 1.77441E-1 1.94355E-1 1.73048E-1 2.7438E-1 3.89608E-1 1.04307E-1 1.14234E-1 3.40934E-1 2.64192E-1 1.88067E-1 3.70604E-1 2.89374E-1 2.13207E-1 1.87393E-1 2.40736E-1 1.74356E-1 1.68435E-1 2.27551E-1 2.57676E-1 2.08237E-1 4.78836E-1 1.47058E-1 9.15404E-1 5.21015E-1 2.43941E-1 4.07222E-1 5.84316E-1 1.036E-1 3.72025E-1 3.47047E-1 3.9803E-1 5.31741E-1 1.85967E-1 3.06317E-1 3.27934E-1 4.97647E-1 3.48785E-1 5.11865E-1 3.37958E-1 2.84375E-1 4.04188E-1 1.95676E-1 3.86368E-1 2.92855E-1 1.93572E-1 3.18942E-1 1.81874E-1 5.09076E-1 2.79767E-1 2.63397E-1 2.97736E-1 2.11852E-1
6.0705E-2 9.27785E-4 1.12266E-4 3.17877E-2 1.53644E-1 2.30162E-2 1.96458E-1 2.77682E-2 2.47993E-1 2.36172E-1 8.07856E-2 1.38799E-1 4.9498E-2 1.63249E-1 2.15852E-1 2.6374E-1 1.61968E-1 9.53206E-2 1.55408E-1 4.81586E-2 1.19592E-1 1.53182E-1 2.35691E-1 7.20492E-2 3.29102E-1 4.40015E-1 3.77374E-1 5.13873E-1 2.99899E-1 4.11207E-1 3.17012E-1 1.92412E-1 4.40746E-1 4.62144E-1 4.25975E-1 2.42564E-1 3.08965E-1 6.83175E-3 5.53461E-2 6.5705E-2 1.42342E-1 3.94553E-1 1.75968E-1 1.86807E-1 1.75243E-1 3.14346E-1 2.91181E-1 2.66266E-1 5.55261E-1 3.8276E-1 2.23761E-1 3.15192E-1 2.99315E-1 2.55146E-1 3.67025E-1 1.91283E-1 2.25479E-1 4.30175E-1
7.59236E-2 2.1215E-3 7.46077E-3 1.6808E-1 2.83592E-1 1.93177E-2 2.91052E-1 6.53784E-3 2.94456E-2 2.09316E-1 5.27194E-2 1.78308E-1 1.57481E-1 2.18229E-1 2.02311E-1 1.58106E-1 1.7225E-1 1.86638E-1 6.95721E-2 1.53463E-1 1.03222E-1 1.72453E-1 1.67077E-1 2.57703E-1 1.43691E-1 3.33189E-1 2.48129E-1 2.93192E-1 2.69388E-1 1.34625E-1 2.39923E-1 2.18401E-1 9.4898E-1 9.0036E-1 2.69512E-1 2.28367E-1 2.47736E-1 1.9833E-1 6.69371E-3 3.75023E-1 1.18691E-1 1.7283E-1 2.68495E-1 3.48358E-1 5.18337E-1 4.07634E-1 1.40942E-1 2.40879E-1 1.21171E-1 1.31563E-1 2.60873E-1 1.65829E-1 6.67135E-1 4.45656E-1 3.48531E-1 1.91966E-1 1.47731E-1 3.77742E-1
2.44925E-2 1.92264E-3 7.93716E-4 4.58254E-3 2.05406E-2 3.9497E-2 1.90524E-1 2.69296E-1 3.0506E-1 2.80261E-1 1.64695E-1 1.59589E-1 3.70175E-1 1.67119E-1 2.10646E-1 8.44812E-2 3.45524E-1 2.3959E-1 1.52008E-1 1.24381E-1 5.63458E-1 1.96908E-1 1.57352E-1 2.04942E-1 1.83665E-1 2.11181E-2 2.46653E-1 3.82005E-1 3.19575E-1 2.62857E-1 2.45769E-1 5.27097E-1 9.62238E-1 3.44521E-1 2.90325E-1 4.97026E-1 2.60885E-1 1.7852E-1 1.32562E-1 4.69317E-1 1.59798E-1 2.49705E-1 4.60774E-1 2.94952E-1 2.29095E-1 8.60752E-2 1.25969E-1 2.31238E-1 1.25593E-1 3.53048E-1 3.43608E-1 5.11974E-1 4.00959E-1 3.15215E-1 4.03481E-1 4.93979E-1 5.00755E-1 4.92347E-1
6.63762E-4 3.16686E-2 3.0667E-2 9.71846E-2 9.08391E-3 2.25713E-1 2.09627E-1 3.75502E-2 1.86881E-1 1.20894E-1 1.60814E-1 9.52617E-2 1.80937E-1 1.91744E-1 2.37574E-1 8.59349E-2 2.86178E-1 2.38541E-1 2.16851E-1 1.1926E-1 3.7938E-1 8.3552E-2 3.58424E-1 3.94113E-1 3.44567E-1 2.98766E-1 3.96206E-1 1.43695E-1 4.57515E-1 4.29307E-1 3.76091E-1 3.50768E-1 5.7232E-1 3.92246E-1 6.45459E-1 6.32462E-2 3.51343E-1 1.46402E-1 1.01948E-1 1.60792E-1 7.30455E-2 2.25549E-1 4.95063E-1 4.31753E-1 2.73929E-1 2.3946E-1 4.06798E-1 2.47427E-1 3.66113E-1 5.04182E-1 5.29191E-1 2.68301E-1 3.85666E-1 3.47985E-1 1.31517E-1 2.33491E-1 5.04429E-1 2.51774E-1
7.80067E-3 4.28753E-2 1.01452E-1 1.20728E-3 1.65171E-3 3.74701E-2 4.20559E-2 1.13207E-1 2.15548E-2 2.16324E-1 2.2597E-1 1.09651E-1 2.67824E-1 2.35546E-1 5.56234E-2 6.76114E-2 2.39443E-1 2.42294E-1 2.93287E-1 2.50998E-1 2.03827E-1 6.84382E-2 7.50089E-2 1.87797E-1 4.90381E-1 4.68408E-1 2.68028E-1 3.53859E-1 2.24375E-1 2.34459E-1 1.70314E-1 1.7548E-1 2.02937E-1 5.07129E-1 4.94009E-1 1.95755E-1 2.25942E-1 2.63336E-1 2.63265E-1 3.18887E-1 1.77245E-1 3.47434E-1 4.36632E-1 2.21398E-1 4.68953E-1 5.16664E-1 4.93986E-1 2.82982E-1 6.16228E-1 6.17598E-1 2.65243E-1 2.63584E-1 1.9799E-1 5.74177E-1 3.38413E-1 1.90178E-1 5.86152E-1 2.14493E-1
3.84439E-3 7.44367E-2 1.48362E-1 8.61082E-2 9.36957E-2 9.08925E-2 5.62238E-2 1.36746E-1 1.15115E-1 7.09046E-2 1.29684E-1 4.24076E-2 1.57205E-1 3.20414E-1 1.92553E-1 4.75962E-2 2.14643E-2 3.18959E-1 2.86432E-1 1.38111E-1 9.62336E-2 1.03662E-1 2.67577E-1 4.06396E-1 5.31541E-1 1.44748E-1 4.24585E-1 1.03684E-1 3.2931E-1 3.93492E-1 5.17474E-1 3.20733E-1 4.81236E-1 5.21334E-1 4.01251E-1 9.36707E-1 7.98465E-1 2.35693E-1 2.29637E-1 3.37312E-1 4.52203E-1 2.14351E-1 5.15721E-1 7.05287E-1 2.90334E-1 2.94844E-1 3.46509E-1 2.69175E-1 4.11606E-1 3.30584E-1 3.96329E-1 2.68146E-1 6.84816E-1 1.72277E-1 4.56154E-1 2.59533E-1 3.88698E-1 5.41727E-1
1.74109E-1 1.67663E-2 2.1239E-1 1.36054E-3 1.57556E-1 1.63062E-3 1.41416E-1 1.61055E-1 1.3767E-1 1.51596E-1 3.20997E-2 2.42245E-1 2.01426E-1 1.51888E-1 1.41558E-1 6.18366E-2 2.81734E-1 1.39709E-1 3.37317E-1 2.31485E-1 5.46815E-1 2.51582E-1 4.53671E-1 5.1977E-1 6.78535E-1 2.98642E-1 2.1359E-2 3.46536E-1 3.65249E-1 4.21576E-1 3.95269E-2 1.34985E-1 4.02056E-1 3.79189E-1 4.75701E-1 4.79097E-1 1.93141E-1 5.26221E-1 1.84924E-1 6.59694E-1 9.04116E-1 1.58434E-1 4.0781E-1 1.63991E-1 2.91618E-1 4.31476E-1 2.70744E-1 1.64813E-1 2.09346E-1 3.31566E-1 3.13785E-1 5.37424E-1 3.69405E-1 6.0125E-1 4.32559E-1 2.78309E-1 3.57926E-1 3.30731E-1
1.77837E-1 1.82083E-1 6.63123E-4 1.60192E-1 2.55736E-1 3.76044E-2 1.60278E-1 1.95106E-1 1.29223E-2 1.28458E-1 8.79369E-2 1.96404E-1 2.47185E-1 1.23363E-1 1.4556E-1 1.44792E-1 8.30211E-2 2.19181E-1 4.08872E-1 1.69841E-1 2.43131E-1 5.21914E-1 4.38996E-1 1.78739E-1 1.45527E-1 1.88528E-1 2.70645E-1 1.7605E-1 2.96943E-1 4.73485E-1 3.21892E-1 4.31179E-1 4.79433E-1 4.80798E-1 4.16949E-1 4.89214E-1 5.55842E-1 2.8921E-1 1.94447E-1 5.74325E-1 8.58014E-1 7.71022E-1 3.99637E-1 4.04189E-1 3.10407E-1 4.89725E-1 4.89734E-1 4.06923E-1 4.28497E-1 5.92677E-1 3.10308E-1 7.6641E-1 4.11608E-1 2.36777E-1 3.52471E-1 2.37516E-1 2.53444E-1 5.573E-1
2.63082E-1 1.27964E-1 9.98838E-2 1.40841E-1 2.20175E-1 2.57352E-1 1.91331E-2 2.00247E-2 1.59806E-2 1.52365E-1 4.12835E-1 2.03825E-1 1.08488E-1 1.51616E-1 2.79311E-1 5.04226E-1 4.30815E-1 2.995E-1 1.69696E-1 1.05086E-1 2.89395E-1 2.6058E-1 2.65928E-1 5.84437E-1 4.49077E-1 1.93258E-2 3.90682E-1 3.00966E-1 3.84218E-1 1.65954E-1 2.19912E-1 9.63837E-2 2.16534E-1 1.65922E-1 3.05461E-1 9.35472E-2 9.44902E-1 9.61256E-1 4.82453E-1 1.5909E-1 5.47644E-1 3.52056E-1 4.41756E-1 3.59801E-1 4.7579E-1 4.30364E-1 1.46956E-1 3.98793E-1 3.62355E-1 2.94771E-1 3.9301E-1 2.7497E-1 6.31897E-1 4.41975E-1 4.08021E-1 6.34653E-1 4.21257E-1 5.89727E-1
3.26654E-3 1.42769E-1 1.28391E-2 2.93086E-1 2.05683E-1 5.13164E-3 1.39424E-1 1.65077E-1 4.83341E-2 1.95471E-1 1.62203E-1 1.68479E-1 1.12294E-1 1.18614E-1 1.45069E-1 2.56016E-1 9.1176E-2 2.27834E-1 3.78486E-1 6.75821E-1 1.40429E-1 2.78687E-1 1.6309E-1 2.87626E-1 4.12101E-1 3.36887E-1 3.71695E-1 5.38628E-1 3.32308E-1 3.25408E-1 2.91512E-1 1.91941E-1 3.42187E-1 4.94654E-1 6.25077E-1 2.07873E-1 2.40797E-1 3.73671E-1 5.51674E-1 8.77043E-1 9.069E-1 8.81371E-1 8.10527E-1 9.11561E-1 1.75025E-1 1.27791E-1 3.71004E-1 6.2854E-1 3.34101E-1 1.51175E-1 1.98524E-1 2.38795E-1 3.03073E-1 2.28209E-1 2.79427E-1 5.94738E-1 3.54955E-1 5.18798E-1
3.90893E-1 1.66399E-1 5.61489E-3 1.62007E-1 3.02382E-2 5.22194E-2 1.68416E-1 1.30397E-1 1.77542E-1 1.89562E-2 1.83551E-1 1.52835E-1 2.18133E-2 1.14697E-1 1.6833E-1 1.83095E-1 2.75581E-1 1.21647E-1 2.47504E-1 1.84398E-1 4.97489E-1 1.95302E-1 1.93383E-1 1.59983E-1 1.76846E-1 3.85097E-1 1.87977E-1 5.79444E-1 2.23193E-1 6.96046E-1 3.27755E-1 3.5704E-1 1.73902E-1 5.70688E-1 3.38993E-1 4.69081E-1 1.87283E-1 2.00582E-1 3.35532E-1 7.75009E-1 8.30892E-1 7.7199E-1 5.59439E-1 6.92599E-1 9.62912E-1 7.32711E-1 1.41475E-1 3.63524E-1 7.05398E-2 4.71253E-1 4.71699E-1 1.39071E-1 2.50316E-1 5.1031E-1 9.23383E-1 4.24593E-1 3.79133E-1 3.35799E-1
4.26448E-3 1.45348E-2 1.87282E-2 9.10605E-4 1.55738E-1 2.01884E-1 2.3138E-1 2.31689E-1 1.59202E-2 9.7853E-2 1.87914E-1 4.10768E-2 1.61305E-1 2.34437E-1 3.00758E-1 2.02958E-1 5.85039E-2 2.38381E-1 3.66797E-2 2.88782E-1 2.57985E-1 6.73902E-1 2.85788E-1 1.67077E-1 2.5152E-1 1.72541E-1 1.13176E-1 4.51963E-1 2.91921E-1 5.85548E-1 2.37549E-1 2.74783E-1 3.77032E-1 7.93007E-1 5.43519E-1 5.13782E-1 2.52888E-1 4.74079E-1 1.05084E-1 8.52063E-1 6.06474E-1 4.12534E-1 6.14376E-1 5.617E-1 5.12284E-1 6.2017E-1 3.35593E-1 3.9985E-1 8.06525E-1 5.68727E-1 7.62174E-1 3.33933E-1 3.12855E-1 3.04892E-1 4.79571E-1 5.38219E-1 1.98078E-1 3.12621E-1
1.6149E-1 4.97874E-1 2.49009E-2 1.71583E-1 5.54988E-3 2.72897E-3 9.2813E-2 1.28635E-1 1.89746E-2 1.50742E-1 1.40543E-1 3.32802E-2 1.55319E-1 2.91555E-1 1.3671E-1 1.71726E-1 2.87015E-2 2.2936E-1 1.29178E-1 1.99626E-1 4.20188E-1 5.47375E-1 2.63957E-1 1.57922E-1 2.09946E-1 1.85998E-1 4.83556E-1 5.08758E-1 6.45922E-1 2.98918E-1 6.57011E-1 1.92907E-1 6.84095E-1 3.28336E-1 4.14786E-1 7.57357E-1 7.34675E-1 2.46925E-1 2.11356E-1 4.17157E-1 2.55767E-1 6.84485E-1 2.08055E-1 5.69903E-1 5.82426E-1 8.91487E-1 5.68129E-1 5.1263E-1 6.53105E-1 5.38337E-1 4.84603E-1 3.05604E-1 7.83518E-1 6.15835E-1 7.28995E-1 1.25775E-1 2.07896E-1 3.88322E-1
7.16768E-3 3.38336E-4 4.4462E-3 2.19497E-1 2.4746E-1 1.63722E-1 2.42296E-2 5.04517E-2 1.49441E-2 1.65287E-1 1.44522E-1 6.05724E-1 5.88767E-1 4.98715E-1 2.9782E-1 2.814E-2 1.1826E-1 5.00485E-1 1.53907E-1 5.8175E-1 1.96186E-1 1.03392E-1 1.65027E-1 3.03262E-1 1.98866E-1 5.28345E-1 5.5918E-1 5.11674E-1 5.11141E-1 3.4105E-1 9.62083E-2 2.60407E-1 3.03807E-1 3.51514E-1 1.84669E-1 2.40342E-1 4.62651E-1 2.67511E-1 3.85718E-1 3.47448E-1 3.0206E-1 5.05943E-2 3.74799E-1 2.41183E-1 2.52968E-1 2.14997E-1 4.34603E-1 7.49502E-1 8.70897E-2 2.47174E-1 7.01112E-1 2.06168E-1 4.72639E-1 3.24394E-1 4.31397E-1 6.28628E-1 3.15892E-1 5.51112E-1
1.55468E-4 2.69997E-1 6.94283E-3 1.75291E-1 1.5301E-1 1.58095E-1 1.98033E-2 1.31504E-1 2.76859E-2 2.45776E-1 1.90798E-1 4.34798E-1 6.11348E-1 1.47839E-1 1.6588E-1 7.20884E-2 7.69745E-2 2.89964E-1 1.65163E-1 2.03699E-1 1.6167E-1 2.00031E-1 1.41499E-1 2.17496E-1 4.48352E-1 5.42678E-1 4.23052E-1 2.81135E-1 2.19468E-1 4.13217E-1 5.44662E-1 4.27795E-1 1.22306E-1 3.20379E-1 5.20064E-1 5.38796E-1 2.20859E-1 2.56947E-1 3.44055E-1 4.49077E-1 4.04834E-1 2.93089E-1 7.33727E-1 2.35496E-1 4.8442E-1 4.79688E-1 5.53478E-1 2.66986E-1 3.21136E-1 4.32025E-1 3.50622E-1 2.7298E-1 2.32924E-1 4.03049E-1 7.55875E-1 9.04992E-1 2.50323E-1 1.54139E-1
4.36798E-3 2.768E-1 9.88527E-3 9.17098E-3 2.82856E-1 3.53387E-1 3.29246E-1 7.49967E-1 6.07732E-2 1.8215E-1 9.34083E-2 1.9904E-1 3.86457E-2 4.32614E-1 1.72365E-1 3.13037E-1 1.97715E-1 1.56462E-1 1.34457E-1 6.44201E-1 2.31614E-1 2.78515E-1 4.84755E-1 4.69748E-1 2.74024E-1 5.6949E-1 2.04387E-1 4.55356E-1 5.24947E-1 2.60834E-1 1.59895E-1 2.41563E-1 2.39508E-1 2.96369E-1 3.44378E-1 1.81507E-1 3.36146E-1 6.50611E-1 5.5643E-1 4.88794E-1 1.443E-1 2.63214E-1 4.05676E-1 3.66463E-1 4.9796E-1 2.60771E-1 2.97568E-1 4.25509E-1 3.78093E-1 5.34568E-1 2.19201E-1 3.19483E-1 6.01899E-1 2.86331E-1 4.68792E-1 3.46033E-1 2.01987E-1 3.54853E-1
5.47529E-2 6.6902E-2 8.70855E-4 1.17662E-2 4.1502E-1 3.68343E-1 2.55284E-2 2.28949E-1 2.69433E-1 1.18372E-1 9.73305E-2 1.11214E-1 5.14284E-1 9.50826E-2 4.66708E-1 2.15712E-1 1.26884E-1 1.85441E-1 5.01381E-1 1.72013E-1 3.94579E-1 4.39358E-1 1.71672E-1 1.84931E-1 1.88646E-1 4.06393E-1 3.58371E-1 3.60525E-1 2.91913E-1 4.56755E-1 1.26704E-1 2.94956E-1 2.1249E-1 2.7149E-1 1.54569E-1 4.50448E-1 2.95237E-1 2.93444E-1 3.76582E-1 2.19551E-1 3.27861E-1 3.42354E-1 3.62508E-1 5.00938E-1 3.64727E-1 4.08397E-1 2.30343E-2 5.86562E-1 5.09305E-1 6.3467E-1 6.35849E-1 3.43567E-1 1.64781E-1 5.63158E-1 4.53289E-1 9.58599E-1 6.19804E-1 4.37105E-1
4.50669E-1 3.97051E-1 6.85371E-1 6.58062E-2 2.83648E-2 7.15375E-2 1.72488E-1 2.83999E-1 3.15691E-2 9.45436E-2 4.20009E-2 1.71609E-1 9.57422E-2 2.28195E-1 1.80021E-1 1.77365E-1 4.4531E-1 2.50086E-1 4.20694E-1 6.17233E-1 6.84176E-1 5.92238E-1 1.80992E-1 4.35408E-1 1.61762E-1 4.47847E-1 2.67462E-1 1.67994E-1 1.95654E-1 1.48031E-1 4.14595E-1 2.68988E-1 3.28856E-1 3.00474E-1 2.82014E-1 2.53724E-1 1.67055E-1 4.42635E-1 2.92845E-1 1.53281E-1 1.93739E-1 5.7414E-1 2.33253E-1 2.52697E-1 2.5526E-1 2.65987E-1 3.67031E-1 4.38907E-1 2.91893E-1 4.60912E-1 3.59418E-1 3.3843E-1 3.54728E-1 1.49007E-1 6.21447E-1 7.86819E-1 7.34255E-1 2.00266E-1
2.36459E-1 5.57509E-1 5.92816E-1 7.04126E-2 3.88982E-1 3.91043E-1 1.88957E-1 1.13421E-1 2.93349E-1 1.75344E-2 7.65945E-2 1.3601E-1 1.68399E-1 4.19789E-1 1.68123E-1 1.83481E-1 2.93428E-1 4.48575E-1 2.76953E-1 5.18623E-1 4.3597E-1 6.22971E-1 3.56898E-1 4.41565E-1 2.3688E-1 2.72194E-1 2.60123E-1 2.12619E-1 3.14512E-1 1.31419E-1 3.70908E-1 2.1106E-1 1.02356E-1 1.72958E-1 2.544E-1 2.12169E-1 2.57407E-1 2.58814E-1 3.34797E-1 4.29044E-1 1.87018E-1 3.97832E-1 3.4138E-1 2.72853E-1 5.65922E-1 4.01686E-1 3.70215E-1 3.59907E-1 5.25209E-1 7.66561E-1 5.20165E-1 4.56647E-1 2.76793E-1 2.1789E-1 4.22882E-1 6.14958E-1 4.8552E-1 7.02431E-1
2.35501E-1 1.01246E-1 2.96106E-3 4.39392E-2 4.39675E-1 3.75876E-1 3.72542E-1 7.7235E-1 1.69575E-1 2.81415E-1 1.62233E-1 5.96844E-1 1.40574E-1 4.97098E-2 3.21918E-1 4.27087E-1 8.29111E-2 3.09737E-1 4.78154E-1 6.99817E-1 7.1409E-1 8.93166E-1 2.81132E-1 2.70145E-1 3.41433E-1 2.42047E-1 2.37519E-1 1.38166E-1 2.83014E-1 7.36861E-2 2.05478E-1 3.33648E-1 4.35307E-1 3.09991E-1 2.26706E-1 3.18371E-1 4.07016E-1 3.56863E-1 1.76429E-1 4.24139E-1 2.31666E-1 3.39966E-1 4.9499E-1 3.70625E-1 3.19202E-1 3.33248E-1 4.24474E-1 6.87234E-1 8.85687E-1 6.23104E-1 3.30377E-1 5.27762E-1 3.58609E-1 1.06554E-1 2.29431E-1 3.62253E-1 5.81883E-1 5.60761E-1
7.47064E-2 9.85876E-2 1.67446E-1 9.47248E-2 4.29016E-1 3.0178E-1 5.6275E-1 3.2495E-2 1.49135E-1 3.35624E-1 4.37396E-1 2.83867E-1 4.47007E-1 1.11058E-1 6.24857E-2 9.84544E-2 3.14621E-2 1.86502E-1 3.98552E-1 6.17574E-1 3.42908E-1 3.38704E-1 2.64605E-1 2.19983E-1 1.44103E-1 1.44011E-1 3.1665E-1 2.5337E-1 7.53642E-2 8.22895E-2 4.53912E-1 1.9361E-1 2.11656E-1 4.08752E-1 2.83096E-1 3.21634E-1 4.28629E-1 1.89483E-1 2.93626E-1 4.46199E-1 5.69437E-1 4.02406E-1 4.09097E-1 4.42877E-1 2.87933E-1 4.66445E-1 2.0507E-1 3.86807E-1 5.67591E-1 5.10444E-1 4.58045E-1 2.85104E-1 1.22682E-1 3.05881E-1 3.22422E-1 4.08348E-1 4.25272E-1 1.10647E-1
1.03453E-1 5.0313E-2 1.68881E-1 9.20306E-2 4.36678E-1 7.6413E-1 5.1863E-2 2.28975E-1 4.47429E-2 1.80068E-2 4.39699E-1 3.7E-1 3.39638E-1 6.53087E-1 8.30465E-2 1.64911E-1 8.01027E-2 4.21879E-1 5.70281E-1 1.34099E-1 2.19637E-1 4.18322E-1 2.1304E-1 2.60689E-1 1.26078E-1 1.27027E-1 4.43033E-1 6.96327E-1 1.24612E-1 3.29282E-1 1.71409E-1 2.25408E-1 8.80549E-2 4.94945E-1 4.2721E-1 2.65503E-1 4.76123E-1 2.15452E-1 3.31336E-1 3.36708E-1 2.50321E-1 4.91458E-1 3.18532E-1 1.86199E-1 4.54406E-1 4.66377E-1 4.88315E-1 4.41614E-1 2.69439E-1 2.12794E-1 2.45471E-1 2.66942E-1 3.24881E-1 2.15993E-1 7.9114E-1 1.71677E-1 5.83215E-1 4.80303E-1
1.16184E-1 1.34034E-1 1.55139E-1 6.88558E-2 1.33266E-1 1.32523E-1 6.61062E-2 1.21834E-1 2.18695E-1 1.17757E-1 7.63006E-2 3.18061E-1 2.74651E-1 1.10716E-1 6.11949E-2 8.50417E-2 1.79045E-1 5.06045E-1 5.15271E-1 5.91026E-2 1.00408E-1 1.0187E-1 1.33127E-1 4.77308E-1 6.86646E-1 2.45245E-1 7.86414E-2 1.90668E-1 3.51712E-1 2.73668E-1 1.63766E-1 5.06751E-2 8.08024E-2 3.9715E-1 2.45907E-1 4.40476E-1 1.66532E-1 3.50351E-1 1.58227E-1 4.61282E-1 3.18143E-1 3.40841E-1 5.22734E-1 3.73933E-1 4.92064E-1 2.23348E-1 4.33097E-1 4.47803E-1 4.79629E-1 2.26254E-1 2.7803E-1 2.86333E-1 4.10084E-1 1.68284E-1 5.0786E-1 1.52263E-1 2.17526E-1 4.40281E-1
1.09625E-1 1.10667E-1 1.91778E-1 1.9126E-1 3.47044E-2 6.93281E-2 4.05914E-2 7.04868E-1 4.72943E-1 2.49175E-1 4.93467E-1 5.19701E-2 1.61047E-1 1.61097E-1 1.16014E-1 1.22357E-1 2.22428E-1 3.62728E-1 2.6691E-1 3.84637E-1 1.71044E-1 3.61049E-1 6.7158E-1 1.69093E-1 6.09154E-1 4.69399E-1 7.61432E-2 2.5057E-1 4.43447E-1 3.27884E-1 2.21181E-1 1.5587E-1 3.45808E-1 5.60217E-1 2.81093E-1 5.13359E-1 4.35519E-1 2.14007E-1 5.59467E-1 1.66849E-1 4.2211E-2 2.66569E-1 7.74285E-2 2.30277E-1 1.26526E-1 3.75203E-1 3.70015E-1 1.69287E-1 2.07045E-1 2.73122E-1 1.86126E-1 6.69583E-1 1.20602E-1 1.8828E-1 1.80934E-1 2.13889E-1 4.04169E-1 1.31022E-1
6.8983E-2 3.48758E-2 2.83697E-2 1.76425E-1 1.0341E-2 1.70348E-1 2.49126E-1 4.2821E-1 7.3011E-1 5.61553E-1 3.49595E-1 8.00044E-2 3.53612E-2 1.12847E-1 1.343E-1 3.4542E-2 6.32486E-2 3.46263E-1 1.32343E-1 4.61426E-1 3.28731E-1 4.03488E-1 3.27268E-1 3.21964E-1 9.82132E-2 3.97238E-1 8.02348E-2 1.04936E-1 5.67541E-2 2.99367E-1 5.17922E-1 3.53868E-1 1.52456E-1 1.2435E-1 1.84528E-1 2.14179E-1 6.47553E-1 2.23025E-1 4.97875E-1 4.40919E-1 3.54514E-1 4.66532E-1 1.92678E-1 1.19316E-1 2.32777E-1 2.963E-1 5.04469E-1 4.14464E-1 2.60671E-1 3.54759E-1 3.13323E-1 4.32219E-1 6.86115E-1 4.23045E-1 3.00414E-1 5.36425E-1 6.11546E-1 1.93314E-1
