outputs/pantheraTigris_max.asc
ncols         290
nrows         290
xllcorner     68.0
yllcorner     8.0
cellsize      0.1
NODATA_value  -9999
[rows 182 to 207 of 290, columns 232 to 289 of 290]
4.70892E-1 4.26239E-1 8.50915E-1 4.61925E-1 4.24026E-1 5.96207E-1 6.66536E-1 5.97453E-1 4.75194E-1 7.42178E-1 5.94412E-1 5.17136E-1 4.46626E-1 4.75738E-1 5.93197E-1 4.7146E-1 4.21458E-1 8.37633E-2 2.25845E-1 4.31422E-1 2.82259E-1 2.97936E-1 2.76297E-1 2.05967E-1 1.92809E-1 3.60056E-1 2.75739E-1 4.39309E-1 2.59538E-1 4.35263E-1 2.25499E-1 1.42501E-1 1.46317E-1 2.13658E-1 4.15107E-1 2.63599E-1 1.94287E-1 3.13281E-1 1.38253E-1 3.54615E-1 1.59692E-1 1.68764E-1 1.6056E-1 6.64226E-2 1.77653E-1 2.07931E-1 1.86412E-1 2.23649E-1 2.00123E-1 1.5288E-1 1.65313E-1 1.21824E-1 1.99472E-2 1.77774E-1 6.06583E-2 9.32512E-2 1.96217E-1 8.4825E-2
7.76759E-1 5.18485E-1 5.53702E-1 5.28182E-1 3.8425E-1 6.25408E-1 4.38225E-1 5.6779E-1 6.35777E-1 6.596E-1 6.81418E-1 5.32596E-1 7.03769E-1 6.30075E-1 8.01369E-1 4.8132E-1 4.48016E-1 2.83328E-1 2.55896E-1 2.9746E-1 1.58802E-1 1.10131E-1 2.08423E-1 2.1344E-1 1.68195E-1 3.12689E-1 3.80692E-1 4.72246E-1 3.12744E-1 4.94981E-1 2.18377E-1 3.33507E-1 2.36106E-1 2.56056E-1 2.71592E-1 1.80207E-1 3.74844E-1 2.08579E-1 1.45227E-1 1.75267E-1 2.45971E-1 2.18821E-1 1.76559E-1 2.20986E-1 1.07637E-1 1.04162E-1 2.25999E-1 1.41367E-1 2.11901E-1 1.86653E-1 4.39576E-2 1.01409E-1 5.47764E-2 7.75021E-2 9.23029E-2 1.5024E-1 1.88012E-1 2.01129E-1
4.99921E-1 5.45876E-1 3.95167E-1 6.13529E-1 5.26913E-1 6.77154E-1 5.35128E-1 4.92279E-1 3.84327E-1 2.64021E-1 6.44204E-1 3.23988E-1 2.88763E-1 6.43952E-1 5.17362E-1 2.33269E-1 3.19654E-1 2.91769E-1 4.51356E-1 3.74269E-1 2.88489E-1 2.00345E-1 3.35548E-1 1.20805E-1 2.54303E-1 1.65641E-1 3.3501E-1 7.85463E-1 5.4889E-1 4.26536E-1 3.07771E-1 3.26687E-1 1.70753E-1 1.30023E-1 1.31381E-1 1.44717E-1 4.21639E-1 2.16969E-1 3.92164E-1 1.6131E-1 3.14162E-1 1.84036E-1 7.11405E-2 1.64611E-1 1.53117E-1 1.34776E-1 1.46303E-1 1.40969E-1 2.68782E-1 9.27827E-2 8.69918E-2 9.77229E-2 1.10004E-1 1.00957E-1 1.51326E-1 1.56545E-1 1.33784E-1 7.95673E-2
1.56288E-1 7.36547E-1 3.33568E-1 2.1279E-1 3.00048E-1 5.82235E-1 6.90857E-1 1.69162E-1 2.33474E-1 3.83105E-1 4.08091E-1 5.05093E-1 5.59572E-1 8.29391E-1 6.47694E-1 6.47116E-1 5.84092E-1 7.58194E-1 4.24031E-1 4.06551E-1 6.25995E-1 3.04339E-1 3.57369E-1 3.18171E-1 2.43784E-1 3.52097E-1 3.55421E-1 4.81522E-1 4.67886E-1 3.70077E-1 3.14464E-1 2.67688E-1 2.17139E-1 1.98768E-1 1.46486E-1 1.33773E-1 3.70675E-1 3.6378E-1 3.62283E-1 2.37515E-1 2.13448E-1 2.13562E-1 3.2195E-1 2.75636E-1 1.39303E-1 9.1223E-2 1.35813E-1 3.62977E-1 3.39857E-1 2.60073E-1 1.6517E-1 4.67845E-2 1.76018E-1 2.62451E-1 5.70874E-2 6.92462E-2 2.32321E-1 3.1532E-1
1.45635E-1 4.05991E-1 4.32644E-1 1.40641E-1 7.16617E-1 6.91641E-1 7.01745E-1 8.38878E-1 3.65224E-1 3.24604E-1 5.35152E-1 8.65262E-1 5.23114E-1 5.75436E-1 5.08954E-1 5.14853E-1 6.41828E-1 5.684E-1 5.59381E-1 4.70054E-1 5.53705E-1 4.27458E-1 4.69327E-1 4.62962E-1 2.47323E-1 4.59449E-1 5.63694E-1 6.74789E-1 6.19685E-1 4.88313E-1 4.96722E-1 5.39584E-1 2.39933E-1 3.40492E-1 2.94018E-1 2.89838E-1 2.16002E-1 2.33142E-1 1.81353E-1 2.85797E-1 3.19523E-1 5.74087E-1 1.94418E-1 2.02159E-1 1.2587E-1 1.77728E-1 1.76336E-1 1.54074E-1 1.35883E-1 2.19058E-1 1.04962E-1 1.32389E-1 5.38096E-2 2.53243E-1 4.68735E-2 2.0891E-1 6.89271E-2 2.22002E-1
6.37905E-1 5.89109E-1 6.24877E-1 3.73472E-1 7.81075E-1 4.58964E-1 4.49197E-1 5.08229E-1 5.35389E-1 6.46011E-1 5.04279E-1 5.96788E-1 4.05642E-1 5.36856E-1 5.0554E-1 6.27621E-1 7.32344E-1 8.6506E-1 5.48332E-1 6.53915E-1 6.38156E-1 5.75327E-1 4.73199E-1 4.69421E-1 4.81016E-1 4.92012E-1 5.18202E-1 4.80822E-1 4.72584E-1 3.8749E-1 4.91591E-1 6.38319E-1 4.29498E-1 3.92544E-1 2.59891E-1 2.83903E-1 2.67506E-1 1.69139E-1 1.17149E-1 4.80127E-1 2.47238E-1 1.77957E-1 3.86554E-1 4.56231E-1 2.16015E-1 2.25261E-1 3.57757E-1 1.09403E-1 2.79958E-1 2.65655E-1 2.05355E-1 1.23141E-1 2.74147E-1 8.87136E-2 1.50753E-1 2.0856E-1 1.41486E-1 1.93223E-1
2.88019E-1 4.64814E-1 4.27152E-1 2.41954E-1 3.68888E-1 9.26934E-2 3.65297E-1 4.99148E-1 3.78885E-1 4.67822E-1 3.83966E-1 5.42607E-1 5.6111E-1 3.2865E-1 3.82135E-1 6.06248E-1 4.01299E-1 3.13385E-1 4.77741E-1 2.94936E-1 6.18462E-1 5.48514E-1 3.81003E-1 6.45276E-1 4.15714E-1 4.72576E-1 5.53932E-1 5.38091E-1 5.38903E-1 4.37912E-1 5.34619E-1 4.7605E-1 4.23527E-1 4.73942E-1 5.5245E-1 4.30171E-1 2.39987E-1 5.99653E-1 2.79695E-1 2.64238E-1 2.09222E-1 1.10267E-1 2.69802E-1 1.80977E-1 3.91026E-1 1.35125E-1 1.55566E-1 1.6315E-1 1.61852E-1 8.65676E-2 1.59779E-1 2.09526E-1 1.13511E-1 1.7635E-1 1.2948E-1 2.25524E-1 2.3519E-1 1.31262E-1
2.69852E-1 3.51939E-1 3.00086E-1 1.67991E-1 2.19057E-1 2.63963E-1 2.40351E-1 2.18631E-1 2.74346E-1 2.20447E-1 2.04358E-1 4.81436E-1 3.77873E-1 5.45862E-1 5.83524E-1 4.70092E-1 5.02192E-1 4.92442E-1 3.04281E-1 3.02339E-1 5.17579E-1 4.86782E-1 4.21915E-1 4.32968E-1 6.0986E-2 5.73208E-1 2.4486E-1 3.51368E-1 7.19279E-1 4.14672E-1 6.74383E-1 4.35589E-1 8.29777E-1 8.19606E-1 3.22957E-1 5.49377E-1 4.50475E-1 2.95128E-1 2.60642E-1 1.89161E-1 2.7715E-1 2.5309E-1 1.03215E-1 1.4797E-1 9.08944E-2 1.74037E-1 1.94068E-1 1.6739E-1 3.25403E-1 1.48967E-1 1.34468E-1 1.46423E-1 1.56064E-1 1.64532E-1 1.45012E-1 1.57379E-1 1.71016E-1 5.98984E-1
2.37397E-1 1.87109E-1 2.05708E-1 1.61338E-1 3.75128E-1 3.94235E-1 2.23934E-1 2.79254E-1 2.90627E-1 1.897E-1 2.97741E-1 2.51335E-1 3.10728E-1 4.93635E-1 5.87801E-1 3.29807E-1 3.09293E-1 3.06562E-1 4.96197E-1 2.23278E-1 2.45424E-1 6.13282E-1 3.08099E-1 3.28836E-1 3.32E-1 2.19218E-1 6.52773E-1 5.49914E-1 8.45003E-1 4.3259E-1 5.03732E-1 7.9479E-1 7.07049E-1 2.59077E-1 7.18977E-1 7.04817E-1 5.83262E-1 7.31759E-1 4.35088E-1 7.08824E-1 8.68506E-2 3.47661E-1 2.52948E-1 2.49093E-1 6.18386E-2 3.38188E-1 1.59269E-1 3.61531E-1 1.93396E-1 3.8996E-1 2.13639E-1 2.4697E-1 2.11637E-1 1.66212E-1 1.28617E-1 1.32897E-1 1.6366E-1 2.18332E-1
2.97598E-1 2.34941E-1 3.69631E-1 2.64526E-1 4.48234E-1 3.58654E-1 2.75082E-1 2.7165E-1 2.96616E-1 3.09265E-1 2.77177E-1 3.26835E-1 2.16532E-1 5.19045E-1 2.24268E-1 2.0691E-1 1.82918E-1 2.06193E-1 2.58892E-1 2.67841E-1 1.90435E-1 2.16535E-1 1.64353E-1 2.48807E-1 1.95732E-1 4.26071E-1 4.83197E-1 5.5115E-1 2.8323E-1 2.43281E-1 5.34664E-1 4.42672E-1 4.69118E-1 5.08925E-1 3.35248E-1 6.51457E-1 6.02454E-1 2.83543E-1 4.71602E-1 2.64742E-1 5.57943E-2 3.34321E-1 3.17952E-1 3.08283E-1 2.02079E-1 1.886E-1 2.24748E-1 9.01596E-2 1.88016E-1 1.75151E-1 1.01994E-1 2.05195E-1 1.47689E-1 1.66708E-1 1.11682E-1 7.48471E-2 2.41292E-1 1.50635E-1
4.80154E-2 2.06387E-1 2.23938E-1 3.75503E-1 3.68209E-1 4.01464E-1 3.25895E-1 4.07768E-1 3.55615E-1 4.0382E-1 3.27155E-1 6.12716E-1 4.61356E-1 3.60316E-1 2.05912E-1 2.34016E-1 2.00211E-1 1.79697E-1 3.50197E-1 1.82242E-1 2.27943E-1 2.98456E-1 1.02077E-1 2.43073E-1 6.71833E-1 2.07784E-1 5.39101E-1 2.47569E-1 2.50499E-1 6.76667E-1 6.51774E-1 5.60165E-1 7.46485E-1 4.41314E-1 4.58178E-1 8.38562E-1 5.20586E-1 2.22127E-1 7.4477E-1 3.96239E-1 5.7463E-1 4.93803E-1 2.64382E-1 2.61295E-1 1.67577E-1 3.15414E-1 3.20304E-1 3.04416E-1 1.7426E-1 1.3475E-1 1.47372E-1 2.9113E-1 1.49019E-1 2.6454E-1 3.70028E-1 1.79571E-1 1.44889E-1 2.18083E-1
1.83537E-1 3.12762E-1 2.74317E-1 3.72148E-1 3.08015E-1 2.78165E-1 3.23339E-1 3.52558E-1 3.61051E-1 4.08251E-1 3.5477E-1 4.68531E-1 5.08204E-1 2.83962E-1 3.65476E-1 2.38016E-1 1.85542E-1 2.63715E-1 4.25729E-1 1.86476E-1 1.97588E-1 2.21603E-1 3.147E-1 2.48709E-1 2.4448E-1 3.62299E-1 5.85837E-1 4.74953E-1 6.72572E-1 2.11628E-1 4.39357E-1 4.54667E-1 7.23732E-1 5.47134E-1 6.31201E-1 4.6779E-1 4.82234E-1 8.29394E-1 4.89197E-1 6.02913E-1 6.50727E-1 5.0974E-1 5.10139E-1 2.43843E-1 2.7143E-1 8.40244E-2 2.91425E-1 2.23409E-1 4.24652E-1 3.29507E-1 3.08178E-1 1.30538E-1 1.19297E-1 1.19511E-1 1.3642E-1 1.17502E-1 1.76644E-1 3.20114E-1
3.01519E-1 3.86628E-1 4.57823E-1 3.4521E-1 3.61274E-1 3.91454E-1 3.80222E-1 4.73916E-1 2.84126E-1 3.7441E-1 4.75119E-1 4.28954E-1 5.09158E-1 3.54959E-1 7.61116E-1 4.03575E-1 2.96823E-1 2.74933E-1 5.10874E-1 2.76875E-1 1.01449E-1 4.77568E-1 3.26667E-1 4.05861E-1 3.01604E-1 2.66075E-1 1.95463E-1 4.87769E-1 2.46909E-1 4.75344E-1 3.73572E-1 5.98463E-1 5.8096E-1 5.617E-1 2.70588E-1 2.42861E-1 3.14884E-1 7.54085E-1 5.48374E-1 8.11367E-1 2.43621E-1 8.88841E-1 2.17529E-1 2.0908E-1 4.34722E-1 1.79501E-1 4.37381E-1 2.94048E-1 1.943E-1 1.70958E-1 1.25462E-1 1.7109E-1 9.61385E-2 1.21134E-1 5.20026E-2 2.01577E-1 3.05343E-1 2.75809E-1
3.07571E-1 5.44839E-1 3.35651E-1 4.197E-1 1.84645E-1 2.46063E-1 4.22592E-1 5.14209E-1 4.13737E-1 2.72081E-1 4.88123E-1 6.50021E-1 4.94731E-1 5.75953E-1 2.93369E-2 4.37403E-1 3.14794E-1 5.9886E-1 4.00711E-1 3.32886E-1 7.79342E-2 5.16138E-1 5.83076E-1 2.77212E-1 2.66404E-1 2.4774E-1 2.4586E-1 1.95245E-1 1.86732E-1 2.90442E-1 3.04434E-1 4.49457E-1 3.92618E-1 6.87444E-1 4.9973E-1 4.61599E-1 7.94066E-1 6.51166E-1 8.14768E-1 3.42207E-1 6.36069E-1 5.43593E-1 3.67735E-1 1.64914E-1 3.03992E-1 2.83705E-1 2.75429E-1 1.71614E-1 2.02682E-1 1.41845E-1 1.20896E-1 2.10589E-1 2.29445E-1 1.71885E-1 1.70821E-1 1.68659E-1 3.27297E-1 1.92854E-1
3.49174E-1 4.40885E-1 3.57821E-1 6.42426E-1 2.45367E-1 3.91205E-1 3.26884E-1 2.79446E-1 2.91213E-1 2.66538E-1 3.11609E-1 2.55329E-1 6.57089E-1 2.63131E-1 5.19404E-1 2.53631E-1 7.59274E-2 2.52712E-1 4.74475E-1 1.16148E-1 5.18089E-1 6.15873E-1 5.94371E-1 3.57674E-1 1.5934E-1 1.92212E-1 3.3761E-1 3.90116E-1 2.42832E-1 3.94434E-1 6.58228E-1 3.76294E-1 3.34325E-1 4.06495E-1 4.48186E-1 5.64023E-1 6.639E-1 3.42815E-1 5.59321E-1 3.10183E-1 6.45125E-1 2.8866E-1 2.34862E-1 5.68705E-1 2.06715E-1 3.256E-1 2.92599E-1 6.01161E-2 1.14782E-1 6.60756E-2 9.39155E-2 1.61927E-1 1.3066E-1 1.75384E-1 1.58879E-1 1.95425E-1 2.71239E-1 2.20013E-1
5.77569E-1 9.41094E-1 3.51413E-1 4.19102E-1 1.74155E-1 5.43949E-1 2.18369E-1 6.37147E-1 4.1336E-1 2.86779E-1 3.86932E-1 2.80174E-1 7.56353E-1 8.7954E-1 1.10353E-1 1.82093E-2 5.03242E-1 2.05907E-2 1.46592E-2 4.23072E-1 4.0122E-1 3.74538E-1 4.10327E-1 5.65036E-1 1.86198E-1 1.52132E-1 3.09615E-1 1.72373E-1 4.86465E-1 3.88288E-1 2.4659E-1 2.81487E-1 3.57097E-1 6.10217E-1 3.42398E-1 1.56819E-1 4.10623E-1 3.18545E-1 5.04752E-1 5.09872E-1 5.73178E-1 5.45338E-1 9.29099E-1 6.07763E-1 3.26108E-1 5.70012E-1 3.27037E-1 1.64096E-1 3.04193E-1 1.51909E-1 1.06293E-1 1.42315E-1 1.99402E-1 2.16824E-1 1.64346E-1 2.01256E-1 3.55568E-1 3.57651E-1
4.33708E-1 5.28986E-1 3.44302E-1 3.4484E-1 1.63505E-1 5.67907E-1 2.8987E-1 4.36146E-1 1.53724E-1 2.79519E-1 2.50248E-1 7.24619E-1 6.87912E-1 9.90849E-1 5.82075E-1 7.03029E-1 7.08076E-1 4.15778E-1 3.30251E-1 2.56106E-1 3.20223E-1 4.88111E-1 4.40082E-1 5.27411E-1 3.28911E-1 1.48761E-1 2.85016E-1 3.24719E-1 2.25326E-1 2.0482E-1 2.98385E-1 4.03948E-1 3.66474E-1 3.85696E-1 2.58236E-1 2.33354E-1 3.78459E-1 3.29651E-1 5.35778E-1 4.47102E-1 6.31242E-1 6.79651E-1 7.42152E-1 6.24932E-1 5.05569E-1 6.48166E-1 1.07092E-1 7.85044E-2 7.24371E-2 1.4101E-1 1.1655E-1 7.54192E-2 3.10505E-1 1.93812E-1 1.33135E-1 2.49579E-1 5.2077E-1 3.05174E-1
4.17481E-1 4.6499E-1 3.0939E-1 3.03007E-1 3.97976E-1 3.95423E-1 6.79404E-1 2.78679E-1 3.84923E-1 2.06155E-1 1.56092E-1 2.03417E-1 2.20381E-1 5.58884E-1 6.47434E-1 2.93224E-1 4.75153E-1 2.89521E-1 2.30101E-1 2.45233E-1 4.34965E-1 9.85069E-1 5.63537E-1 4.5538E-1 4.17014E-1 4.17207E-1 2.70456E-1 1.63882E-1 8.81424E-1 3.34887E-1 3.42147E-1 2.66445E-1 2.1847E-1 3.0618E-1 3.19968E-1 2.08442E-1 2.18847E-1 2.74031E-1 2.64702E-1 4.76823E-1 4.00905E-1 6.59552E-1 6.10377E-1 6.61255E-1 7.77274E-1 7.00165E-1 3.05942E-1 5.06289E-1 3.8038E-1 4.07721E-1 3.22808E-1 1.98157E-1 1.73195E-1 2.36551E-1 3.29702E-1 2.90906E-1 2.35265E-1 2.5812E-1
2.29107E-1 4.65429E-1 9.25335E-1 9.06934E-1 4.04284E-1 2.14701E-1 4.55987E-1 2.53177E-1 9.34555E-1 1.76446E-1 2.16739E-1 1.12817E-1 4.41138E-1 3.47624E-1 8.89239E-1 9.09702E-1 5.90704E-1 5.37494E-1 4.25626E-1 2.75059E-1 4.92076E-1 4.6078E-1 3.94077E-1 4.54217E-1 7.18331E-1 5.31572E-1 4.52161E-1 9.68677E-1 2.44183E-1 2.88484E-1 5.59808E-1 3.32565E-1 2.17417E-1 3.18204E-1 3.41852E-1 2.21174E-1 2.70917E-1 5.38326E-1 3.35768E-1 5.96834E-1 5.37942E-1 4.5955E-1 2.52534E-1 3.74942E-1 5.50447E-1 4.79464E-1 5.19518E-1 4.70302E-1 4.93123E-1 2.94679E-1 2.54557E-1 1.97173E-1 3.06439E-1 3.34001E-1 2.98112E-1 2.15323E-1 2.30168E-1 4.4669E-1
3.88276E-1 9.44575E-1 1.38753E-1 3.36551E-1 6.71019E-1 5.20116E-1 3.8022E-1 4.48269E-1 1.93926E-1 1.07051E-1 2.0866E-2 9.83477E-2 2.76622E-1 2.13507E-1 2.98079E-1 3.64841E-1 3.78193E-1 9.71928E-1 1.94316E-1 2.83753E-1 5.58876E-1 5.78997E-1 6.08379E-1 9.17182E-1 9.94947E-1 4.12052E-1 4.08649E-1 8.16438E-1 2.34872E-1 3.29274E-1 2.9937E-1 2.02867E-1 2.94569E-1 5.36564E-1 3.72506E-1 3.11491E-1 2.9334E-1 2.76919E-1 2.85561E-1 3.93593E-1 5.68352E-1 3.24651E-1 8.9881E-2 4.13414E-1 4.86662E-1 5.84623E-1 4.48658E-1 4.28161E-1 8.71293E-2 2.71991E-1 2.77968E-1 2.97004E-1 2.7275E-1 2.84306E-1 3.66036E-1 3.90107E-1 1.65871E-1 2.11182E-1
6.45466E-1 1.20031E-1 3.71374E-1 1.88371E-1 2.90467E-1 1.8054E-1 3.77302E-1 3.96691E-1 1.43494E-1 3.88687E-2 6.63585E-2 1.00763E-1 1.23855E-1 1.95065E-1 2.6248E-1 4.77426E-1 6.7451E-1 9.03701E-1 4.15899E-1 5.29417E-1 6.35004E-1 1.74643E-1 4.65842E-1 2.82271E-1 3.21599E-1 8.77656E-1 6.65519E-1 3.43803E-1 8.32429E-1 1.9192E-1 7.48151E-1 2.87989E-1 2.27962E-1 6.16788E-1 3.78689E-1 2.58167E-1 3.48509E-1 2.66549E-1 2.81828E-1 3.77593E-1 3.10475E-1 3.07481E-1 3.92917E-1 4.70092E-1 4.23316E-1 4.48869E-1 3.77844E-1 2.76859E-1 2.29033E-1 1.70052E-1 1.45674E-1 2.43681E-1 1.994E-1 3.46481E-1 5.79307E-1 1.92599E-1 2.3519E-1 4.65981E-1
8.11136E-1 2.61534E-1 1.39799E-1 2.56069E-1 2.12687E-1 2.06628E-1 2.14269E-2 4.15499E-2 1.22365E-1 1.3766E-1 1.21724E-1 1.59609E-1 8.78611E-2 1.34449E-1 1.7124E-1 1.9036E-1 8.24607E-1 5.50214E-1 5.17568E-1 4.07953E-1 5.45125E-1 5.7966E-1 4.46225E-1 4.14657E-1 3.22734E-1 2.30322E-1 4.6366E-1 4.73901E-1 3.5243E-1 3.16495E-1 3.35328E-1 3.30397E-1 5.73562E-1 4.01694E-1 2.33639E-1 8.67833E-1 1.92871E-1 3.34853E-1 2.90174E-1 2.53688E-1 3.58905E-1 2.51196E-1 2.85428E-1 3.60221E-1 2.07465E-1 1.20871E-1 1.46333E-1 3.26384E-1 2.21989E-1 2.35097E-1 5.28273E-2 1.39156E-1 1.97585E-1 3.09448E-1 5.78022E-1 3.33587E-1 3.98042E-1 5.88154E-1
2.26601E-1 4.64037E-1 1.73245E-1 8.05114E-2 2.26583E-1 1.54821E-1 2.28947E-2 1.16786E-1 1.27594E-1 1.83812E-1 3.16453E-2 1.06822E-1 4.46616E-2 7.64357E-2 1.48629E-1 1.63573E-1 6.42477E-1 8.02955E-1 8.79983E-1 4.45947E-1 3.83198E-1 4.81433E-1 3.49841E-1 4.84134E-1 2.7178E-1 5.76284E-1 9.93164E-1 4.07818E-1 4.01867E-1 8.29463E-1 9.61464E-1 3.51903E-1 2.69095E-1 5.76546E-1 6.70937E-1 4.54475E-1 7.95358E-1 3.12742E-1 3.4009E-1 2.25992E-1 3.42489E-1 3.36654E-1 1.85976E-1 2.81658E-1 3.04554E-2 3.22701E-1 2.92075E-1 1.8381E-1 3.18422E-1 4.20435E-1 2.22105E-1 2.48395E-1 3.29895E-1 8.11342E-1 3.57166E-1 4.95904E-1 2.81863E-1 8.39789E-1
1.13047E-1 1.1892E-1 1.09027E-1 2.01814E-1 5.28366E-2 1.15488E-2 1.41464E-1 1.77212E-2 1.86069E-1 8.37433E-2 1.08161E-1 1.16957E-1 1.1158E-1 8.274E-2 4.90308E-2 1.49473E-1 2.13322E-1 7.09084E-1 4.52155E-1 3.76076E-1 4.62803E-1 4.3554E-1 5.63422E-1 3.91483E-1 3.83707E-1 3.08051E-1 4.58288E-1 2.55029E-1 3.88226E-1 4.78467E-1 5.61208E-1 7.59443E-1 5.80767E-1 3.63513E-1 6.77342E-1 5.09162E-1 5.14184E-1 2.88025E-1 3.82175E-1 2.15458E-1 6.07499E-1 2.44127E-1 1.1862E-1 5.45846E-1 3.99619E-1 4.40185E-1 4.76088E-1 2.60803E-1 2.5914E-1 1.92418E-1 4.93487E-1 5.12332E-1 9.9893E-1 4.23768E-1 9.02658E-1 9.77925E-1 6.24943E-1 7.25859E-1
7.26777E-2 1.40042E-1 1.82652E-1 8.28984E-2 6.60619E-2 1.21674E-1 6.73227E-2 5.00606E-2 1.20552E-1 4.11354E-1 1.92775E-1 1.49769E-2 1.17394E-1 9.13507E-2 1.29239E-1 3.04684E-1 5.20459E-1 3.53824E-1 4.61929E-1 2.64955E-1 5.1445E-1 6.51451E-1 4.49249E-1 8.3894E-1 4.92209E-1 4.8183E-1 4.4468E-1 3.87672E-1 4.72655E-1 4.73194E-1 4.90011E-1 7.15217E-1 5.17252E-1 3.13141E-1 4.81817E-1 2.53332E-1 1.30781E-1 2.43086E-1 4.17107E-1 3.18766E-1 9.6934E-2 2.1114E-1 1.90583E-1 5.82051E-2 3.17589E-1 6.96189E-1 4.35087E-1 3.15671E-1 2.65048E-1 2.33179E-1 2.51022E-1 5.81463E-1 2.32637E-1 6.4059E-1 8.70535E-1 2.32325E-1 7.785E-1 5.0071E-1
1.09846E-1 1.2654E-1 1.59833E-1 1.72638E-1 1.28819E-1 1.10105E-1 6.84477E-2 1.55668E-1 2.8886E-1 4.69526E-1 1.02169E-1 1.42668E-1 1.10476E-1 1.75807E-1 2.07366E-1 6.17119E-1 1.33492E-1 4.20342E-1 8.29532E-1 5.385E-1 3.4614E-1 5.67748E-1 3.00637E-1 6.11332E-1 5.10218E-1 3.7584E-1 6.58655E-1 2.92539E-1 4.37346E-1 4.70558E-1 2.47871E-1 4.44032E-1 6.74048E-1 3.49851E-1 3.9443E-1 5.06249E-1 3.84616E-1 1.6915E-1 2.35897E-1 1.85232E-1 3.01319E-1 3.88719E-1 1.02886E-1 2.05339E-1 3.93901E-1 7.59754E-1 5.59603E-1 5.0984E-1 3.59715E-1 2.36633E-1 2.67341E-1 4.45815E-1 2.90029E-1 7.40139E-1 1.92421E-1 6.5395E-1 5.72594E-1 3.99471E-1
