outputs/pantheraTigris_median.asc
ncols         290
nrows         290
xllcorner     68.0
yllcorner     8.0
cellsize      0.1
NODATA_value  -9999
[rows 182 to 207 of 290, columns 0 to 57 of 290]
7.30562E-1 9.0073E-2 1.22131E-1 7.45718E-2 2.37371E-1 3.12284E-1 6.21179E-1 3.83209E-1 2.25489E-2 4.22172E-1 1.92887E-1 1.77867E-2 3.81419E-1 4.53458E-4 2.47248E-1 1.89043E-4 1.20959E-1 1.31946E-1 2.15925E-2 7.07975E-3 4.386E-4 2.39101E-1 7.86305E-2 2.33297E-3 8.61738E-2 1.57162E-1 1.6329E-1 2.26737E-1 8.44634E-3 3.44825E-2 1.27496E-1 1.80381E-1 1.88608E-1 1.17863E-1 6.49173E-3 2.78352E-1 8.4184E-3 2.29723E-1 6.20585E-2 5.70784E-4 2.60474E-3 2.6972E-2 2.10311E-3 1.89856E-1 7.85169E-2 3.03993E-1 3.8291E-1 1.01128E-2 2.00573E-2 1.92318E-2 6.09623E-1 6.87776E-2 3.08714E-1 2.11287E-2 1.86372E-1 1.63227E-1 1.06629E-1 3.17196E-1
1.29877E-1 2.45808E-2 2.25812E-1 2.14174E-2 1.85226E-1 1.70361E-2 1.36748E-3 1.5218E-1 6.45813E-2 1.48711E-1 2.26797E-1 2.34392E-2 1.08474E-1 9.60956E-2 9.72435E-3 2.8359E-2 1.535E-2 4.90133E-2 4.00536E-2 3.37893E-2 1.8373E-1 2.50266E-1 1.47632E-1 1.73039E-1 1.34169E-2 4.31916E-1 2.48554E-1 4.76127E-3 1.61786E-1 1.6315E-1 4.57918E-1 1.13391E-3 2.83895E-1 4.81439E-1 2.41944E-1 9.77581E-2 8.62322E-2 6.02634E-2 2.01686E-2 5.53945E-2 6.89223E-3 4.26969E-2 4.46036E-2 2.65364E-2 1.99648E-1 4.97433E-2 1.32697E-1 1.86434E-2 1.95574E-1 2.28175E-1 1.56613E-1 8.80685E-1 4.04826E-1 4.96384E-1 1.94581E-1 2.3121E-1 2.47173E-1 6.00531E-1
2.56053E-1 1.88445E-2 1.72564E-2 2.70928E-1 1.81362E-1 4.26107E-2 4.29116E-1 3.48205E-2 4.60322E-2 2.467E-1 2.51095E-3 1.17518E-1 6.87033E-2 5.77625E-2 8.7303E-3 4.31433E-2 4.13824E-1 4.40341E-4 8.66132E-3 3.36647E-1 3.71629E-3 1.28193E-3 1.38475E-1 1.33033E-2 4.28084E-1 1.78489E-2 9.34203E-4 4.49614E-2 1.31691E-1 3.49035E-2 2.54684E-2 5.22495E-1 3.64561E-1 1.92411E-3 2.01311E-1 1.8219E-1 2.47234E-1 2.15918E-1 1.3256E-2 3.39873E-2 2.79651E-1 1.97892E-1 2.89995E-3 4.91866E-2 8.34474E-3 2.1907E-1 1.64219E-1 2.34771E-1 3.6855E-1 1.31923E-2 5.30189E-1 1.48489E-1 4.18389E-2 6.5382E-2 2.8008E-1 2.8149E-1 5.3811E-2 2.92798E-1
2.36921E-2 1.57639E-1 2.35418E-1 1.85009E-1 2.24751E-1 1.03589E-2 1.29595E-1 1.65217E-1 2.92306E-1 2.49822E-1 1.96351E-2 2.43955E-1 1.8412E-1 2.81861E-3 2.39089E-1 7.66749E-2 8.92137E-3 1.72097E-2 9.458E-3 2.08328E-2 1.96212E-1 2.9614E-2 2.17288E-1 2.01729E-1 1.64723E-1 1.81541E-2 7.19866E-4 1.63312E-1 1.79655E-2 9.21142E-3 5.4196E-1 1.71135E-2 1.13375E-2 2.55576E-2 6.62841E-2 1.2237E-2 8.73936E-2 8.44304E-2 1.33478E-2 1.73635E-1 3.52709E-2 7.92908E-3 2.09558E-1 1.04542E-1 2.39279E-1 2.28229E-1 1.04594E-1 1.19747E-2 1.34686E-1 6.54512E-2 2.03167E-2 1.8192E-2 1.69127E-2 5.02463E-1 2.55756E-2 2.91703E-2 4.06077E-1 3.78332E-1
6.35003E-2 1.65242E-1 1.0974E-2 2.75393E-1 8.90757E-3 2.20303E-1 1.69377E-1 1.22403E-1 1.47459E-3 9.55352E-2 2.23311E-1 4.49037E-1 1.66584E-2 1.30673E-4 1.79731E-1 5.72262E-3 1.29559E-2 1.50735E-1 2.12315E-2 1.55903E-1 1.905E-2 1.68882E-2 3.27829E-1 1.12157E-1 1.58124E-1 1.77796E-1 9.16295E-4 8.39698E-3 2.49666E-2 1.62649E-2 9.34349E-1 7.1264E-1 1.37225E-1 3.85156E-2 1.04465E-3 5.27451E-2 1.36225E-2 2.24005E-1 2.48759E-2 4.61884E-1 1.18736E-1 2.32175E-2 1.26442E-2 6.41519E-2 6.13889E-2 3.9338E-1 1.57025E-2 9.25373E-2 3.34867E-1 5.64703E-2 8.13394E-2 1.54877E-1 1.83777E-2 2.86025E-1 2.06489E-2 2.24792E-1 2.07347E-2 1.36458E-1
7.50699E-2 2.50351E-1 2.28361E-1 5.60023E-1 2.92522E-2 1.57458E-1 1.34417E-2 3.54038E-1 3.4378E-2 2.5784E-1 1.68749E-1 2.24123E-1 1.0888E-1 8.31925E-2 7.17319E-2 1.85547E-4 1.28541E-1 2.20321E-1 2.14807E-1 1.36911E-2 7.30598E-2 1.17707E-1 7.78647E-3 2.7964E-1 1.89151E-2 1.51855E-1 3.27806E-2 7.52989E-3 1.63988E-2 2.76334E-1 2.48023E-1 1.88762E-2 1.1034E-3 7.77456E-2 7.53662E-3 1.34459E-2 2.39057E-1 1.25522E-1 2.56273E-1 3.43762E-2 3.73487E-1 6.17767E-1 3.76038E-2 2.37423E-1 1.63846E-2 1.63997E-2 3.15784E-1 5.579E-4 9.80161E-2 1.94251E-1 1.74844E-2 1.32929E-1 1.49544E-1 2.17067E-1 3.12529E-1 2.80914E-1 2.67518E-1 2.85215E-2
5.84752E-2 1.28689E-1 5.31307E-1 1.07391E-1 4.30979E-2 2.65511E-1 6.70353E-2 1.14016E-1 6.12124E-3 2.48941E-1 1.43434E-2 1.39777E-3 1.95651E-2 8.43828E-3 1.74073E-2 1.32856E-2 1.65208E-2 1.78555E-1 1.29324E-2 3.71346E-1 4.21989E-1 1.99277E-1 1.98118E-1 2.56828E-1 4.71158E-1 2.49179E-2 3.33677E-2 2.10809E-2 8.69273E-2 1.49302E-2 2.71178E-1 2.42483E-1 1.05486E-2 8.92557E-3 1.71137E-1 1.02141E-1 1.42548E-1 1.25691E-1 2.59216E-2 1.39154E-1 3.37836E-1 2.05881E-2 2.12588E-2 2.16806E-2 1.86097E-2 1.73448E-2 2.88481E-1 5.54825E-2 1.4789E-3 2.60421E-2 3.85426E-1 1.52685E-1 1.07764E-1 3.01757E-1 1.19995E-1 1.56906E-1 3.00498E-2 1.42345E-1
1.72685E-1 2.74138E-2 1.25836E-2 2.13323E-1 1.25139E-1 5.40908E-1 8.37806E-3 2.85245E-1 4.31E-2 2.33255E-2 2.37656E-2 1.60275E-1 2.7715E-3 1.74573E-1 1.64672E-1 6.99031E-4 3.17155E-1 2.3213E-2 1.99853E-1 6.60964E-2 4.80617E-2 3.98556E-1 2.77798E-1 3.57157E-2 1.13725E-1 3.22265E-2 1.62204E-2 9.91014E-3 4.3334E-1 5.86459E-4 1.77131E-3 4.02156E-1 3.87501E-1 1.67554E-1 2.59161E-1 1.18518E-1 3.2095E-2 2.91994E-1 7.99957E-2 2.88964E-2 1.74598E-2 4.66643E-1 2.78108E-2 1.36239E-2 1.47531E-2 9.97212E-3 3.05049E-1 4.2261E-2 2.80622E-2 1.57559E-1 9.15243E-2 5.5635E-1 4.40537E-2 4.38956E-1 4.87385E-2 3.66663E-1 4.51576E-1 1.8886E-1
4.31477E-1 8.32277E-2 1.54834E-2 1.10537E-1 1.82547E-1 6.1853E-1 1.41796E-2 2.88397E-1 1.11552E-1 1.32946E-1 1.91335E-1 3.51985E-1 9.77999E-2 7.33274E-2 8.52247E-2 1.2691E-2 1.6244E-1 4.77905E-1 6.40423E-2 9.73392E-4 1.52069E-1 1.00018E-1 2.90882E-1 3.21803E-1 2.00684E-1 2.68619E-2 3.05372E-1 1.6561E-1 8.67646E-2 2.09958E-1 1.13577E-2 1.70554E-1 4.41468E-2 1.82901E-1 1.39211E-2 1.72096E-2 3.0411E-3 6.7147E-2 1.84578E-2 5.32677E-1 5.51218E-1 3.37536E-1 3.70575E-3 3.2955E-1 2.02348E-2 4.4989E-2 4.13306E-1 1.01226E-1 4.32359E-2 1.25158E-1 1.82052E-2 5.91233E-2 3.78868E-1 3.94209E-2 2.47416E-1 2.18159E-1 1.51052E-2 4.03028E-3
1.83875E-2 1.80566E-1 6.96221E-1 1.68467E-1 1.08055E-1 1.87506E-1 1.61293E-2 1.91495E-1 1.35781E-1 6.6309E-2 2.90666E-1 2.39656E-1 1.18736E-1 9.71479E-3 1.82E-1 2.27465E-2 2.18213E-1 1.23121E-3 1.70476E-1 4.05913E-3 5.33908E-2 1.78892E-1 3.49572E-1 2.36401E-1 4.16985E-1 3.05307E-1 3.36759E-1 1.80863E-2 3.02179E-2 8.11803E-2 2.96909E-1 2.15072E-1 2.05017E-1 7.16613E-3 8.40827E-2 3.91991E-2 3.30013E-2 3.18285E-1 1.50955E-3 9.91587E-2 2.39241E-2 1.43621E-1 1.33571E-1 9.14181E-2 4.77717E-1 4.02873E-1 2.89224E-2 1.34695E-1 1.49307E-2 1.80122E-1 3.9822E-1 9.36839E-2 5.69817E-1 5.63113E-1 1.26846E-1 4.44247E-1 1.48542E-1 7.94263E-2
4.61432E-1 8.34821E-1 7.29002E-1 1.844E-1 3.07275E-1 1.86024E-2 8.61927E-2 1.89074E-2 3.50944E-1 1.35378E-1 4.28194E-1 7.64328E-2 1.03247E-2 1.37282E-1 1.12193E-1 2.12937E-2 6.88213E-3 3.28494E-2 3.47411E-1 3.44621E-1 1.99356E-1 1.72008E-1 2.54434E-1 2.41402E-2 1.68828E-1 5.53655E-2 3.11798E-1 2.4603E-1 1.94996E-3 2.25332E-2 2.7492E-1 3.2225E-1 5.5668E-3 1.43727E-1 5.52613E-1 1.76193E-1 8.28258E-4 3.41368E-1 7.99936E-4 1.2872E-1 5.25907E-1 4.69604E-1 6.57822E-2 1.3791E-1 3.83254E-1 1.66183E-1 1.78167E-1 9.4606E-2 3.22136E-1 3.31482E-1 1.03014E-1 4.48084E-1 1.02977E-3 1.28907E-1 1.28595E-1 1.66802E-1 1.61412E-1 1.58666E-2
3.1118E-1 6.5423E-1 7.01672E-1 1.80407E-2 1.17173E-1 1.20388E-1 5.70394E-1 1.31547E-2 8.30557E-2 2.35208E-1 3.17143E-1 3.09427E-1 1.68825E-1 9.24574E-2 1.62367E-1 2.99623E-1 1.24012E-3 1.14092E-1 9.4116E-2 3.88184E-2 5.87155E-3 2.46788E-1 2.06799E-2 1.91516E-1 5.40579E-3 2.77756E-2 1.26224E-1 3.58071E-3 2.23068E-1 1.48149E-1 4.80309E-1 4.95223E-2 1.1083E-1 1.19336E-1 3.74179E-1 1.05325E-1 7.09458E-2 4.29477E-2 1.57998E-2 1.83792E-2 1.32294E-1 3.7125E-1 2.85125E-1 2.22405E-1 7.38714E-2 5.32363E-2 3.83998E-1 7.78105E-2 3.68972E-1 2.76214E-2 2.76058E-2 7.24544E-2 5.46678E-1 1.6809E-1 3.67796E-1 3.27179E-1 1.16707E-1 1.00001E-1
4.08007E-2 2.35967E-1 8.25324E-1 7.6096E-1 4.26338E-2 1.79502E-1 5.00832E-2 2.30374E-1 3.27856E-1 6.09507E-2 2.61594E-1 2.31264E-1 2.03631E-2 3.70222E-2 5.11953E-2 1.02923E-1 2.27433E-1 9.9037E-3 9.86816E-2 4.42604E-1 8.22058E-3 1.53488E-1 1.51997E-1 4.53413E-1 1.91765E-1 2.58312E-1 4.21582E-2 8.64349E-3 2.03333E-1 2.88106E-2 3.21503E-1 9.58373E-2 3.67796E-1 1.14667E-1 1.78604E-3 3.88623E-1 2.12499E-1 9.06736E-3 1.94336E-2 4.19493E-1 1.87046E-2 2.03559E-1 8.49717E-2 9.42299E-2 8.55293E-2 9.10636E-3 2.35187E-2 2.25753E-2 1.27357E-1 6.92824E-2 8.1611E-2 1.91402E-1 2.27544E-2 4.86052E-1 1.26055E-3 4.57003E-1 8.45937E-2 4.27202E-3
2.08632E-1 2.22494E-1 3.00126E-1 4.01433E-1 8.80279E-2 2.03738E-1 1.24088E-1 1.89546E-2 1.95189E-1 1.44278E-1 1.85847E-1 2.36495E-1 2.09491E-1 2.1505E-1 2.94338E-1 1.89204E-1 2.19469E-2 4.13157E-1 2.63495E-1 3.4086E-1 2.61488E-1 1.28457E-1 1.9847E-2 1.8708E-2 4.49912E-2 1.1849E-2 1.51712E-1 9.79368E-3 2.38287E-1 1.44183E-1 3.31899E-2 3.81845E-1 1.50875E-2 8.09644E-3 1.68511E-2 2.55058E-1 9.54435E-3 2.06755E-2 6.04364E-1 9.16699E-2 2.7606E-1 9.81968E-3 1.65374E-3 4.46122E-1 2.88993E-1 1.8027E-3 1.93105E-1 1.95607E-1 2.2977E-2 8.91458E-2 2.99381E-1 4.76902E-1 4.61552E-1 4.55151E-1 7.57945E-2 1.29986E-1 3.57902E-1 3.73335E-1
1.19923E-1 2.03128E-1 3.12368E-1 5.9702E-2 3.08174E-1 1.23807E-1 1.40953E-2 2.90669E-1 1.7532E-1 7.91872E-3 1.4237E-2 3.30394E-2 2.33127E-1 2.26521E-1 1.79162E-1 2.02853E-2 1.65618E-1 2.61026E-1 3.53661E-1 1.92133E-2 2.31736E-2 1.65186E-1 2.69636E-1 2.61626E-1 3.82595E-1 1.87196E-2 4.90088E-3 3.56019E-1 4.05584E-1 8.14234E-2 1.84486E-1 6.29174E-2 4.44727E-2 1.76669E-2 3.12162E-3 1.43367E-1 1.74451E-1 1.67304E-1 4.02233E-1 4.38043E-2 1.42412E-3 5.97342E-1 7.82618E-2 1.29467E-1 1.97805E-2 5.07461E-1 2.02479E-2 1.48976E-2 1.49112E-2 3.41516E-1 5.30882E-1 3.1908E-1 1.02787E-1 2.06611E-1 4.85693E-1 1.06556E-1 1.99843E-1 1.67607E-1
5.8963E-2 4.28639E-1 5.47238E-1 2.83582E-2 3.07741E-1 2.7757E-1 1.64641E-1 1.87602E-2 5.36077E-1 1.31368E-1 1.17115E-1 3.38501E-1 9.4839E-1 6.2327E-1 4.46121E-1 5.89776E-1 7.2731E-1 2.99178E-1 1.86872E-1 1.86504E-1 2.24036E-2 1.30321E-1 2.18721E-2 1.7606E-1 3.5855E-1 1.06926E-2 2.49716E-1 3.92865E-1 3.08223E-2 2.03544E-2 2.80851E-1 2.57639E-1 6.27231E-2 2.98788E-1 1.80439E-1 2.53451E-2 1.91279E-2 2.77019E-1 5.25923E-3 4.28863E-1 3.05212E-1 5.42083E-2 8.88201E-2 2.49365E-1 2.23024E-1 1.36934E-1 6.27416E-1 2.37883E-1 1.55368E-1 2.7192E-2 3.12454E-1 8.01264E-2 1.87844E-1 1.16069E-1 1.26815E-1 4.96608E-1 1.85158E-2 3.40921E-2
5.09637E-1 5.34578E-2 8.35492E-1 5.04853E-1 2.35562E-1 2.40335E-2 1.68394E-1 2.70185E-1 1.04623E-1 7.33153E-1 3.71172E-1 3.0993E-1 3.07452E-2 6.51725E-1 3.13125E-1 7.02036E-2 8.55122E-1 8.02651E-1 2.36968E-2 9.07397E-2 1.11715E-2 1.88207E-1 1.18387E-1 3.50727E-1 2.47452E-2 1.29006E-1 1.46259E-1 9.31981E-2 2.27391E-1 3.31672E-1 2.01336E-1 6.37012E-2 4.7699E-2 2.02059E-2 2.19467E-1 4.52447E-1 3.11499E-1 3.59166E-2 1.2534E-2 4.59066E-1 6.2051E-2 4.37353E-1 3.25766E-1 1.64069E-1 1.26966E-1 2.00959E-1 1.26724E-1 1.33803E-1 1.71089E-1 3.68211E-1 1.90316E-1 5.38702E-1 2.10131E-1 1.91719E-1 6.92576E-3 2.80051E-1 3.83502E-1 1.57639E-1
1.77049E-1 3.84578E-1 1.13687E-1 6.36053E-1 2.66873E-1 7.10517E-1 3.65142E-1 2.74862E-1 2.85101E-1 3.28012E-1 2.78084E-1 6.65956E-1 7.13174E-1 3.38373E-1 4.47061E-1 1.34415E-1 7.89917E-2 7.23371E-1 8.13887E-1 5.75722E-2 7.885E-2 2.84692E-1 6.54081E-1 1.30784E-1 4.48779E-2 1.69569E-1 3.7718E-1 6.69392E-2 7.19525E-2 1.8896E-1 7.83607E-2 1.48805E-1 1.6949E-1 3.18882E-1 5.22361E-1 2.86874E-1 3.39852E-2 1.76029E-1 4.40345E-2 1.84102E-1 6.04061E-2 2.02093E-1 3.8962E-1 1.64039E-1 3.4685E-1 4.27619E-1 2.91543E-1 3.74236E-1 2.88177E-1 4.3493E-1 1.93067E-2 6.20011E-3 1.80154E-2 1.87684E-2 1.28088E-1 7.88392E-2 4.41722E-1 7.92353E-2
8.90892E-2 3.98109E-1 8.35668E-1 1.12142E-1 2.38053E-1 7.45953E-1 3.05828E-1 2.62173E-1 2.34796E-1 4.49447E-1 2.8052E-2 2.9902E-1 2.16018E-2 7.06569E-1 6.11329E-1 7.62668E-1 4.63124E-1 4.38121E-1 8.48306E-1 1.13332E-1 4.72989E-2 6.6608E-2 1.54691E-1 9.94747E-2 1.41017E-1 3.87821E-1 2.36097E-1 2.40699E-1 4.7087E-1 1.68169E-1 1.75385E-2 2.30651E-1 2.21484E-1 2.75261E-1 1.85577E-1 2.42222E-1 2.42574E-2 2.41323E-2 2.99458E-1 2.6384E-1 2.62981E-1 6.42648E-1 3.75782E-1 7.17942E-1 1.37566E-1 1.03355E-1 1.3309E-1 2.85794E-1 2.7589E-2 2.35318E-2 5.14028E-2 7.63641E-3 1.12341E-2 2.4633E-2 8.13273E-2 2.96862E-2 3.02496E-1 3.26052E-1
2.70234E-1 1.58554E-1 4.79755E-1 1.08434E-1 8.17198E-3 2.34546E-1 5.32848E-1 1.02929E-2 3.01513E-1 3.36913E-2 4.20306E-2 4.54755E-1 2.60648E-1 3.34896E-2 1.40758E-1 5.56997E-2 6.28056E-1 4.66603E-1 5.2398E-1 4.7366E-1 2.7083E-1 2.72452E-1 2.00182E-1 2.63284E-1 3.20628E-1 1.4792E-1 1.77977E-1 1.37812E-1 1.72137E-1 2.42232E-1 1.75485E-1 2.0679E-1 3.43364E-2 2.51879E-2 2.09177E-1 4.31802E-1 6.43268E-1 2.09116E-1 2.20602E-1 2.42057E-2 4.93339E-2 4.78706E-2 8.73905E-2 2.1225E-1 4.42709E-2 1.22849E-1 1.73184E-1 5.75167E-1 1.08094E-1 2.0896E-1 2.89389E-1 4.33529E-1 2.49893E-2 1.6987E-2 8.50074E-2 2.06598E-1 1.49462E-1 4.37528E-1
5.93478E-2 2.69768E-1 1.39156E-1 3.2245E-1 1.05256E-2 7.87354E-2 1.45358E-1 1.11729E-1 7.4996E-2 1.15174E-1 1.93707E-1 3.24569E-1 3.96376E-1 1.13136E-2 2.98041E-1 1.17759E-2 3.17149E-1 3.57111E-2 7.41445E-2 2.35046E-1 5.64585E-1 1.99536E-1 2.8942E-1 1.79716E-1 5.76921E-2 1.57124E-1 6.49251E-2 1.53404E-1 2.11113E-1 3.97765E-1 2.73001E-1 1.79093E-2 2.1038E-1 2.4391E-2 1.0905E-1 3.48584E-1 2.2897E-1 5.74677E-1 1.67594E-1 2.13572E-1 1.91031E-1 3.60199E-2 2.5547E-1 2.63034E-1 4.44054E-2 3.32638E-1 1.98571E-1 1.41254E-1 3.53529E-1 2.11821E-1 1.06783E-1 2.05503E-1 1.46817E-2 1.07719E-1 2.92799E-1 2.39911E-1 4.94526E-1 4.10588E-1
1.31012E-1 2.70829E-2 2.92671E-1 1.36718E-2 3.2749E-1 4.20462E-1 2.64324E-1 3.60654E-1 4.76445E-1 5.67602E-2 8.72954E-2 1.41045E-1 1.55613E-1 3.44543E-1 1.70331E-1 1.90749E-1 9.12359E-2 5.21465E-2 2.09907E-1 1.48667E-1 1.49434E-1 2.81319E-1 9.51418E-2 1.66881E-1 2.68267E-2 1.88366E-1 2.71866E-1 3.84505E-1 4.28159E-1 1.64199E-1 2.78388E-1 2.46757E-1 5.17051E-1 3.51756E-2 5.2437E-2 2.88299E-1 5.08365E-2 4.26206E-3 2.50128E-1 2.15377E-1 2.79463E-1 1.76009E-1 3.01832E-1 2.75715E-1 1.60286E-1 3.13084E-1 5.55504E-1 2.37278E-1 2.37602E-2 2.58971E-1 2.27841E-1 2.63184E-1 3.89753E-1 1.21232E-1 2.95856E-1 2.02905E-1 3.23882E-1 2.44572E-1
2.19911E-2 3.47756E-1 3.23267E-2 1.26941E-2 8.2274E-2 7.29445E-1 7.89324E-1 3.4303E-1 3.62813E-1 1.72204E-2 2.97351E-1 1.0047E-2 2.81387E-2 2.57716E-1 3.21521E-2 2.60015E-1 1.89472E-1 2.20059E-1 1.03473E-1 9.51286E-2 2.25634E-1 3.05977E-1 1.77683E-1 1.54382E-1 1.42027E-1 1.22429E-1 4.11125E-2 2.80224E-1 1.40932E-1 2.5365E-1 2.73035E-1 2.09068E-2 1.78085E-1 2.53061E-2 2.39663E-1 3.72424E-1 2.13076E-1 1.0883E-1 2.59551E-1 3.72998E-1 6.77133E-2 2.14445E-1 3.13948E-1 2.02881E-1 1.66234E-2 1.89636E-1 3.56439E-1 2.11213E-1 1.27975E-1 2.20998E-1 2.60846E-1 1.81462E-1 4.68123E-1 2.55566E-2 1.71401E-1 3.003E-1 2.50422E-1 2.18003E-1
8.07863E-2 2.22806E-1 3.66591E-1 2.36899E-2 6.99572E-2 2.48423E-2 2.41457E-1 9.57776E-2 1.07671E-1 1.02383E-2 8.57326E-2 1.33114E-2 2.6093E-2 1.61224E-2 3.15743E-1 1.30158E-1 3.33867E-1 2.60506E-1 2.8281E-1 2.06438E-1 4.01535E-1 2.4093E-2 1.80218E-1 4.12781E-2 1.00806E-2 5.8582E-1 4.51478E-1 4.41693E-1 6.71566E-1 7.03605E-2 1.50651E-2 7.91888E-3 5.36094E-2 2.55423E-1 2.2677E-1 1.60905E-1 4.20747E-2 1.60734E-1 8.11461E-2 1.25283E-1 2.38528E-1 2.8644E-1 3.0036E-1 4.24066E-1 2.19631E-1 2.57831E-1 1.88839E-1 2.29293E-1 1.11471E-1 1.86836E-1 3.71618E-1 3.64278E-2 1.02068E-2 2.41549E-1 1.99604E-2 4.04031E-1 5.13877E-1 5.15668E-2
1.20232E-1 3.76378E-1 1.15263E-1 1.22684E-2 2.84917E-1 3.04893E-1 1.57873E-1 3.23145E-1 3.4239E-1 8.66338E-2 2.7549E-1 4.06104E-1 4.4974E-2 1.26106E-1 2.36272E-1 2.56744E-1 1.37382E-1 3.96762E-1 4.43098E-2 3.55385E-1 2.63604E-1 5.08438E-1 1.70107E-1 1.15376E-1 1.16464E-2 5.85934E-1 9.78793E-2 3.23629E-1 1.98892E-1 1.68448E-1 2.19145E-1 1.73211E-2 1.66421E-1 1.98453E-1 6.14072E-1 2.30658E-1 1.66378E-1 1.63897E-2 7.97585E-2 2.22126E-2 1.53428E-1 1.2236E-1 2.35185E-1 1.63043E-1 1.68899E-1 2.46241E-1 4.71681E-1 6.063E-2 1.93367E-1 3.63181E-1 4.65424E-1 3.88314E-1 2.89888E-1 6.41661E-2 3.50931E-1 3.42914E-1 2.34206E-1 2.06138E-1
6.49262E-2 5.38872E-1 4.16643E-2 8.92734E-3 2.39663E-1 2.31053E-1 3.46508E-1 1.79343E-1 1.72631E-2 2.63594E-2 3.22159E-2 3.158E-1 4.44361E-1 3.3789E-1 1.20606E-1 1.32079E-2 3.26053E-1 2.75449E-1 2.78222E-2 3.33275E-1 1.84978E-1 2.47596E-1 2.42811E-1 2.68773E-1 2.81057E-1 1.4974E-1 1.09561E-1 3.67572E-1 2.73314E-1 2.8509E-1 3.08721E-1 2.26068E-1 3.02218E-1 4.03063E-1 2.22001E-1 1.58941E-1 1.37823E-1 1.65823E-1 2.97853E-2 2.90842E-1 2.16095E-1 1.88433E-2 3.38946E-1 2.66922E-2 1.5508E-1 3.02197E-1 2.36833E-2 2.61425E-1 6.87452E-1 1.8122E-1 2.98034E-1 1.41359E-2 4.08678E-1 3.13637E-2 2.97303E-1 2.52559E-1 7.30843E-2 3.75977E-1
