outputs/pantheraTigris_0.asc
ncols         290
nrows         290
xllcorner     68.0
yllcorner     8.0
cellsize      0.1
NODATA_value  -9999
[rows 234 to 259 of 290, columns 232 to 289 of 290]
1.1305E-1 3.50298E-2 1.09712E-1 1.45446E-1 4.37808E-2 3.78661E-2 2.94436E-2 6.58407E-2 9.36626E-2 3.25796E-2 1.57432E-1 6.5828E-2 3.14045E-2 6.82203E-2 2.0516E-1 1.48898E-1 8.04754E-2 4.78788E-2 2.23317E-1 4.5264E-1 1.67317E-1 8.48334E-1 9.09155E-1 6.52589E-1 6.80963E-1 6.84201E-1 2.50758E-1 7.31999E-1 3.85301E-1 1.13126E-1 2.76415E-1 2.55351E-1 2.08109E-1 3.30525E-1 2.21251E-1 1.83257E-1 3.50219E-1 9.91095E-2 7.99868E-1 9.40459E-1 9.86914E-1 8.59612E-1 1.21485E-1 5.40425E-1 7.84636E-1 1.3596E-1 6.28646E-1 2.69932E-2 8.24102E-2 1.44533E-1 3.79775E-1 5.94096E-1 5.2212E-1 1.50807E-1 5.95499E-2 7.20201E-2 7.60673E-2 2.35427E-1
6.69949E-3 6.34314E-2 5.62557E-2 5.48795E-2 9.23262E-2 1.70291E-1 4.19638E-2 6.67899E-2 2.98133E-2 6.16217E-2 1.02381E-1 6.01126E-2 1.41753E-1 2.0911E-1 2.51647E-1 1.56275E-1 1.87916E-1 1.29729E-1 1.28507E-1 2.09135E-1 5.03392E-1 6.39607E-1 7.24253E-1 9.63001E-1 3.55762E-1 2.46703E-1 1.63288E-1 3.21442E-1 9.36206E-1 2.40277E-1 7.93562E-2 1.10762E-1 1.59574E-1 5.53261E-1 2.24597E-1 1.20093E-1 1.04301E-1 9.83992E-1 9.72794E-1 9.7131E-1 2.86571E-1 3.13639E-1 9.63201E-2 3.2904E-1 4.19774E-1 4.35454E-1 5.93341E-1 1.6408E-1 9.15113E-1 6.2988E-1 2.83572E-1 3.10706E-1 1.6175E-1 1.03547E-1 6.50045E-2 3.39484E-1 5.9679E-1 6.24306E-1
2.99125E-2 1.23925E-1 7.07205E-3 2.14933E-2 2.49892E-2 9.94442E-2 9.7619E-2 1.17557E-2 8.88911E-2 1.03322E-1 5.27718E-2 1.12191E-1 4.92948E-1 6.42628E-1 1.47935E-1 1.5306E-1 5.43481E-2 1.61426E-1 3.42127E-2 6.08254E-2 8.03584E-1 8.11842E-1 8.59844E-1 9.58218E-1 4.12243E-1 6.13524E-1 3.87096E-1 7.59105E-1 9.66804E-1 3.36733E-1 9.85364E-1 5.46122E-2 9.68604E-1 9.67419E-1 6.41113E-1 2.19473E-1 2.99583E-1 3.57231E-1 4.73757E-1 9.98133E-1 9.39489E-1 9.91787E-1 4.97093E-1 3.67252E-1 1.65071E-1 2.38757E-1 7.22818E-1 7.45113E-1 8.03683E-1 6.61552E-1 7.43372E-1 1.97352E-1 6.90558E-2 1.61526E-1 4.53741E-1 5.01893E-1 5.53068E-1 4.07822E-1
1.17763E-1 1.57793E-1 6.77851E-2 4.04903E-2 8.90594E-2 4.32812E-2 2.48114E-2 5.36675E-2 4.32289E-2 5.92631E-2 9.88473E-2 9.42894E-2 5.61982E-2 5.39728E-2 1.57472E-1 7.84854E-2 1.21695E-1 9.43523E-2 1.5459E-1 9.80502E-2 6.30774E-1 1.3279E-1 8.91091E-1 9.74387E-1 9.08642E-1 9.11566E-1 3.83392E-1 6.21799E-1 9.27917E-1 6.35121E-1 5.64391E-1 4.95635E-1 9.83849E-1 8.97302E-1 9.45564E-1 9.80817E-1 1.13667E-1 9.46315E-1 9.63014E-1 6.44537E-1 9.76192E-1 4.49374E-1 5.59392E-1 4.27791E-1 2.76371E-1 2.00219E-1 2.23692E-1 9.85491E-2 7.2868E-1 9.32415E-1 1.37917E-1 5.16434E-1 1.91109E-1 1.89861E-1 2.06761E-1 5.28475E-1 5.10749E-1 5.58711E-1
3.35174E-2 9.16279E-2 3.12596E-2 5.0229E-2 5.28182E-2 3.93972E-2 2.40266E-1 6.37873E-2 4.64825E-3 5.28456E-2 3.42677E-1 1.15914E-1 2.89623E-2 7.17245E-2 1.59638E-1 4.82993E-2 7.0956E-2 2.69591E-1 1.70653E-1 5.31987E-2 1.8856E-1 9.79837E-1 4.83678E-1 7.8098E-1 7.77998E-1 4.87902E-1 3.11065E-2 3.40693E-1 5.23788E-1 6.61018E-1 3.07278E-1 1.46029E-1 8.05692E-2 1.29541E-1 1.25843E-1 2.91762E-1 3.27171E-1 3.84911E-1 5.53257E-1 7.70211E-2 5.50978E-1 9.41069E-1 2.10567E-1 9.54362E-1 9.47362E-1 5.84545E-1 7.76064E-1 4.88816E-1 2.16231E-1 2.4349E-1 1.70388E-1 3.97957E-1 9.00628E-1 1.73444E-1 1.5207E-2 1.10493E-1 2.01431E-1 1.93557E-1
1.22071E-1 3.06868E-2 5.37393E-2 1.09973E-1 3.95064E-3 2.25404E-1 1.84972E-1 2.74312E-2 1.63294E-2 3.80565E-3 1.83253E-1 6.53026E-2 1.18662E-1 1.80134E-1 4.15613E-1 1.31722E-1 8.54006E-2 1.43681E-1 1.48349E-2 9.14011E-2 5.16073E-1 9.13345E-1 6.79896E-1 9.5845E-1 6.22161E-1 1.62413E-1 1.71235E-1 1.38265E-1 1.54329E-1 4.2133E-1 8.31602E-1 3.84222E-1 9.66694E-1 8.80757E-1 6.52318E-1 9.48377E-1 3.74726E-1 5.19438E-1 7.58774E-1 4.49926E-1 3.19563E-1 2.91033E-1 7.56874E-1 1.77488E-1 6.62689E-1 4.77558E-1 8.54665E-1 4.69322E-1 1.28936E-1 6.01129E-2 2.56397E-1 2.20753E-1 2.25617E-1 4.3628E-2 8.4237E-2 1.96242E-1 1.02004E-1 1.08966E-1
5.1796E-2 4.8026E-2 1.01671E-1 1.90237E-2 4.83987E-2 1.576E-1 1.64325E-1 9.85982E-2 1.13032E-1 2.07485E-1 7.18163E-2 3.95629E-2 7.01945E-2 1.48554E-1 4.24702E-1 2.66252E-1 6.32794E-2 2.39186E-1 1.29695E-1 1.01916E-1 1.25578E-1 2.34786E-1 1.76613E-1 6.25715E-2 1.65545E-1 3.35256E-1 1.72576E-2 1.5415E-1 3.04574E-1 5.52038E-1 6.56438E-1 6.93938E-1 6.23633E-1 3.48915E-1 7.73775E-1 6.01909E-2 7.59913E-1 2.84988E-1 8.13499E-1 9.99153E-1 9.11253E-1 7.67928E-1 5.14926E-1 3.5946E-1 5.02507E-1 8.00513E-1 6.63547E-2 6.07335E-2 3.99975E-2 2.71763E-1 2.47937E-1 4.39017E-1 1.29408E-1 1.10964E-1 1.279E-1 1.37066E-1 5.04103E-2 1.15067E-1
2.53129E-2 1.65932E-1 3.33429E-2 1.21507E-2 4.3099E-2 6.1299E-2 7.43693E-2 1.49811E-2 5.64748E-2 1.28012E-1 1.23811E-1 7.11753E-1 9.14599E-2 1.84185E-1 1.53676E-1 2.36302E-1 7.52909E-2 2.82678E-1 1.34876E-1 1.59804E-1 2.3885E-1 2.01128E-1 1.23795E-1 3.03522E-1 2.04726E-1 3.891E-1 7.30185E-2 4.02875E-1 2.82314E-1 5.49255E-1 3.07491E-1 6.17571E-1 7.24111E-1 6.99248E-1 2.09539E-1 6.21537E-1 8.04177E-1 2.82544E-1 7.54304E-1 3.61927E-1 3.40438E-1 7.56334E-1 6.52874E-1 6.87623E-1 6.74992E-1 3.65666E-1 4.94571E-1 4.75257E-1 2.21857E-1 5.82274E-1 5.74485E-1 7.50796E-1 7.6948E-1 3.4937E-2 1.28634E-1 1.20738E-1 9.05198E-2 1.3724E-1
1.62685E-3 3.18547E-2 6.96307E-2 5.21327E-2 1.17124E-1 2.99708E-2 1.16231E-1 8.98188E-2 5.8416E-2 1.39827E-1 2.01696E-1 1.86978E-1 1.73508E-2 1.21536E-1 2.07258E-1 2.0907E-1 6.89284E-2 2.00757E-1 7.96202E-2 1.54307E-1 3.69019E-1 1.68399E-1 4.7963E-1 3.51409E-1 2.15804E-1 7.24255E-1 3.30689E-1 3.03335E-1 6.45385E-1 2.98144E-1 3.75586E-1 4.3976E-1 1.33152E-1 2.06183E-1 9.06113E-1 6.10274E-1 4.28012E-1 7.70421E-2 5.84516E-1 5.00039E-1 1.86873E-1 6.28575E-1 1.82225E-1 4.88542E-1 4.66887E-1 5.695E-1 7.35321E-1 2.06999E-1 5.20399E-1 1.97227E-1 1.42396E-1 2.44033E-1 2.93288E-1 1.13156E-1 2.49814E-1 5.34112E-1 3.50577E-2 9.70482E-2
8.51261E-2 5.13679E-2 6.8805E-2 9.67404E-2 7.13423E-2 1.28781E-3 3.62251E-2 5.40873E-2 1.46669E-1 7.67195E-2 7.83199E-2 1.37165E-1 1.22397E-1 6.66937E-2 2.3287E-1 3.16587E-1 7.44982E-2 3.1345E-1 4.57654E-1 8.08204E-2 9.17456E-2 1.05216E-1 1.48283E-1 8.03914E-1 4.18697E-1 8.00483E-1 7.3043E-1 6.38576E-1 8.36871E-1 2.01154E-1 1.1545E-1 5.87291E-2 1.33678E-1 8.27368E-2 3.87115E-1 2.81786E-1 9.00885E-2 7.25623E-2 6.47E-1 3.96933E-1 9.0397E-2 1.28871E-1 7.97233E-2 1.43153E-1 3.7532E-1 2.82219E-1 5.39929E-1 5.74329E-1 6.77333E-1 2.34882E-1 5.38265E-2 2.46183E-1 4.10622E-1 1.11253E-1 2.38506E-2 1.13916E-1 9.78037E-2 6.35579E-2
1.09596E-1 3.05575E-2 4.35675E-3 9.02313E-2 1.30424E-1 8.85778E-2 1.58067E-1 8.55923E-2 7.1771E-2 1.36804E-2 1.97874E-2 1.01372E-3 2.89981E-3 2.66724E-1 7.64935E-2 1.00632E-1 2.27483E-1 3.23632E-1 7.47202E-2 1.33083E-1 1.35306E-1 2.13692E-1 1.55842E-1 6.09558E-1 2.67925E-1 3.08885E-1 1.47913E-1 5.72645E-1 1.80238E-1 6.5325E-1 2.44622E-1 6.97571E-1 5.75348E-1 6.93763E-2 6.83946E-2 2.3081E-2 1.06766E-1 5.74605E-2 7.84234E-2 5.6472E-2 2.2713E-1 7.87172E-2 6.50306E-2 1.31853E-1 1.40043E-1 4.62232E-1 5.58443E-2 3.80012E-2 1.20576E-1 1.21292E-1 1.09163E-1 7.25027E-2 1.6438E-1 1.92724E-1 5.79677E-1 6.29792E-2 1.29798E-1 1.78855E-1
2.10049E-2 2.55423E-1 1.25192E-1 3.32926E-2 1.5552E-2 3.16181E-2 2.89782E-3 7.91899E-2 5.18349E-3 1.75284E-1 2.4837E-3 2.13591E-1 7.05261E-2 1.10439E-1 1.61622E-1 3.08867E-2 6.16388E-2 7.74631E-2 1.16277E-1 1.5901E-1 1.23559E-1 2.87868E-1 8.53162E-2 3.4383E-1 2.22074E-1 5.61513E-1 8.99157E-1 6.57875E-1 2.56052E-1 9.8958E-2 1.41091E-1 5.55644E-2 1.02585E-1 2.68659E-1 1.89434E-1 1.3333E-1 1.92407E-1 6.821E-2 8.03024E-2 9.39025E-2 1.40085E-1 5.40833E-2 3.82545E-2 2.73694E-2 1.37526E-1 9.25598E-2 1.37192E-1 1.20127E-1 4.68564E-2 4.73024E-2 5.3519E-2 3.36762E-1 1.54654E-1 1.20324E-1 1.3866E-1 6.40708E-2 2.50851E-1 6.25483E-1
1.21407E-1 3.55541E-2 3.71215E-2 9.06204E-2 1.02724E-1 1.34919E-2 4.15616E-4 4.81685E-3 1.33327E-2 1.82653E-1 3.51659E-1 9.39594E-2 1.96737E-1 2.14791E-1 6.88215E-2 1.81363E-1 6.17562E-1 8.33528E-1 2.30922E-1 2.12262E-1 4.04201E-1 4.27611E-2 1.24386E-1 4.58524E-1 1.27186E-1 5.874E-2 2.57097E-1 1.66035E-1 4.45646E-2 7.92161E-2 5.05731E-2 3.04943E-2 3.23376E-1 4.4866E-1 4.25809E-1 3.44705E-1 1.37553E-1 6.80663E-2 4.60316E-1 5.715E-2 2.2378E-2 1.43509E-1 1.24151E-1 1.4256E-1 6.57712E-2 1.08211E-1 2.03564E-2 2.12493E-1 2.54649E-2 3.42816E-1 1.74358E-1 7.28464E-2 5.53298E-2 4.71816E-2 1.57413E-1 1.22161E-1 3.72666E-1 9.11018E-1
1.05458E-1 2.70504E-2 2.30356E-1 5.52404E-2 7.09908E-2 1.45589E-3 2.0072E-2 1.75193E-2 5.5268E-2 1.74797E-1 2.1319E-2 2.45007E-1 4.81018E-1 3.47115E-1 1.77596E-1 5.54937E-2 9.35759E-1 8.93749E-1 1.70245E-1 1.06347E-1 6.02642E-1 3.12653E-2 7.03655E-2 1.14564E-1 6.16553E-2 4.53895E-2 1.06908E-1 4.73111E-2 1.7726E-2 5.14981E-2 3.36717E-2 1.6613E-1 1.84259E-1 4.35303E-1 1.23327E-1 3.17512E-1 2.22515E-2 6.71365E-1 3.68446E-1 1.64384E-1 6.09345E-2 1.14211E-1 9.8423E-2 9.44731E-2 2.98147E-1 7.17872E-1 3.89238E-1 5.07838E-1 3.24709E-1 6.5211E-1 1.67311E-1 1.24742E-1 9.00104E-2 8.50524E-2 1.4765E-1 5.55655E-1 3.70477E-1 7.00122E-1
5.79149E-3 2.14748E-2 4.64782E-4 6.93153E-2 9.65887E-2 1.43329E-1 2.56913E-1 2.7634E-1 2.85274E-1 2.45032E-1 5.38213E-1 1.23569E-1 1.00309E-1 5.98013E-3 1.42765E-3 1.31278E-2 1.62228E-1 6.26804E-2 5.46436E-2 6.35363E-2 6.4317E-2 8.99048E-3 8.94844E-2 4.08229E-2 2.65489E-2 1.14131E-1 9.2973E-2 4.50252E-2 1.78747E-2 3.68865E-2 5.97559E-2 5.81358E-2 4.56437E-2 1.30398E-1 7.18866E-1 2.86281E-1 7.03067E-1 5.08713E-1 5.9204E-2 2.19155E-1 1.62559E-1 5.83508E-1 1.058E-1 4.53103E-1 3.8193E-1 5.58869E-1 3.02427E-1 7.18286E-1 2.43754E-1 2.01846E-1 2.33955E-1 4.38436E-2 8.86128E-2 1.66689E-1 1.52417E-1 5.14877E-1 8.57533E-1 3.67651E-1
1.20085E-4 1.47572E-1 7.61215E-4 1.12001E-1 6.11917E-2 8.79788E-2 3.69334E-2 5.23248E-2 1.12398E-1 4.29789E-2 8.29867E-2 6.76467E-2 1.80245E-1 1.54677E-2 5.93665E-3 1.12924E-2 6.09436E-2 5.93183E-2 1.1716E-1 5.98745E-2 3.17359E-2 2.65411E-2 3.56312E-2 1.12373E-1 6.17235E-2 6.42351E-2 3.95838E-2 1.32596E-1 4.38971E-2 1.6325E-2 1.22957E-1 4.99071E-2 4.2379E-2 5.95219E-2 7.39092E-1 6.14605E-1 7.41652E-1 4.82574E-2 6.65287E-1 5.92886E-1 1.96744E-1 8.13846E-1 7.84649E-2 5.60788E-2 9.90689E-2 6.59547E-1 4.28163E-1 2.25408E-1 6.12818E-1 3.57003E-1 5.52956E-1 2.74129E-1 5.86807E-1 1.454E-1 7.43885E-2 4.77029E-1 6.53417E-1 5.47944E-2
7.43936E-3 1.28967E-1 5.07745E-3 6.95902E-2 1.21372E-3 2.14693E-1 5.85176E-2 1.79741E-1 2.24043E-1 1.75829E-1 1.94075E-2 1.22363E-1 5.34386E-2 5.45804E-2 1.36789E-3 1.50739E-1 7.68039E-3 3.35377E-2 5.43085E-2 1.55268E-2 5.75109E-2 1.83686E-2 6.10749E-2 5.89634E-2 5.39406E-2 1.64677E-1 1.45058E-1 2.6265E-2 1.86942E-1 5.94754E-2 1.21588E-1 9.01987E-2 2.13967E-1 5.5743E-2 7.99258E-2 1.02818E-1 1.19623E-1 1.34867E-1 4.31817E-1 5.78535E-1 4.44125E-1 2.15747E-1 7.93831E-1 9.40145E-1 2.51847E-1 5.98608E-1 7.11797E-1 5.12262E-1 5.79736E-1 4.47041E-1 6.16273E-1 2.80556E-1 8.80986E-2 1.45096E-1 1.13589E-1 1.89996E-1 1.47786E-1 5.6169E-2
3.94031E-4 2.3359E-2 1.89544E-1 4.5847E-1 5.33746E-5 1.21153E-1 1.41494E-1 1.3884E-1 1.55264E-1 1.86612E-3 7.42742E-3 1.16826E-1 6.39795E-2 2.47885E-2 6.95993E-3 3.96219E-2 1.1461E-1 1.11772E-2 2.63998E-2 4.55948E-2 3.04403E-2 5.60157E-2 1.06706E-1 1.23303E-1 1.40517E-1 1.47564E-1 5.04172E-2 6.12237E-2 7.5603E-2 5.52352E-2 5.4434E-2 1.44213E-1 1.70246E-1 1.16303E-1 1.72343E-1 1.3854E-1 1.59462E-1 4.71779E-1 2.73488E-1 4.96928E-1 7.75891E-1 8.74943E-1 3.01276E-1 4.82051E-1 4.76065E-1 9.15637E-1 8.51331E-1 5.86002E-1 4.99251E-1 3.43537E-1 5.81774E-2 1.57762E-1 1.44527E-1 4.40231E-2 7.44969E-2 2.02127E-1 1.59527E-1 1.2263E-1
1.64066E-3 1.62923E-3 6.42352E-2 2.20576E-2 7.84821E-2 1.45219E-1 8.11446E-2 1.19832E-1 9.21141E-2 1.06473E-1 1.52576E-1 2.55096E-2 2.96997E-3 4.5504E-2 1.11906E-1 2.99142E-2 5.00659E-2 4.98361E-2 2.80016E-2 2.36061E-2 5.22246E-2 3.73244E-2 1.89805E-2 6.58503E-2 8.28728E-2 2.93276E-2 7.44806E-2 1.0087E-1 5.84545E-2 6.51281E-2 1.05328E-1 1.5651E-1 1.4072E-1 1.58902E-1 1.80017E-1 1.0209E-1 3.47738E-1 1.6727E-1 1.69902E-1 1.01752E-1 5.195E-1 9.40027E-1 9.04166E-1 6.11384E-1 5.18019E-1 7.85435E-1 3.78861E-1 3.89828E-1 5.54177E-1 3.87334E-1 7.50014E-2 6.76233E-2 2.76199E-2 5.09907E-2 3.46852E-1 6.38062E-2 1.10677E-1 1.64699E-1
2.62459E-1 1.90081E-1 6.95085E-1 1.40012E-1 1.73124E-3 1.32003E-2 5.33802E-2 3.64508E-2 4.69319E-2 2.64856E-2 6.44196E-2 2.66751E-2 1.10868E-1 1.20253E-1 8.1729E-2 3.69907E-2 4.7477E-2 1.03935E-1 9.29469E-3 1.37309E-1 9.74864E-2 6.71704E-2 2.79481E-3 1.88954E-2 4.55869E-2 1.31486E-1 1.52385E-1 4.37476E-2 3.41674E-1 1.13148E-1 5.07971E-2 2.24355E-2 1.1998E-1 9.52156E-2 2.15899E-1 1.4797E-1 2.49104E-1 6.03122E-2 1.79318E-1 7.85203E-1 6.82202E-1 5.4766E-1 4.92597E-1 4.01956E-1 4.01194E-1 7.47848E-1 5.90316E-1 3.33649E-1 1.69237E-1 1.16859E-1 2.83879E-1 7.16513E-2 1.50574E-1 1.2901E-1 1.29248E-1 5.62988E-1 2.84602E-1 3.78952E-1
1.10888E-2 5.44649E-3 1.34901E-1 2.93365E-2 5.57551E-2 6.94265E-2 2.36285E-2 1.00716E-1 4.04337E-2 6.60823E-2 4.41297E-2 2.82869E-2 5.91495E-3 6.73414E-2 4.82769E-2 1.77521E-2 5.08167E-2 2.04369E-2 1.15607E-1 5.64493E-2 1.82342E-2 6.10336E-2 1.03149E-1 4.17783E-2 1.777E-2 2.17566E-2 1.83857E-2 1.44643E-1 5.99125E-2 1.17274E-1 1.33918E-1 1.32377E-1 6.67373E-2 1.11446E-1 2.18599E-1 3.19878E-1 5.79013E-1 8.83482E-1 3.36242E-1 8.35621E-1 5.66608E-1 4.07359E-1 5.78813E-1 7.84253E-1 2.92543E-1 5.93889E-1 4.97409E-1 3.8054E-1 1.24669E-1 7.63768E-2 1.03853E-1 6.81586E-2 1.05772E-1 1.15248E-1 9.68574E-1 4.02613E-1 5.81487E-1 5.70112E-1
8.2455E-2 4.79992E-2 7.45044E-2 1.35636E-1 4.85399E-2 5.00699E-2 8.32563E-3 5.75855E-2 1.40275E-1 4.4389E-2 4.53812E-2 5.0671E-2 3.95254E-2 1.09243E-2 4.19455E-2 5.88571E-2 5.74511E-2 4.90741E-2 4.16827E-2 5.4215E-3 3.18308E-2 1.5528E-2 8.44265E-2 3.40107E-2 8.99008E-2 1.65702E-2 9.01945E-3 1.02049E-1 6.38361E-2 1.12928E-1 1.48982E-1 4.81868E-2 1.1837E-1 1.09838E-1 4.33041E-1 9.94405E-1 7.03578E-1 2.49207E-2 3.07709E-1 1.3874E-1 4.88497E-1 6.94611E-1 4.49451E-1 1.86049E-1 4.04209E-1 3.55284E-1 4.58552E-1 6.66389E-1 1.04204E-1 7.37246E-2 1.06687E-1 1.63819E-1 5.47675E-1 5.85491E-1 7.777E-1 7.67728E-2 2.4954E-1 4.59441E-1
4.18694E-2 1.25437E-1 2.73632E-2 3.09317E-2 2.45171E-3 7.05209E-3 4.56852E-2 5.32566E-2 3.94064E-2 2.30037E-2 2.55085E-2 4.89815E-3 3.90746E-3 1.07951E-1 1.05127E-1 3.89144E-2 2.81202E-2 9.46403E-2 5.83458E-2 2.51973E-2 1.15696E-1 2.16915E-2 1.18944E-2 4.53374E-2 7.69522E-2 1.25195E-2 1.43794E-1 5.67334E-2 4.41896E-2 1.598E-1 1.59422E-1 1.4629E-1 1.35936E-1 6.21722E-1 5.8342E-1 4.31766E-1 9.59615E-2 2.97938E-1 9.05522E-1 1.45608E-1 4.13532E-1 5.86186E-1 3.67239E-1 5.67324E-1 1.31489E-1 3.53207E-1 5.78128E-1 2.8744E-1 5.74987E-2 4.63668E-1 4.04618E-1 2.6796E-1 5.99349E-1 7.90567E-1 5.82914E-1 6.18055E-1 7.28935E-1 6.15422E-1
5.53077E-2 8.46133E-3 2.77564E-3 6.03702E-2 3.80665E-2 1.23286E-1 5.86192E-2 1.37405E-2 1.93527E-2 4.81336E-2 4.98955E-2 6.43146E-3 5.23601E-2 1.289E-1 3.66003E-2 5.33673E-2 1.65122E-2 3.58992E-2 2.84601E-2 4.09115E-2 9.37487E-2 6.90651E-2 3.76622E-3 1.46771E-1 6.73395E-2 1.25786E-1 1.09777E-1 9.07452E-2 2.07177E-2 2.43494E-1 1.25041E-1 1.56597E-1 8.00046E-2 9.39883E-1 5.06916E-1 7.17617E-1 2.91515E-1 5.03439E-1 6.44151E-1 8.1689E-1 2.64847E-1 4.80349E-1 1.70743E-1 8.72071E-2 1.7896E-1 2.09964E-1 2.03584E-1 6.55488E-2 4.41214E-1 3.90762E-1 5.91656E-1 4.6692E-1 8.11574E-1 6.03657E-1 8.86269E-1 2.64725E-1 1.78206E-1 2.16528E-1
4.27892E-3 2.47146E-2 1.41191E-3 9.62304E-2 1.41638E-2 1.48477E-2 1.36159E-1 9.38448E-2 9.17779E-2 1.77219E-2 2.54282E-2 5.60469E-3 9.1999E-3 5.23447E-2 5.55593E-2 4.26915E-2 1.43797E-2 1.52693E-2 1.90778E-2 1.12655E-1 6.1857E-2 1.48928E-1 5.78379E-2 7.69498E-2 5.28328E-2 1.75092E-2 7.87625E-2 5.97316E-2 1.43664E-1 6.32558E-2 9.64099E-2 1.62412E-1 2.33675E-1 3.27271E-1 2.53364E-1 6.36451E-2 8.87201E-2 2.46344E-1 2.87495E-3 5.52237E-1 1.95732E-1 5.16887E-2 9.59357E-2 6.36368E-2 4.84636E-2 9.00092E-2 1.44147E-1 5.65775E-1 1.47429E-1 1.15851E-1 1.24109E-1 5.57203E-2 5.72161E-1 5.98979E-1 7.77163E-1 1.06266E-1 1.83692E-1 1.06057E-1
1.50549E-3 8.58854E-2 4.67164E-2 3.92331E-2 2.77102E-3 3.69665E-2 1.39341E-1 8.99143E-2 4.66625E-3 2.22864E-2 1.6834E-2 9.27375E-2 2.3806E-2 4.56102E-2 5.53666E-3 3.22835E-2 3.65776E-2 4.40666E-2 3.42872E-2 2.10474E-2 3.84266E-2 1.09465E-1 6.26386E-2 2.81691E-2 8.4006E-3 1.93178E-2 6.82183E-2 7.72073E-3 1.9271E-1 5.40888E-2 5.68784E-2 1.35155E-1 3.29208E-1 2.0798E-1 3.44643E-1 3.46944E-2 3.43804E-1 5.17811E-1 4.78128E-1 1.36748E-1 1.36104E-1 9.56266E-2 4.05679E-2 1.10423E-1 2.59475E-1 1.21122E-1 8.87991E-2 1.10821E-1 5.69969E-1 3.63176E-1 1.29652E-1 6.83881E-1 6.07843E-1 3.40768E-1 7.9615E-2 4.11113E-2 1.00213E-1 6.03727E-2
