outputs/pantheraTigris_stddev.asc
ncols         290
nrows         290
xllcorner     68.0
yllcorner     8.0
cellsize      0.1
NODATA_value  -9999
[rows 130 to 155 of 290, columns 58 to 115 of 290]
3.70021E-2 7.64705E-2 4.15478E-2 5.55241E-2 8.49217E-2 3.00168E-2 7.48396E-2 4.31359E-2 6.40161E-2 1.17541E-1 2.43326E-2 8.76302E-2 5.3999E-2 2.31361E-2 1.21669E-1 8.50875E-2 3.37158E-2 5.35545E-2 5.29083E-2 3.22805E-2 8.35994E-2 1.16158E-1 3.22432E-2 1.63172E-1 1.48043E-2 2.53637E-2 2.52856E-2 1.37121E-2 1.11075E-1 1.64237E-2 1.19181E-1 9.35227E-2 4.25299E-2 5.34302E-2 9.82398E-3 6.12455E-2 9.04685E-3 1.96548E-2 7.25685E-2 4.7947E-2 1.77393E-1 1.32522E-2 6.38761E-2 1.93345E-2 3.535E-2 1.84926E-2 5.38565E-2 8.5704E-2 1.70514E-1 3.97207E-2 9.83294E-2 9.08676E-2 3.20643E-2 8.75106E-3 4.74721E-2 4.30972E-2 4.63615E-2 2.77657E-2
8.25444E-2 1.17844E-1 2.68026E-2 1.03412E-1 3.85846E-2 1.00208E-1 1.49429E-2 1.0257E-2 4.65636E-2 4.84029E-2 7.61669E-3 5.23959E-2 5.73693E-2 4.19993E-2 1.06907E-1 6.0843E-2 2.18263E-2 5.21114E-2 1.55463E-2 1.48571E-2 4.98204E-2 5.54527E-2 2.93103E-2 2.85677E-2 4.839E-2 2.70286E-2 3.34417E-2 1.4622E-1 7.5628E-2 6.58123E-2 3.10041E-2 3.64525E-2 2.59567E-2 1.34768E-1 2.5632E-2 2.53274E-2 4.81644E-2 4.04573E-2 5.90272E-2 3.88791E-2 5.82115E-2 2.93515E-2 1.03397E-1 2.82266E-2 3.98543E-2 4.09387E-2 1.68336E-2 2.7097E-2 1.65182E-2 6.17156E-2 9.28214E-2 2.61745E-2 3.98023E-2 2.04561E-2 4.28778E-2 2.84486E-2 3.62082E-2 8.99827E-2
3.47635E-2 3.31967E-2 2.27174E-2 3.81077E-2 7.31576E-2 2.09331E-3 7.74567E-2 4.01312E-2 3.49147E-2 2.7156E-2 6.74514E-2 1.7581E-2 3.25903E-2 5.68499E-2 6.8496E-2 7.18224E-2 2.48874E-2 4.59077E-2 2.92141E-2 1.9056E-2 5.47151E-2 2.91781E-2 4.08047E-2 7.4749E-2 2.93074E-2 1.2486E-1 3.52201E-2 8.37209E-2 2.49728E-2 2.91194E-2 1.91265E-2 3.81922E-2 3.1545E-2 1.39087E-2 9.29525E-3 9.0504E-2 2.09056E-2 9.27951E-2 2.8209E-2 4.31407E-2 5.75457E-2 3.09146E-2 2.61707E-2 3.88244E-2 2.78962E-2 2.00219E-2 5.63963E-2 9.65601E-2 6.11049E-2 5.27909E-2 3.81745E-2 1.09938E-1 4.60181E-2 1.98601E-2 2.5224E-2 1.03409E-1 2.13449E-2 6.58912E-2
4.82381E-2 5.85557E-2 4.25544E-2 2.69046E-2 3.05728E-2 8.50697E-3 4.00465E-2 5.73345E-2 3.29508E-2 7.7389E-2 3.13341E-2 3.90975E-2 1.6058E-2 7.97199E-2 2.68283E-2 6.94293E-2 4.5318E-2 6.68414E-2 3.36047E-2 6.17614E-2 3.62639E-2 2.8208E-2 3.73094E-2 3.0947E-2 2.49986E-2 2.18744E-2 3.75973E-2 2.62467E-2 4.18226E-2 2.48359E-2 4.83533E-2 9.1819E-2 6.47917E-2 1.1346E-1 1.25263E-1 3.93841E-2 3.4171E-2 2.18425E-2 2.15698E-2 5.91884E-2 2.72605E-2 6.36656E-2 2.11577E-2 3.22615E-2 2.69512E-2 5.35228E-2 7.17707E-2 3.74994E-2 3.71879E-2 4.93344E-2 8.2738E-3 5.01186E-2 2.89486E-2 1.4709E-2 5.3431E-2 4.85478E-2 9.7193E-2 1.08145E-1
7.64438E-2 4.94178E-2 3.41415E-2 7.32097E-2 2.65492E-2 6.50268E-2 2.92746E-2 9.57071E-2 1.74815E-2 6.56073E-2 2.20935E-2 1.93706E-2 1.71441E-2 4.58941E-2 5.98325E-2 3.04369E-2 6.34022E-2 4.81682E-2 3.199E-2 6.18686E-2 5.05437E-2 4.49546E-2 3.75415E-2 3.40587E-2 3.74642E-2 1.78677E-2 2.13454E-2 3.9169E-2 2.75973E-2 1.55696E-2 5.74012E-3 6.85283E-2 3.27027E-2 5.52402E-2 9.82207E-2 4.032E-2 7.53497E-2 4.11989E-2 8.37623E-2 1.27931E-1 5.88476E-2 8.66518E-3 4.46319E-2 2.12487E-2 2.7037E-2 1.82748E-2 3.88236E-2 2.35742E-2 2.35428E-2 1.06489E-1 3.52503E-2 5.68126E-2 2.92375E-2 2.573E-2 2.509E-2 1.2575E-2 3.10434E-2 2.87943E-2
1.04851E-2 1.98004E-2 4.25631E-2 4.53969E-2 4.47849E-2 4.35505E-2 5.38159E-2 2.42768E-2 1.59385E-2 4.74051E-2 6.41911E-2 5.49326E-2 7.85167E-2 2.81691E-2 4.54679E-2 2.99168E-2 1.73709E-2 8.2428E-2 7.47249E-2 7.17617E-2 2.70373E-2 3.57239E-2 3.67529E-2 3.97569E-2 8.22546E-2 1.40379E-2 3.21031E-2 2.23128E-2 3.02374E-2 3.46197E-2 3.08769E-2 2.15052E-2 2.90928E-2 2.02543E-2 9.5618E-2 8.48841E-2 6.00536E-2 3.47564E-2 7.25519E-3 3.5994E-2 3.62214E-2 4.0848E-2 8.30334E-3 3.01313E-2 8.0346E-2 3.01961E-2 6.35311E-2 1.74705E-1 8.92165E-3 1.26593E-2 2.76676E-2 2.97292E-2 1.25293E-2 5.09726E-2 3.41898E-2 2.58909E-2 2.86338E-2 4.03956E-2
8.39733E-2 7.06786E-2 4.59568E-2 6.50048E-2 3.68881E-2 1.34103E-2 5.81775E-2 6.12278E-2 2.88571E-2 3.4533E-2 4.35704E-2 4.6632E-2 5.42939E-2 5.74831E-2 1.31197E-2 5.8554E-2 8.78581E-2 2.69044E-2 3.09351E-2 6.02662E-2 1.81186E-2 5.32837E-2 5.13782E-2 3.26395E-2 9.16599E-2 6.23762E-2 2.85844E-2 5.8089E-2 4.0757E-2 6.11934E-2 1.06425E-1 1.96365E-2 3.25285E-2 1.4677E-2 4.38213E-2 3.71817E-2 6.37475E-2 1.82082E-2 1.94748E-2 7.49513E-2 3.18017E-2 2.73899E-2 1.7354E-2 4.45888E-2 4.99702E-2 1.00551E-1 5.06022E-2 3.64923E-2 2.88709E-2 5.76751E-2 6.00964E-2 3.10746E-2 3.03885E-2 7.87878E-2 3.33808E-2 2.98411E-2 5.08676E-2 5.09726E-2
6.64889E-2 2.1179E-2 5.94598E-2 5.61966E-2 3.70033E-2 6.06375E-2 2.69556E-2 3.1063E-2 2.88586E-2 7.09869E-2 4.93554E-2 8.04576E-2 1.07712E-2 2.65429E-2 6.31186E-2 4.9728E-2 1.5975E-2 1.77019E-2 6.03454E-2 3.27088E-2 3.32146E-2 8.38325E-2 7.99066E-2 2.90355E-2 4.9804E-2 1.11185E-1 2.07514E-2 1.75827E-2 3.01505E-2 7.28077E-2 4.60661E-2 2.06394E-2 1.97188E-3 6.5685E-2 6.504E-2 1.23765E-1 1.01418E-1 2.46893E-2 8.18199E-2 4.01622E-2 3.62606E-2 3.05928E-2 1.9967E-2 7.32308E-2 4.82054E-2 3.98753E-2 3.48733E-2 8.15635E-2 6.95259E-2 6.83398E-2 2.72196E-3 2.89718E-2 1.41449E-2 6.36268E-2 2.27879E-2 6.01079E-2 3.26599E-2 1.6588E-2
3.53431E-2 3.6236E-2 4.41263E-2 5.07186E-2 5.4454E-2 4.74198E-2 4.51905E-2 3.03607E-2 5.10244E-2 2.49867E-2 4.23983E-2 7.51935E-2 4.81054E-2 4.75379E-2 5.73661E-2 5.41352E-2 8.22218E-2 4.89791E-2 4.7574E-2 5.89458E-2 1.41814E-2 8.51248E-2 6.77973E-2 2.5676E-2 3.11462E-3 2.72603E-2 1.36689E-1 2.11448E-2 2.91444E-2 2.72993E-2 4.19442E-2 8.89232E-2 6.55609E-2 6.6805E-2 2.44836E-3 3.13085E-2 2.3803E-3 4.62178E-2 3.62998E-2 4.17855E-2 5.49496E-2 6.1339E-2 6.41289E-3 4.81152E-2 3.01437E-2 5.27177E-2 4.30258E-2 2.55234E-2 9.09043E-2 2.38317E-2 6.42578E-2 2.98881E-2 3.59041E-2 1.32934E-1 8.94653E-2 6.43989E-2 7.66468E-2 7.03347E-2
3.54394E-2 3.9457E-2 3.03863E-2 3.56763E-2 1.26367E-2 3.72953E-2 3.0614E-2 3.72685E-2 9.0763E-2 3.9753E-2 4.10614E-2 3.56563E-2 2.59984E-2 6.31749E-2 9.78694E-3 6.1664E-3 2.89349E-2 2.78723E-2 2.4706E-2 7.93025E-3 2.19217E-2 3.21019E-2 2.95633E-2 2.75725E-2 3.88891E-2 1.37243E-2 3.36151E-2 6.20248E-2 4.02887E-2 1.0965E-1 3.24266E-2 6.31673E-2 9.08156E-2 1.27665E-2 1.32735E-1 6.09834E-2 5.31108E-2 8.33111E-2 3.82287E-2 3.30933E-2 5.72815E-2 6.58632E-2 4.03628E-2 3.72718E-2 6.08499E-2 1.46517E-2 5.30021E-2 4.03071E-2 1.77749E-2 4.96377E-2 4.6022E-2 2.64653E-2 4.00282E-2 1.1119E-1 3.18927E-2 4.78824E-2 1.14083E-2 1.29137E-1
5.08605E-2 4.42261E-2 2.58894E-2 7.78517E-2 1.22404E-1 6.54477E-2 2.67588E-2 1.05865E-1 6.33776E-3 9.43734E-2 8.56818E-2 3.22543E-2 6.0723E-2 2.08293E-2 7.91817E-2 1.46731E-2 4.57977E-2 4.63097E-2 9.28912E-2 8.49025E-2 2.31787E-2 2.30534E-2 1.32272E-1 1.67919E-2 4.46985E-2 4.40077E-2 5.2228E-2 4.51849E-2 1.80211E-2 4.60389E-2 3.82635E-2 3.76737E-2 3.69001E-3 1.79846E-2 4.30012E-2 1.08799E-1 4.13571E-2 6.42116E-2 9.46845E-2 8.77369E-2 3.95598E-2 2.29681E-2 4.60061E-2 1.09194E-1 7.73464E-2 1.43875E-2 7.30839E-2 6.6902E-2 1.28513E-1 7.15888E-2 3.39996E-2 1.08854E-1 1.15456E-1 5.69E-2 5.69959E-2 4.11367E-2 5.20685E-2 3.87445E-2
3.96803E-2 5.48997E-2 7.08013E-2 4.75055E-2 1.90077E-2 4.11885E-2 2.15595E-2 3.43561E-2 7.61232E-2 4.37853E-2 2.29917E-2 5.79316E-2 2.27383E-2 3.31665E-2 1.7956E-2 1.00195E-1 3.45753E-2 2.05807E-2 3.07634E-2 4.52497E-2 3.01365E-2 1.81272E-2 3.59289E-2 3.01542E-2 1.57289E-2 3.37597E-2 2.7436E-2 5.59294E-2 9.81845E-2 3.12925E-2 9.96122E-3 1.14754E-1 3.22276E-2 2.79048E-2 5.10973E-2 5.50708E-2 4.46055E-2 3.89615E-2 5.13207E-2 2.28408E-2 3.02388E-2 8.96853E-2 4.76732E-2 4.17634E-2 1.70424E-2 6.49152E-2 1.00225E-1 3.8695E-2 3.21307E-2 2.89599E-2 3.51493E-2 2.09315E-2 9.09507E-2 2.92233E-2 3.14293E-2 6.40822E-2 5.47548E-2 7.27694E-2
4.71219E-2 1.32519E-2 5.32307E-2 6.27708E-2 2.23272E-2 7.27072E-2 2.15977E-2 1.13139E-1 7.45041E-2 5.94668E-3 6.78749E-3 3.96714E-2 3.06358E-2 6.04519E-2 1.19522E-2 8.96477E-2 2.95872E-2 3.10194E-2 5.0458E-2 5.13662E-2 2.64675E-2 4.64269E-2 5.02128E-2 9.31798E-3 2.43221E-2 3.81452E-2 3.16712E-2 1.40858E-2 3.81119E-2 6.25235E-2 2.80741E-2 9.80268E-2 3.18898E-2 7.64401E-2 2.91533E-2 4.71586E-2 4.87067E-2 9.37586E-2 5.96527E-2 1.87336E-2 2.75075E-2 4.79353E-2 3.00789E-3 9.82981E-2 9.73184E-2 9.57325E-2 4.71523E-2 7.79457E-2 4.08535E-2 4.95496E-2 2.62349E-2 8.52557E-2 4.7449E-2 4.61907E-2 7.55145E-2 3.1749E-2 5.40442E-2 2.0402E-2
2.50643E-2 1.50687E-2 6.12853E-2 4.1106E-2 2.71464E-2 5.87384E-2 2.03304E-2 3.63271E-2 2.4155E-2 3.94958E-2 7.91019E-2 5.77066E-2 1.89388E-2 5.48608E-2 2.40652E-2 9.90078E-3 6.9314E-2 8.7612E-2 1.77541E-2 2.3774E-2 1.05751E-1 1.10676E-1 1.74259E-2 1.14418E-1 2.54854E-2 3.30326E-2 4.43438E-2 1.45666E-2 1.10869E-1 3.79244E-2 2.34605E-2 2.61383E-2 3.69035E-2 5.95777E-2 3.78885E-2 8.80688E-3 4.93553E-2 6.47042E-2 7.66691E-2 4.46044E-2 6.3397E-2 7.06173E-2 1.82024E-3 1.06463E-1 7.2747E-2 4.97667E-2 5.32675E-2 7.40519E-3 2.44556E-2 6.57715E-2 6.12289E-2 5.26628E-2 5.13451E-2 4.63608E-2 8.14952E-2 6.0722E-2 4.72966E-2 5.33121E-2
3.03941E-2 4.9001E-2 1.30709E-2 2.86597E-2 7.22089E-2 1.15173E-1 4.18038E-2 1.42937E-1 1.96148E-2 2.52848E-2 1.65311E-2 3.04937E-2 4.63857E-2 6.50431E-2 1.08524E-1 7.91371E-2 6.29708E-2 5.21283E-2 3.31661E-2 5.33544E-2 9.45507E-2 7.75576E-2 2.50797E-2 2.60497E-2 1.7593E-2 1.01665E-1 1.80746E-2 4.15779E-2 2.92397E-2 2.97987E-2 1.89751E-2 4.17781E-2 3.96865E-2 5.49409E-2 5.26585E-2 6.52425E-2 5.71007E-2 9.39647E-2 2.74519E-2 4.245E-2 2.44069E-2 3.74869E-3 6.6176E-2 4.08323E-2 4.23656E-2 2.85021E-2 4.47308E-2 6.64278E-2 1.03041E-1 2.76974E-2 3.9021E-2 5.92211E-2 7.50301E-2 7.37724E-2 7.49982E-2 6.49928E-2 1.76018E-2 6.19928E-2
1.52895E-2 3.30595E-2 5.46632E-2 2.85145E-2 6.87075E-2 6.59455E-2 8.67754E-3 1.97835E-1 6.84875E-2 4.64281E-2 5.91073E-2 4.95294E-2 4.42534E-2 3.43915E-2 1.37402E-1 3.36105E-2 3.25939E-2 3.01588E-2 4.67104E-2 7.13741E-2 8.10268E-2 4.98734E-2 6.17446E-2 5.43575E-2 2.11053E-2 3.56067E-2 3.6212E-2 6.30709E-2 3.20818E-2 1.25013E-1 1.0684E-2 1.00376E-2 2.97779E-2 3.32398E-2 4.44191E-2 4.50995E-2 8.63793E-2 9.9461E-2 1.124E-1 1.51418E-2 4.19821E-2 1.15134E-1 1.45871E-2 6.21428E-2 3.7011E-2 2.93771E-3 3.76547E-2 3.22591E-2 5.50494E-2 4.57201E-2 8.09267E-2 6.29098E-2 7.2733E-2 3.45948E-2 7.91115E-2 7.1735E-2 3.32655E-2 4.95245E-2
6.53111E-2 4.87055E-2 6.7667E-2 8.40531E-2 1.63344E-1 8.16446E-2 2.13909E-2 2.21048E-2 7.85197E-2 7.12648E-2 6.26828E-2 2.79481E-2 2.31131E-2 5.35566E-2 5.91117E-2 3.55431E-2 2.92349E-2 3.05401E-2 9.70663E-2 4.68263E-2 3.00477E-2 7.43037E-2 1.29374E-1 9.33301E-2 2.28293E-2 2.8942E-2 8.70427E-2 5.60857E-2 1.28567E-1 1.26959E-1 5.3946E-2 4.3027E-2 8.25555E-2 5.21666E-3 2.94496E-2 1.02689E-1 2.33382E-2 3.04548E-2 6.01011E-2 3.93935E-2 1.40062E-2 4.53071E-2 4.55965E-2 1.26309E-1 1.1254E-2 2.74787E-2 2.25558E-2 5.14266E-2 3.67119E-2 3.71731E-2 4.77127E-2 6.39783E-2 5.25538E-2 1.71455E-2 4.20668E-2 4.5083E-2 7.99241E-3 4.33129E-2
1.11445E-1 9.02354E-2 4.53215E-2 6.12403E-2 7.07057E-2 3.58425E-2 5.02353E-2 3.68682E-2 6.74515E-2 4.28433E-2 2.03804E-2 4.79315E-2 5.07324E-2 3.10043E-2 3.17197E-2 3.68502E-2 6.43128E-2 7.97932E-2 7.74131E-2 4.71611E-2 3.43166E-2 5.91211E-2 1.08264E-1 5.68268E-2 5.73982E-2 1.66161E-2 5.14894E-2 2.87483E-2 6.30748E-2 1.24555E-1 3.72014E-2 7.40411E-2 1.36161E-2 8.03505E-2 3.70836E-2 1.5211E-2 6.92358E-2 5.65841E-2 2.07933E-2 5.85632E-2 5.02134E-2 4.48971E-2 8.09475E-2 2.06893E-2 3.06934E-2 3.58321E-2 1.36524E-2 1.30942E-2 2.50307E-2 4.28571E-2 3.7373E-2 8.15021E-2 7.49678E-2 2.94177E-2 3.7338E-2 8.52343E-2 6.04015E-2 2.92432E-2
8.82373E-2 1.01281E-1 3.21076E-2 4.69347E-2 8.81104E-2 4.28179E-2 2.15675E-2 3.00357E-2 4.3525E-2 2.17386E-2 1.21513E-2 1.11652E-1 4.06768E-2 2.00215E-2 6.52592E-2 1.05513E-1 2.41398E-2 5.99592E-2 4.87056E-2 5.70145E-2 1.38663E-2 3.11675E-2 2.33028E-2 3.90697E-2 3.67143E-2 2.77321E-2 4.61778E-2 3.90685E-2 1.17065E-2 8.44726E-3 4.79371E-2 7.02065E-2 7.74994E-2 3.28103E-2 6.73688E-2 4.27789E-3 1.45317E-2 1.09839E-2 6.40143E-2 4.08274E-2 2.20595E-2 4.78088E-2 3.25483E-2 8.34611E-2 6.13793E-2 8.59494E-2 1.54659E-2 6.05958E-2 6.65744E-2 1.48094E-1 8.97574E-2 3.61169E-2 3.76144E-2 5.94822E-2 3.72111E-2 8.41597E-2 5.19176E-2 5.24122E-2
3.64338E-2 2.4239E-2 2.12287E-2 2.82206E-2 7.77331E-2 7.54798E-2 7.35221E-2 3.62837E-2 3.11199E-2 1.03968E-1 2.36779E-2 3.27443E-2 9.2104E-2 1.20921E-1 6.51578E-2 7.67965E-2 3.37433E-2 3.8905E-2 4.61734E-2 4.30634E-2 3.50548E-2 9.90508E-2 8.87205E-2 2.10548E-2 7.85698E-2 1.59548E-2 2.4393E-2 5.61089E-2 8.66572E-2 4.5531E-2 3.14275E-2 3.02775E-2 4.09458E-2 3.9163E-2 3.01254E-2 4.85612E-2 1.22262E-2 1.10463E-2 3.39486E-2 2.04444E-2 5.31495E-2 4.04778E-2 6.26479E-2 6.40557E-2 3.70069E-2 1.66866E-2 2.91802E-2 4.25623E-2 7.57428E-2 4.34729E-2 4.80434E-2 1.21424E-2 8.19064E-2 8.9744E-2 3.29115E-2 2.90655E-2 4.9687E-2 4.04175E-2
4.82282E-2 8.31916E-2 6.456E-2 3.03931E-2 6.05304E-2 3.87688E-2 5.17458E-2 4.30487E-2 8.00059E-2 2.45097E-2 5.25271E-2 1.97572E-2 5.42175E-2 1.53372E-1 1.77007E-2 8.24855E-2 1.09095E-1 8.58821E-2 7.04993E-2 3.60823E-2 6.17759E-2 5.87587E-2 8.81644E-2 4.30018E-2 3.63735E-2 3.68096E-2 3.66743E-2 7.92959E-3 4.55162E-2 5.11973E-2 1.02811E-1 5.73321E-2 3.70138E-2 4.71574E-2 6.24167E-2 5.96471E-2 3.37033E-2 4.28452E-2 7.01148E-2 3.64557E-2 9.55377E-2 6.73873E-2 1.32544E-2 5.462E-2 3.36482E-2 3.08396E-2 2.19074E-2 3.62967E-2 1.23975E-2 8.17689E-2 3.42152E-2 6.98217E-2 1.80883E-2 2.0087E-2 5.67135E-2 8.14646E-2 6.13012E-2 3.12694E-2
8.01813E-2 5.43909E-2 9.6935E-2 2.00704E-2 2.15461E-2 8.81298E-2 1.25399E-1 3.4532E-2 4.74049E-2 7.85233E-2 4.81459E-2 9.18133E-2 1.56701E-2 2.98448E-2 2.96474E-2 3.25364E-2 2.68418E-2 6.42537E-2 9.96355E-2 6.7854E-2 1.22274E-1 1.07814E-1 7.06597E-2 2.08013E-2 1.16071E-1 2.26633E-2 2.02449E-2 4.00396E-2 1.87383E-2 5.62901E-2 8.49003E-2 5.47918E-2 3.79603E-2 4.19712E-2 2.02062E-2 6.77882E-3 1.73085E-2 4.67044E-2 3.5144E-2 5.3718E-2 5.96386E-2 8.84244E-2 7.20631E-3 3.73704E-2 5.03454E-2 4.57608E-2 2.44392E-2 3.1691E-2 2.40149E-2 3.71805E-2 3.51482E-2 3.30426E-2 1.86849E-2 3.27494E-2 4.19638E-2 6.04356E-2 2.27736E-2 7.90999E-2
6.93741E-2 6.75218E-2 4.31042E-2 4.52069E-2 2.50057E-2 5.16814E-2 2.83627E-2 1.04071E-2 3.76247E-2 3.26941E-2 4.55007E-2 8.6124E-2 3.24856E-2 9.53962E-2 1.58619E-1 1.03104E-1 2.96776E-2 2.02571E-2 1.04576E-1 3.24359E-2 3.16996E-2 7.03926E-2 3.88557E-2 8.17854E-2 7.65487E-2 5.80838E-2 7.32655E-2 4.31347E-2 6.24784E-2 3.26117E-2 1.64854E-2 7.10517E-3 1.40547E-2 5.38722E-2 5.40347E-2 5.52358E-2 3.97606E-2 3.86704E-2 4.16886E-2 2.22208E-2 2.3645E-2 4.0067E-2 4.71598E-2 5.05059E-3 7.53137E-2 9.53275E-2 2.60632E-2 3.3018E-2 6.82621E-2 2.13765E-2 8.14033E-2 3.31308E-2 4.1754E-2 6.94314E-2 5.0316E-2 8.04739E-2 2.27882E-2 2.60997E-2
4.20201E-2 7.93311E-2 1.74521E-2 4.71941E-2 4.07256E-2 2.34493E-2 1.96357E-2 7.97264E-2 8.15857E-2 4.77345E-2 1.00307E-1 6.58111E-2 2.61859E-2 6.63912E-2 1.16013E-1 5.56357E-2 3.57047E-2 3.98097E-2 3.9096E-2 3.36491E-2 3.21466E-2 3.3083E-2 4.29832E-2 5.26792E-2 1.05252E-1 5.91406E-2 6.32759E-2 4.0021E-3 7.41158E-2 4.55565E-2 8.40092E-2 6.44536E-2 5.2184E-2 8.4463E-2 3.42409E-2 6.62713E-2 2.11053E-2 4.33763E-2 8.31173E-2 4.87502E-2 4.52954E-2 2.35875E-2 3.14857E-2 5.42179E-2 6.15658E-2 7.35356E-2 3.00969E-2 3.09539E-2 1.87133E-2 8.39535E-2 3.9517E-2 2.2076E-2 2.85014E-2 5.62527E-2 3.58367E-2 1.91328E-2 4.71524E-2 1.60914E-2
1.11931E-2 4.9422E-2 1.96996E-2 7.35825E-2 4.98743E-2 1.17818E-1 3.93982E-2 1.95147E-2 1.02208E-1 2.24966E-2 7.86948E-2 3.71174E-2 7.54656E-2 7.65444E-3 4.60836E-2 4.04523E-2 3.34434E-2 7.46594E-2 4.36336E-2 2.06571E-2 4.34092E-2 4.86697E-2 1.43441E-2 8.56039E-2 8.90811E-2 1.10201E-1 6.45378E-2 5.75451E-2 1.94557E-2 8.38229E-2 3.81083E-2 3.71791E-2 4.66433E-2 1.93388E-2 1.94611E-2 7.78905E-2 3.89203E-2 5.61421E-2 6.44775E-2 3.57089E-2 3.16503E-2 3.70325E-2 5.32352E-2 5.8958E-2 4.43452E-2 1.86757E-2 4.93957E-2 9.25147E-3 5.70189E-2 3.00944E-2 5.47099E-2 1.89769E-2 3.77454E-2 4.33406E-2 2.16622E-2 4.32936E-2 3.31609E-2 7.70152E-2
7.43541E-3 4.83128E-2 1.67785E-2 3.35937E-2 6.991E-2 5.44476E-2 9.45646E-2 7.52803E-2 4.82161E-2 2.66531E-2 2.95738E-2 8.02354E-2 7.48096E-2 2.26767E-2 4.75596E-2 4.55535E-2 1.67386E-1 3.55752E-2 4.19524E-2 4.11005E-2 5.61285E-2 3.52583E-2 3.34543E-2 2.04379E-2 2.70486E-2 4.06075E-2 4.67184E-2 5.97219E-3 8.94254E-2 9.81586E-2 4.39551E-2 1.03823E-1 5.98194E-2 7.0733E-2 6.5584E-2 9.91926E-2 3.91361E-2 4.60827E-2 8.30764E-2 5.31719E-2 3.72091E-2 1.1564E-1 7.21186E-2 4.23398E-2 4.18824E-2 2.91379E-2 1.14435E-1 4.37268E-2 3.89584E-2 4.20239E-2 1.96178E-2 2.84286E-2 2.66442E-2 1.26133E-2 5.38897E-2 2.19195E-2 5.87136E-2 2.44912E-2
