outputs/pantheraTigris_max.asc
ncols         290
nrows         290
xllcorner     68.0
yllcorner     8.0
cellsize      0.1
NODATA_value  -9999
[rows 208 to 233 of 290, columns 174 to 231 of 290]
8.93009E-2 6.42779E-1 1.39393E-1 4.69432E-1 1.33552E-1 3.36573E-2 1.01612E-1 7.74392E-2 1.74533E-1 1.08261E-1 7.55337E-2 9.71827E-2 6.80896E-2 2.49045E-2 1.38456E-2 1.26806E-2 7.21994E-3 2.65214E-2 3.01405E-2 8.71233E-2 6.64939E-2 4.52317E-2 6.32179E-3 2.26377E-2 8.98676E-2 9.64212E-2 9.53801E-3 6.16939E-2 1.22947E-1 1.59382E-2 1.6564E-1 2.8452E-1 2.59132E-1 1.91007E-2 2.64681E-2 2.17314E-2 8.41348E-2 5.72402E-2 9.49997E-2 1.49951E-2 4.74503E-2 9.0664E-2 5.97021E-2 9.66775E-3 8.88611E-2 1.2085E-1 1.1485E-1 7.86083E-2 1.78986E-2 7.88707E-2 1.55595E-1 2.49427E-1 3.26751E-2 8.61825E-2 7.41817E-2 1.30071E-1 2.9152E-3 4.91467E-2
6.82526E-1 7.17352E-2 2.04106E-1 8.73467E-2 6.99695E-2 5.34894E-2 2.10087E-1 5.73136E-2 5.94303E-2 1.00046E-1 1.23082E-1 5.43443E-2 3.63313E-2 5.40209E-2 2.9527E-3 9.43246E-2 3.92389E-2 1.20903E-2 4.3797E-2 7.92183E-2 9.8785E-3 1.22694E-1 3.43442E-2 2.39869E-2 9.8745E-2 4.11826E-2 1.89294E-2 4.22715E-2 1.63109E-1 1.43438E-2 2.45486E-2 1.26372E-1 2.17537E-1 1.38998E-1 7.60936E-2 6.59169E-2 1.02812E-2 1.43448E-2 1.07449E-1 8.72677E-3 9.72397E-2 1.02074E-1 5.84244E-2 5.32936E-2 8.51923E-2 1.08828E-1 2.96871E-2 2.8249E-2 6.11732E-2 6.80001E-2 5.08104E-2 1.29833E-1 6.53743E-2 1.23688E-1 8.47633E-2 3.67715E-2 2.95725E-3 4.14163E-2
7.80428E-2 1.20729E-1 5.53182E-1 2.88932E-2 3.28416E-2 6.13039E-3 2.92418E-1 7.56013E-2 4.00599E-2 8.59434E-2 3.65822E-2 4.46674E-2 2.1023E-2 6.41272E-2 7.25596E-2 1.23083E-2 1.54234E-2 3.74751E-2 5.69596E-3 8.86421E-3 1.21962E-2 2.54099E-2 3.16363E-2 3.71423E-2 5.02757E-3 1.48418E-2 9.4757E-2 2.67117E-2 3.63729E-2 1.54236E-2 2.03175E-1 3.72702E-2 1.15804E-1 1.21749E-1 1.66433E-2 2.59214E-2 8.49274E-2 3.75031E-2 5.19395E-3 1.00129E-1 4.75377E-2 9.5524E-2 6.00607E-2 1.46372E-1 1.27673E-2 3.23518E-2 6.09563E-2 4.91718E-2 8.58982E-2 1.52143E-1 4.17683E-2 3.66591E-2 3.68435E-2 1.57994E-1 1.64224E-2 6.7419E-2 4.68028E-2 6.85162E-2
8.61201E-3 3.23506E-1 2.13941E-1 3.92139E-1 3.07912E-1 8.88989E-2 5.4085E-2 4.92947E-2 5.7969E-2 1.25419E-2 8.1973E-3 1.06656E-1 7.73858E-3 5.02196E-2 5.17031E-2 1.80928E-2 5.69926E-2 9.18629E-3 1.56878E-2 2.61532E-2 9.37919E-3 8.19875E-2 8.00259E-2 3.6599E-2 6.55367E-2 1.78207E-2 1.2002E-1 3.92019E-2 7.95429E-3 1.69867E-2 1.08614E-2 1.98952E-2 3.60577E-2 7.19217E-2 2.3214E-2 1.24721E-1 4.05197E-2 2.53685E-2 2.50682E-2 1.49148E-2 1.22019E-1 5.35587E-2 2.1931E-2 4.36348E-2 1.39194E-2 5.32336E-2 3.75291E-2 1.04827E-1 2.10404E-1 2.97131E-2 5.71252E-2 4.87498E-1 6.4012E-1 1.42336E-1 3.29127E-1 8.4095E-2 1.14868E-1 9.59561E-2
1.29891E-1 1.26549E-1 3.49593E-1 6.8379E-2 6.26867E-2 1.39481E-1 4.76265E-2 8.99031E-2 5.64784E-2 7.83643E-2 2.18044E-2 1.29255E-2 2.30684E-2 4.74463E-2 7.69227E-2 1.0433E-2 1.6553E-2 1.16902E-3 3.42202E-2 1.20828E-1 2.51738E-2 2.85322E-2 1.64158E-2 3.2629E-2 8.30782E-2 1.28779E-2 2.80038E-2 3.78783E-2 9.13006E-2 2.85842E-2 1.62634E-1 3.74284E-1 4.85016E-2 2.30527E-2 4.82023E-2 5.76857E-2 5.77364E-2 2.86337E-2 5.92296E-2 2.30424E-2 9.79745E-2 6.68948E-2 9.64053E-2 6.19368E-2 3.76886E-2 1.02315E-1 6.31224E-2 1.22498E-1 1.5795E-1 2.64195E-2 5.24814E-1 4.38545E-1 4.03789E-1 2.57294E-1 4.9284E-1 9.95151E-2 3.74945E-2 9.43016E-2
2.32453E-2 1.38721E-1 4.6804E-2 9.50041E-3 8.05163E-2 2.97047E-2 1.91747E-1 4.30619E-2 1.66606E-1 4.97795E-2 1.17197E-2 4.75685E-2 1.62307E-2 5.98211E-2 1.12553E-1 5.48811E-2 4.02939E-3 1.54673E-2 1.05695E-3 1.34966E-2 8.79839E-2 2.51577E-2 2.90769E-2 5.71418E-2 5.92725E-2 5.48148E-2 5.3892E-2 4.36495E-2 2.69178E-2 4.90175E-2 1.04701E-1 1.71987E-1 3.50022E-1 3.23797E-2 8.37183E-2 4.20319E-2 8.53309E-2 8.55533E-2 1.02158E-1 2.79133E-2 2.18008E-2 4.70348E-2 4.28767E-1 5.17944E-1 4.63074E-1 3.2757E-1 1.29365E-1 4.75578E-2 4.87363E-2 4.04326E-2 8.06209E-2 5.14205E-1 4.9848E-1 1.22401E-1 2.08772E-1 7.93275E-2 6.49021E-2 9.01562E-2
5.65332E-2 6.8532E-2 1.01136E-1 8.01447E-2 1.3616E-1 1.9152E-2 1.43174E-1 6.61901E-2 9.00212E-3 8.38286E-2 6.13027E-2 1.23131E-1 1.15734E-1 4.25484E-3 1.52314E-2 2.36713E-2 3.62021E-2 9.56277E-2 5.5739E-2 3.75483E-3 5.45935E-2 6.52559E-3 2.34877E-2 1.48724E-2 2.43801E-2 1.07517E-1 9.84598E-2 2.23662E-2 4.28258E-2 1.37921E-2 1.28627E-2 1.05581E-1 1.00846E-1 9.54254E-2 1.23303E-1 2.44972E-2 2.0718E-2 8.41512E-2 4.12626E-2 5.1703E-2 5.47365E-2 3.50646E-2 2.69667E-2 6.32323E-2 2.12569E-1 4.67716E-1 4.92943E-2 1.13884E-1 9.09759E-2 7.51319E-2 3.27983E-2 1.82334E-1 3.0761E-1 5.1488E-1 4.0625E-1 5.5582E-2 7.25603E-2 1.03791E-1
3.44965E-2 1.49683E-1 1.46372E-1 8.19911E-2 2.14224E-1 1.69683E-1 2.18507E-2 2.7129E-3 5.14261E-3 5.91253E-2 7.78373E-2 1.00361E-1 8.52766E-3 1.32651E-2 3.45394E-3 5.55145E-3 2.0361E-2 6.15841E-2 4.50848E-3 9.61067E-3 2.65079E-2 7.25634E-2 3.09011E-2 1.57139E-2 3.47589E-2 7.80441E-3 2.53956E-2 2.63203E-2 6.57666E-2 1.92318E-2 7.40355E-2 1.49392E-2 1.15162E-1 2.93845E-2 9.25259E-2 2.69814E-2 5.83058E-2 2.38056E-2 3.21071E-2 1.00707E-1 1.65412E-1 3.74031E-2 2.34474E-2 2.4418E-1 1.25326E-1 2.25091E-1 1.32551E-1 5.68135E-2 1.17709E-1 3.38546E-2 7.4162E-2 7.64891E-2 8.22793E-2 6.12215E-1 1.48223E-1 1.72673E-1 1.11441E-1 5.13728E-1
2.45509E-2 9.1262E-3 8.48455E-4 6.78198E-2 3.50098E-4 2.21738E-1 8.83913E-3 4.2649E-2 6.49982E-2 7.7697E-2 5.2977E-2 2.35086E-3 5.84119E-2 1.48196E-2 4.60912E-2 6.4398E-2 2.29268E-2 2.84401E-2 8.16298E-3 1.19596E-2 1.22407E-1 7.38134E-2 3.86568E-2 1.31511E-2 7.45989E-2 9.12911E-2 2.75252E-2 8.67987E-2 3.74506E-2 1.58779E-2 5.15987E-2 1.11705E-1 1.30009E-1 2.60954E-2 5.90212E-1 8.30056E-2 1.66092E-1 7.20582E-1 5.25527E-1 1.38042E-2 2.90207E-1 2.18482E-1 2.10799E-2 3.41514E-1 1.43269E-1 1.15245E-1 2.76635E-2 1.19499E-1 4.67126E-2 1.11412E-1 9.12951E-2 1.47318E-1 3.21145E-2 3.63586E-1 5.77131E-1 1.66431E-1 7.99506E-2 1.52236E-1
5.27618E-2 8.18002E-2 8.37522E-3 5.50088E-3 3.06514E-2 2.12585E-2 1.05141E-1 1.72498E-1 9.80083E-3 2.34612E-2 6.02854E-2 1.04664E-3 1.35773E-1 1.26637E-2 5.54915E-2 1.4654E-1 3.53877E-2 1.85996E-2 3.50665E-2 2.09507E-3 3.24007E-2 1.34851E-1 2.49811E-2 1.00866E-1 2.92489E-2 2.15989E-2 2.52032E-2 1.36026E-2 1.67633E-1 2.34122E-2 1.54672E-1 1.79516E-2 5.37797E-2 2.62762E-2 2.40708E-2 3.27346E-2 1.73525E-2 2.40481E-2 3.15606E-2 2.65976E-2 6.18709E-2 5.7775E-2 6.30329E-2 1.29473E-1 3.62271E-2 3.61061E-2 8.35062E-2 8.85682E-2 3.09067E-2 6.25659E-2 2.51745E-2 1.29479E-1 2.60741E-2 8.30039E-2 1.05126E-1 5.76131E-2 2.42018E-2 2.98612E-2
5.88619E-2 3.2467E-1 1.71696E-2 7.86578E-2 1.90957E-1 2.27311E-2 1.13503E-2 2.94242E-2 7.56764E-3 1.50366E-2 1.02253E-3 3.03228E-3 3.72167E-3 7.03081E-3 1.05516E-2 9.36398E-3 1.42397E-3 1.51424E-3 5.55353E-2 1.36011E-2 2.48178E-2 1.02657E-1 1.8495E-2 1.13124E-1 1.59194E-1 9.24035E-3 1.83132E-2 7.63877E-2 3.33941E-2 8.12093E-3 1.10318E-1 8.46025E-2 2.61899E-2 1.2079E-1 7.53196E-2 1.49876E-2 2.4253E-2 2.29421E-2 5.48308E-2 4.17504E-2 2.19087E-1 2.1875E-2 6.47211E-2 1.12722E-1 3.33352E-2 1.23083E-1 6.45073E-2 1.12738E-1 1.18354E-1 1.28117E-1 1.21901E-1 1.51449E-1 1.35042E-1 3.39485E-2 1.56464E-1 1.20596E-1 2.35904E-1 7.17718E-2
5.6441E-4 1.3568E-3 1.68725E-2 7.51334E-3 3.16102E-2 3.2956E-2 2.98422E-3 4.38019E-3 9.12462E-3 1.67363E-3 5.35938E-2 1.22451E-2 1.60796E-2 3.21063E-2 6.54272E-4 8.34419E-3 6.51095E-2 9.9624E-3 2.02869E-3 2.56841E-2 1.82156E-2 2.53225E-2 2.14006E-2 2.61118E-2 2.18979E-2 9.99936E-2 9.31109E-2 8.4378E-2 1.61746E-2 2.4292E-2 9.88744E-2 2.90035E-2 1.93669E-2 1.33325E-2 3.03474E-2 1.38167E-1 1.91351E-2 1.58195E-1 7.15651E-2 5.71305E-2 6.21988E-2 3.7471E-2 1.01933E-1 4.7944E-2 5.95265E-2 9.14137E-2 5.3719E-2 1.61114E-1 2.76205E-2 1.06735E-1 4.3881E-2 2.74545E-2 2.47836E-1 3.07432E-2 8.78495E-2 2.45004E-1 1.2478E-1 3.60823E-2
1.7452E-1 1.48584E-2 5.22721E-2 2.00109E-3 4.66178E-3 3.21137E-2 7.47045E-3 2.98586E-2 8.17827E-2 6.32461E-4 2.72139E-3 5.73874E-2 4.75707E-2 5.33909E-2 4.97509E-4 5.05649E-4 1.4469E-3 2.5864E-2 3.40214E-3 2.04335E-3 5.05575E-2 4.2718E-2 1.06392E-1 3.18785E-2 1.54184E-2 1.90828E-2 1.14205E-2 2.8273E-2 4.11921E-2 8.41777E-2 3.64342E-2 1.72718E-2 1.08081E-1 1.24739E-2 2.2001E-2 5.06269E-2 2.05299E-2 6.67393E-2 9.73752E-2 2.65719E-2 9.78938E-2 6.72199E-3 1.03017E-1 2.23253E-1 7.81152E-2 7.72994E-2 1.6023E-1 3.44962E-2 1.0593E-1 1.30833E-1 4.55265E-2 1.11096E-1 1.76829E-1 2.79292E-1 1.0588E-1 1.98454E-1 1.88907E-1 8.86892E-2
5.40847E-4 5.37181E-4 6.86901E-2 6.84586E-3 1.88199E-2 1.33685E-3 9.70169E-3 4.48709E-2 2.55606E-2 1.18906E-2 7.90227E-3 5.61689E-3 4.81816E-2 1.9497E-3 3.90525E-3 1.38276E-2 6.56981E-2 1.84929E-2 1.36237E-2 3.15207E-2 8.19612E-2 3.5524E-3 3.95532E-2 7.29625E-3 3.28653E-3 9.39259E-3 2.84314E-2 1.29925E-2 2.50288E-2 9.03602E-2 7.70616E-3 2.38121E-2 7.60042E-2 6.08801E-2 4.22881E-3 9.19935E-3 2.16464E-2 2.33564E-2 1.03769E-2 6.87899E-3 4.25722E-2 1.11246E-1 6.27726E-3 4.68073E-2 1.18136E-1 6.61337E-2 1.49978E-1 3.92881E-2 3.20969E-2 1.19609E-1 1.30632E-1 3.31647E-2 1.14283E-1 1.09563E-1 2.41938E-2 2.28425E-1 2.26777E-1 8.43432E-2
4.5258E-2 4.53548E-3 3.01321E-4 3.16259E-3 1.31139E-2 4.29979E-2 1.89043E-2 3.61424E-3 1.7187E-2 3.22127E-3 7.45796E-3 1.0836E-3 2.62901E-3 1.96861E-3 9.89455E-3 5.63768E-3 3.70765E-2 3.71613E-3 4.185E-3 2.12889E-2 6.80529E-2 2.00922E-2 1.57593E-2 9.72215E-2 2.11982E-2 1.50147E-2 1.73796E-2 7.25959E-2 1.13388E-2 6.91002E-2 3.37581E-2 1.44776E-2 1.38063E-1 9.36369E-3 1.18742E-2 6.48331E-3 3.8814E-2 3.53217E-2 6.90999E-2 2.40365E-2 1.04092E-2 1.70909E-1 1.00458E-1 7.67536E-2 3.38606E-2 3.7771E-2 4.30146E-2 1.06628E-1 1.57399E-1 5.83895E-2 6.02163E-2 1.61457E-2 7.80458E-2 5.41419E-2 7.58274E-2 1.85509E-1 3.00879E-2 1.19146E-1
6.00805E-2 4.17344E-2 6.89832E-2 2.15322E-2 3.68896E-4 2.99433E-3 1.1842E-2 3.53323E-3 4.28969E-4 1.18889E-2 2.16314E-2 4.05538E-2 4.41749E-3 1.93887E-2 2.07308E-3 3.88816E-3 2.39776E-2 7.15929E-4 2.25639E-2 1.00456E-2 3.29464E-3 9.36588E-2 5.42582E-3 4.71213E-2 8.57918E-2 7.08059E-2 2.08849E-2 4.86853E-3 6.07E-4 1.74741E-2 1.19412E-1 5.1958E-2 1.88321E-2 1.07363E-2 4.95583E-2 5.27733E-2 1.0189E-1 5.86409E-2 6.17435E-2 5.65501E-2 8.47784E-2 7.08158E-2 1.58271E-1 6.3496E-2 8.96942E-2 7.92124E-2 5.98033E-2 3.05986E-2 2.78833E-2 1.5995E-1 7.03653E-2 6.24881E-2 1.01401E-1 5.02633E-2 1.07466E-1 1.21226E-1 9.66868E-2 1.99866E-1
1.14841E-2 5.92105E-2 6.46375E-3 4.92609E-2 6.01999E-3 3.05847E-2 5.86942E-2 3.50028E-2 6.14446E-2 3.83972E-3 3.99242E-2 1.88941E-2 7.80298E-3 7.35952E-2 6.20374E-3 4.36529E-2 8.47792E-3 1.27134E-1 8.01539E-2 3.74446E-3 1.05552E-2 8.43863E-2 1.26452E-1 9.55553E-3 8.82755E-3 1.01581E-2 5.03462E-2 1.3017E-1 2.50391E-2 1.77116E-2 5.23708E-3 1.70938E-2 3.24655E-2 4.15624E-2 8.7304E-2 8.48197E-3 1.77526E-2 8.28571E-3 1.53897E-2 3.31927E-2 1.20228E-1 3.46355E-2 1.8936E-3 2.11903E-3 5.9128E-2 6.58348E-2 4.22683E-2 1.26246E-2 2.95548E-2 2.78887E-2 1.27133E-1 5.28982E-2 9.23037E-2 8.74592E-2 1.05757E-1 1.16319E-1 1.3406E-1 1.29E-1
1.12589E-2 8.18511E-2 5.1479E-2 1.7252E-4 8.8577E-3 4.86758E-3 1.27649E-2 3.47531E-2 3.02988E-3 1.5582E-2 2.09001E-2 3.03716E-2 3.42656E-2 6.90406E-2 7.68557E-3 1.8079E-2 1.12824E-2 6.00478E-2 6.36556E-2 3.59837E-3 2.0927E-2 1.5223E-3 2.93911E-3 1.20503E-1 3.40305E-3 7.70598E-2 5.62431E-3 1.07907E-2 9.48979E-3 1.05768E-1 7.23611E-3 4.87175E-2 1.23254E-1 1.69871E-2 1.30018E-2 2.69828E-2 1.87489E-3 2.36031E-3 6.79694E-2 7.79906E-2 1.59339E-2 2.56257E-2 5.48627E-3 1.96148E-2 1.1813E-2 7.62935E-2 2.4868E-2 1.46538E-2 1.61123E-1 7.86336E-2 7.92006E-2 3.25202E-2 1.63681E-2 1.22125E-1 3.63831E-2 1.11469E-1 3.47295E-2 4.78604E-1
1.26544E-2 4.07744E-3 6.97841E-3 4.6223E-4 3.58307E-2 3.7086E-2 2.72953E-2 4.17323E-2 6.04796E-2 1.88801E-2 3.58474E-2 8.72084E-3 7.18937E-2 1.51076E-2 4.72488E-2 1.33459E-2 1.3769E-2 3.42978E-2 7.79163E-4 1.05314E-1 2.28837E-2 4.98623E-2 3.30728E-2 5.13397E-3 9.86771E-3 9.85242E-2 3.60559E-2 3.64766E-2 3.27414E-2 6.94052E-2 4.6705E-2 1.05649E-2 1.14568E-1 2.26823E-2 4.364E-2 7.38553E-2 1.30588E-2 7.73248E-2 5.90113E-2 1.32301E-2 9.04142E-3 1.7916E-3 5.11551E-2 9.5948E-2 8.1726E-3 7.80061E-2 4.22658E-2 6.54954E-2 2.70724E-2 5.41222E-2 3.88208E-2 1.68072E-1 1.72712E-1 6.24297E-2 4.71135E-2 9.60035E-2 1.29243E-1 1.92496E-1
2.02857E-4 4.09177E-2 1.51556E-2 5.21625E-3 1.03135E-2 6.17927E-2 5.10307E-2 2.35312E-2 5.68933E-2 9.982E-3 2.30462E-3 2.00172E-2 6.8897E-3 7.62444E-3 3.07657E-2 7.81231E-4 4.79108E-2 6.93348E-2 2.34689E-3 1.25662E-2 4.88283E-2 9.53699E-2 1.55536E-2 4.10568E-4 4.36774E-4 3.70403E-2 2.68869E-2 2.9248E-2 9.05786E-3 3.95596E-2 5.66943E-2 7.64274E-2 7.24596E-3 7.52721E-3 1.87374E-2 1.84997E-2 7.98401E-2 5.60921E-2 5.55027E-2 5.72565E-2 1.45075E-2 6.26272E-3 3.67136E-2 8.30449E-2 1.66903E-2 2.46736E-2 3.10548E-2 1.15866E-1 7.64202E-2 8.02563E-2 2.25651E-1 3.24756E-3 4.93155E-1 3.31253E-1 7.27599E-2 4.2736E-2 7.49582E-2 3.64527E-1
7.39018E-3 1.21775E-2 6.05178E-2 2.09664E-3 4.43621E-3 3.00999E-2 3.41424E-2 1.72185E-3 1.24695E-2 6.54656E-2 6.47671E-2 6.0598E-2 6.58225E-2 7.75864E-2 1.27641E-2 1.68213E-3 1.27083E-3 6.48012E-3 9.14117E-3 2.79695E-3 4.03088E-2 1.96349E-2 4.86909E-3 4.02522E-2 3.33651E-3 3.58169E-3 8.15553E-2 2.21684E-3 3.07189E-2 6.59944E-2 6.54631E-3 5.23815E-2 1.64813E-2 7.88904E-3 4.45391E-2 8.99617E-2 2.10218E-3 3.17863E-2 2.27629E-2 2.22652E-3 1.11455E-2 6.69501E-2 1.94232E-2 5.92126E-3 2.02927E-2 1.37398E-1 1.04684E-2 7.88978E-2 7.86724E-2 2.08906E-1 2.52324E-3 1.47052E-2 8.19877E-2 2.09712E-1 1.44383E-1 1.04546E-1 9.6459E-2 1.34831E-1
1.03704E-1 4.02071E-3 4.63288E-3 2.46966E-2 4.2666E-2 6.09434E-2 6.48617E-2 4.14805E-3 4.93983E-2 2.70486E-3 1.72017E-3 1.34146E-1 2.55508E-2 6.75049E-3 5.56873E-2 1.47435E-2 2.4949E-3 3.5789E-2 7.52556E-2 4.73978E-2 8.01833E-2 2.39285E-3 5.97759E-4 1.41885E-2 5.546E-3 2.07559E-2 1.08551E-2 4.74537E-3 2.58944E-2 6.14422E-2 6.92896E-2 1.99618E-2 2.05111E-2 2.52245E-2 9.78941E-2 8.10797E-2 1.09653E-1 1.0353E-1 3.45554E-2 9.54113E-2 5.75655E-2 6.08833E-2 9.18697E-2 7.65997E-3 2.03442E-2 2.63586E-2 8.93332E-2 8.44476E-2 2.58242E-2 8.09973E-2 1.70432E-2 1.97481E-2 2.37693E-2 6.94142E-3 1.12239E-1 1.18302E-1 1.21785E-1 8.80916E-2
2.70582E-3 1.62888E-2 9.05687E-2 5.42078E-2 6.36435E-4 1.48322E-2 3.92022E-2 1.09033E-3 2.35916E-3 3.49408E-3 7.20352E-2 1.02593E-1 1.7719E-1 2.91235E-3 8.67162E-2 2.97454E-3 1.48552E-2 1.34979E-2 1.91156E-2 3.39685E-2 3.16812E-3 6.23E-2 9.37188E-3 1.61194E-2 2.02818E-2 9.12771E-3 3.25967E-2 8.06756E-2 2.16659E-2 9.95E-2 7.93265E-2 8.04163E-2 3.77284E-2 8.51286E-2 1.14589E-1 1.65998E-2 7.74144E-2 4.90241E-2 1.23179E-2 8.19175E-2 3.68208E-3 2.37847E-2 9.293E-2 6.88263E-2 6.31001E-2 4.09876E-2 1.2293E-1 8.33527E-2 5.19646E-2 5.44217E-2 9.54452E-2 1.87199E-2 3.95538E-2 4.64481E-2 8.8717E-2 9.19171E-2 9.32608E-2 1.36657E-1
1.05664E-3 4.91463E-2 2.36357E-3 9.22757E-3 2.89189E-2 1.56091E-2 6.45827E-3 1.13921E-3 3.39139E-3 4.30856E-2 1.03417E-2 1.15439E-2 4.67993E-2 4.06524E-2 4.36993E-2 3.24504E-3 8.43343E-3 1.56639E-2 4.12552E-2 2.9863E-2 5.91859E-3 6.83641E-3 7.99929E-2 8.83607E-2 3.20514E-2 3.12039E-3 2.88769E-2 5.64201E-3 3.69984E-3 4.76859E-2 1.74368E-1 1.06315E-2 4.40562E-2 1.54823E-2 1.01887E-2 8.48079E-2 4.2844E-2 4.98643E-2 9.41112E-2 4.0869E-2 2.61207E-3 1.17641E-2 6.01712E-2 9.0535E-2 7.21935E-3 1.46153E-1 1.37434E-1 4.13806E-2 2.64491E-2 2.44584E-2 2.54329E-2 8.82802E-2 7.99544E-2 9.89895E-2 3.89716E-2 1.87285E-2 9.7513E-2 7.93116E-2
6.67191E-2 4.08077E-2 1.30947E-3 6.2128E-4 7.0142E-5 4.45418E-3 5.48473E-2 7.55968E-3 1.66184E-2 5.6002E-2 2.15839E-2 5.73774E-2 9.59188E-3 1.13566E-1 9.12943E-2 8.94753E-2 6.02419E-3 3.37406E-2 4.40981E-2 8.19466E-2 1.28053E-2 4.6822E-2 5.13886E-2 1.09339E-2 3.16262E-2 3.2405E-3 5.16545E-2 4.76383E-2 3.79608E-2 9.34917E-2 7.51866E-3 2.00717E-3 2.67404E-2 1.8922E-2 5.61222E-3 1.12725E-2 6.40274E-2 1.15181E-1 6.60237E-3 1.14765E-1 2.93167E-2 3.79086E-2 3.75294E-2 7.81846E-2 3.4668E-2 6.69093E-2 4.63224E-2 4.65484E-2 5.17307E-2 7.63104E-2 7.79665E-2 1.03164E-1 1.15947E-1 1.24889E-1 6.8233E-2 8.1693E-2 7.56559E-2 5.79081E-3
1.85763E-2 6.15724E-2 8.70945E-2 1.18193E-3 1.39492E-2 4.54245E-2 8.33199E-3 7.3564E-3 1.96955E-2 2.46594E-3 1.07937E-1 2.38946E-3 1.04133E-2 5.62955E-2 2.81796E-2 1.44945E-2 2.47779E-2 5.88849E-2 4.76193E-3 6.76364E-2 1.03395E-2 8.19512E-2 9.45971E-2 1.76551E-2 1.63525E-2 3.25843E-2 6.83649E-2 7.03567E-3 6.47406E-2 5.67437E-2 1.97341E-3 8.18786E-2 2.89622E-2 6.49063E-3 2.06104E-2 2.02318E-2 1.11158E-1 7.97735E-3 1.02828E-1 1.28215E-2 7.71595E-2 6.12437E-2 2.3488E-2 5.43853E-2 6.3029E-2 5.17227E-2 6.08698E-2 1.27121E-1 1.56999E-1 4.6353E-2 3.49337E-2 1.37886E-1 3.4069E-2 5.7775E-2 2.03694E-2 4.30134E-2 8.36338E-2 9.74665E-2
