outputs/pantheraTigris_1.asc
ncols         290
nrows         290
xllcorner     68.0
yllcorner     8.0
cellsize      0.1
NODATA_value  -9999
[rows 156 to 181 of 290, columns 0 to 57 of 290]
-9999 -9999 -9999 -9999 -9999 3.21554E-1 2.02184E-4 8.2721E-2 1.10209E-7 3.09564E-5 3.16168E-2 9.37537E-2 3.50337E-1 7.85592E-1 9.44574E-1 3.91988E-1 1.39686E-1 4.05579E-1 9.23687E-3 2.22233E-3 4.45191E-3 7.2335E-2 1.89111E-2 4.14716E-1 1.91759E-2 1.12424E-1 1.24124E-1 3.55732E-1 1.33455E-1 2.43968E-1 1.07705E-1 2.95391E-3 4.19202E-1 1.97056E-1 1.95489E-2 3.87083E-1 3.08686E-2 3.09987E-1 4.4532E-1 2.20942E-1 2.01123E-1 2.67331E-1 6.87715E-1 6.89241E-1 8.31627E-1 8.42882E-1 7.32365E-1 6.62156E-1 1.3174E-1 8.43477E-1 7.94843E-1 9.67766E-2 1.12673E-1 8.15753E-1 6.80997E-2 8.35834E-1 2.70065E-1 7.65119E-2
-9999 -9999 4.23534E-2 7.71794E-3 -9999 -9999 9.41659E-3 5.85008E-3 3.97968E-3 2.47783E-2 4.23385E-3 3.08128E-1 5.21869E-1 7.69749E-1 1.17622E-2 4.42146E-1 2.51081E-1 1.5416E-3 1.5257E-3 3.16182E-2 3.6374E-5 5.39737E-2 1.87643E-2 1.81141E-2 3.99291E-1 3.88766E-1 4.46038E-3 2.96691E-2 1.39557E-2 3.23039E-1 1.12963E-2 1.39756E-1 9.76424E-2 1.34892E-2 2.82315E-1 4.0145E-2 1.71525E-1 4.48541E-1 1.72072E-1 2.529E-2 7.74927E-1 1.35174E-1 3.96842E-1 1.90887E-1 1.70898E-1 5.36923E-1 7.93069E-1 9.77058E-1 4.53289E-1 7.94585E-1 5.20557E-1 5.00308E-1 7.56529E-1 7.07715E-1 8.13548E-1 8.49947E-2 8.67511E-1 5.17806E-1
-9999 9.52717E-3 3.28927E-1 8.92001E-3 1.41124E-1 4.79424E-2 -9999 3.65127E-2 5.29027E-1 4.90355E-4 4.59929E-2 1.31461E-2 2.94086E-1 3.2633E-4 4.81197E-1 8.9353E-1 2.40987E-4 7.14072E-3 3.92491E-2 4.83147E-1 2.40414E-2 2.03007E-1 6.52134E-1 7.38326E-2 1.86029E-1 9.76915E-2 4.54317E-4 3.90506E-1 6.29137E-2 9.61176E-3 2.67601E-1 3.74867E-1 2.88925E-1 1.86134E-2 1.02148E-2 3.10873E-3 1.80422E-1 1.54705E-1 2.05009E-1 4.73704E-2 9.76876E-1 4.90586E-1 5.1522E-2 3.51937E-1 9.21191E-2 3.22802E-1 3.43877E-2 7.7426E-1 6.56745E-1 7.86783E-1 8.22155E-2 9.72979E-2 5.24128E-1 5.26969E-1 7.63303E-1 7.14267E-1 8.21104E-1 4.99152E-1
2.05431E-3 6.7045E-2 1.30425E-2 5.98509E-3 6.24479E-1 -9999 6.01534E-1 3.1515E-2 5.14452E-3 6.02436E-2 4.03253E-8 1.87625E-1 1.82511E-3 7.29153E-2 1.82293E-1 1.4831E-1 5.61546E-2 5.3594E-1 6.62266E-2 1.81783E-2 4.36155E-2 2.71644E-1 2.38272E-1 1.36114E-1 3.02494E-3 8.4059E-2 4.96886E-5 3.04251E-1 9.96312E-2 3.33953E-2 4.27807E-1 6.77905E-2 1.53779E-1 6.9274E-3 2.56756E-1 2.60753E-1 1.81849E-1 3.04763E-1 4.53509E-1 1.80228E-1 2.21062E-1 5.56714E-1 7.74933E-1 4.56447E-1 6.33395E-1 5.01443E-1 6.19354E-1 2.77643E-1 4.3707E-1 6.38393E-1 5.16547E-2 7.38372E-2 5.62665E-2 6.20533E-1 8.67252E-1 7.8238E-1 1.10345E-1 8.79961E-1
2.38746E-5 1.36433E-2 2.20628E-1 2.79864E-6 3.21868E-1 6.98467E-2 6.4235E-4 1.0519E-1 3.52455E-1 3.40994E-1 4.12737E-1 9.83538E-2 2.28741E-2 2.42804E-1 1.4031E-4 1.96925E-2 1.02169E-3 6.35741E-3 8.07717E-2 2.5535E-1 2.49641E-1 1.8587E-5 2.92394E-1 1.30133E-2 7.47418E-4 9.41207E-4 3.11594E-1 7.05656E-3 1.19047E-2 1.27916E-2 7.5273E-4 1.72891E-4 2.60675E-2 2.50528E-1 4.46333E-2 5.64165E-2 2.28117E-1 3.0955E-1 2.63233E-1 3.02815E-1 2.4713E-2 3.80058E-1 8.7814E-1 9.70342E-2 1.03029E-1 8.69093E-2 7.07464E-1 6.593E-1 4.49318E-1 4.56156E-1 5.0037E-2 3.17422E-1 6.47165E-2 8.31543E-1 8.15242E-2 4.78553E-1 5.23597E-1 9.25391E-1
5.81355E-5 3.83651E-1 1.06058E-1 2.67016E-2 6.52376E-2 5.65157E-4 4.13658E-1 2.44614E-1 2.99073E-1 3.93E-1 2.33128E-1 1.83424E-1 1.40054E-2 1.10897E-1 4.45951E-2 1.82311E-3 5.64154E-1 8.04288E-5 8.82261E-2 1.24677E-2 9.78397E-6 1.33708E-3 3.34813E-2 2.69364E-1 1.33642E-1 1.35062E-3 3.56235E-1 5.29388E-3 1.03864E-1 1.91922E-1 2.88177E-1 1.07284E-2 2.1755E-1 6.42037E-2 2.16812E-1 6.44748E-2 1.90257E-1 1.276E-2 2.8341E-1 7.12117E-1 3.0425E-1 6.29443E-1 4.24242E-2 7.84897E-1 1.32088E-1 7.52357E-1 6.76148E-1 4.92381E-2 7.50458E-1 2.27176E-1 8.59788E-1 7.54709E-1 7.79657E-1 2.99512E-2 1.29527E-1 6.19279E-1 7.18679E-1 5.51092E-1
2.11292E-2 1.55189E-5 5.62015E-1 5.10236E-1 1.46557E-1 1.86667E-2 6.3271E-5 7.0299E-1 1.30749E-3 5.03965E-4 1.42212E-5 3.35673E-2 5.24399E-1 6.66357E-1 1.0125E-1 4.39645E-2 1.80786E-1 5.0947E-1 5.34305E-4 7.01692E-2 4.45227E-1 2.73678E-4 3.54547E-1 9.5594E-2 2.19603E-3 2.5026E-2 3.75407E-2 2.37365E-1 9.56508E-5 1.38389E-1 9.6695E-3 3.84052E-1 2.38296E-1 3.78387E-2 3.05921E-1 5.47722E-3 3.53484E-1 3.77092E-1 2.04477E-2 3.63167E-2 6.55753E-1 3.48882E-2 2.68751E-2 1.86786E-1 2.36514E-1 6.31182E-1 7.58961E-2 8.50457E-1 8.95899E-1 9.84522E-1 9.93091E-2 2.36667E-1 9.16668E-1 4.0933E-1 7.60627E-1 7.39838E-1 6.83068E-1 3.46242E-1
9.36847E-1 7.09282E-1 1.65263E-1 4.66285E-2 2.82104E-2 1.61995E-1 2.01867E-3 1.22021E-6 1.56093E-3 1.19347E-1 4.6167E-6 2.45857E-7 2.04934E-1 8.87294E-2 1.90045E-2 1.77511E-2 1.99967E-1 2.105E-3 1.24374E-2 4.12346E-2 1.16302E-1 2.35316E-1 6.29371E-4 1.17945E-2 1.02913E-1 2.22939E-3 3.90476E-2 1.62703E-1 2.83569E-1 4.92439E-3 2.72899E-1 1.58371E-2 1.71008E-2 3.62184E-1 3.58259E-1 1.37932E-1 6.71329E-2 1.4428E-1 2.46545E-1 1.73691E-1 3.55524E-2 5.33409E-1 3.81883E-1 7.89862E-2 8.4145E-1 6.90867E-1 6.99378E-1 8.7831E-1 9.00153E-1 8.07021E-1 6.25785E-1 4.12188E-1 8.82389E-2 3.98233E-1 2.5872E-1 6.49007E-1 5.18959E-1 7.68868E-1
9.12148E-1 2.13073E-4 8.17846E-4 5.22021E-2 2.35673E-2 7.31507E-2 3.96585E-1 1.58351E-2 4.9682E-1 6.20104E-1 1.053E-1 2.70224E-2 1.43208E-1 2.39647E-3 4.69783E-2 2.39536E-5 1.61567E-2 2.77233E-3 1.85449E-4 2.22286E-6 2.60404E-4 3.51038E-1 5.26261E-3 3.96729E-3 9.72756E-3 1.71564E-2 3.9921E-2 2.69722E-2 1.69746E-2 2.36012E-2 1.51672E-1 1.01394E-2 4.39292E-4 5.79345E-2 1.4186E-1 4.87899E-1 9.62523E-1 3.3364E-1 2.62002E-2 1.87823E-2 2.08425E-1 3.25383E-1 8.22801E-1 5.0417E-1 7.48617E-1 7.50555E-2 7.94742E-1 9.01745E-1 9.16758E-1 6.12144E-1 7.38246E-1 6.06538E-1 4.02974E-2 8.54695E-1 9.2082E-2 5.95004E-1 6.52652E-1 7.47609E-1
6.65919E-1 5.05293E-3 3.0066E-1 7.55227E-1 3.55446E-1 7.69898E-1 8.46083E-2 5.54678E-2 4.58929E-1 4.06762E-1 8.83223E-1 8.53371E-2 1.84535E-1 1.86279E-4 3.76924E-1 2.48842E-2 7.81862E-2 2.44938E-2 3.92413E-5 3.84605E-2 9.41154E-2 3.73733E-1 1.90394E-5 1.83349E-1 2.67624E-1 9.33964E-2 9.41367E-2 1.32837E-1 3.54203E-1 7.60456E-3 4.76981E-2 2.22818E-1 4.38946E-2 3.50582E-1 3.82258E-1 6.97466E-1 9.65472E-1 1.2375E-1 5.18732E-1 1.30052E-1 2.87481E-1 6.21919E-1 4.89432E-1 9.82532E-1 3.8528E-1 1.08714E-1 1.01865E-1 6.74573E-1 6.68456E-1 7.81345E-1 4.8778E-1 8.0626E-2 2.23842E-1 6.54082E-1 7.44749E-1 6.92293E-1 7.86004E-1 6.44196E-1
4.61567E-1 3.86163E-1 1.33506E-3 4.47302E-4 1.42942E-1 5.75849E-1 1.17571E-1 3.55173E-1 7.37318E-3 6.0303E-1 4.92865E-1 5.06497E-1 6.19861E-3 1.71739E-4 4.20183E-1 1.57653E-2 3.57769E-1 7.18549E-2 1.45156E-2 1.19529E-2 2.59794E-2 7.50477E-3 1.01591E-2 5.31765E-2 4.44272E-2 5.4243E-1 2.23888E-2 8.17648E-3 4.00383E-1 5.84553E-2 2.42681E-1 1.12441E-2 1.79926E-1 2.20384E-2 2.54997E-1 6.36812E-2 2.02136E-1 3.20311E-1 2.0058E-2 2.76912E-1 1.28273E-1 4.85424E-1 9.73398E-1 3.44861E-1 7.91058E-1 2.85921E-1 7.80623E-2 8.11926E-1 7.4017E-1 4.44034E-1 9.18778E-1 5.88011E-1 8.18591E-1 7.98023E-1 8.57362E-1 8.81577E-1 9.08125E-2 3.82444E-1
8.38495E-4 7.21505E-2 3.86494E-1 5.06604E-1 5.35592E-1 3.62878E-1 9.84827E-3 1.92675E-1 2.71138E-1 8.12786E-3 8.91135E-1 1.71511E-1 1.24961E-2 1.40132E-3 5.6644E-2 3.44082E-2 1.29637E-1 8.8061E-3 1.33341E-2 1.27682E-4 1.2472E-2 1.40333E-2 1.52215E-2 1.85779E-2 2.25861E-1 1.68239E-2 6.08117E-3 2.72246E-1 2.76295E-1 5.1453E-2 2.16937E-2 8.31703E-2 1.35567E-2 1.96199E-1 1.52358E-1 7.60163E-3 4.2248E-2 3.265E-1 1.02846E-1 2.80871E-1 3.94065E-1 3.07696E-1 2.98382E-1 1.42846E-1 8.8893E-1 7.90065E-1 8.322E-1 7.66233E-1 7.27477E-1 9.08638E-1 4.94604E-1 6.93257E-1 9.30563E-1 5.19936E-1 5.04421E-1 5.77578E-1 5.42522E-1 4.67768E-1
4.70581E-6 1.84278E-1 3.09577E-1 3.18301E-1 4.64267E-2 1.24023E-2 4.96454E-3 3.96139E-3 2.0811E-2 4.44477E-1 3.90902E-1 5.17852E-1 3.45647E-1 1.62556E-2 2.2487E-3 2.14751E-2 6.99023E-4 7.75346E-2 1.75075E-1 1.08635E-4 3.66661E-2 1.49475E-2 1.03002E-2 2.35727E-1 1.09041E-1 4.93562E-2 1.01731E-2 2.83887E-1 2.73454E-1 1.2183E-2 3.52943E-2 2.4045E-2 9.8266E-3 1.02168E-1 1.30057E-1 8.85107E-2 2.26448E-1 3.40612E-1 5.28928E-1 1.44844E-1 2.17478E-1 1.05271E-1 4.03357E-1 6.90692E-2 9.46872E-1 3.36768E-1 7.34949E-1 9.61566E-2 1.05132E-1 1.6052E-1 5.45429E-1 7.54242E-1 6.89497E-1 8.27757E-1 5.28065E-1 2.34192E-1 7.93733E-1 1.51991E-1
1.27718E-2 4.03295E-1 1.77952E-3 1.59315E-1 6.52564E-2 1.66221E-1 1.71777E-2 2.54467E-2 3.73011E-1 5.75926E-1 4.41249E-1 9.62399E-1 2.09524E-1 1.77832E-2 3.78694E-2 2.84544E-2 9.51476E-2 7.80967E-5 1.28213E-2 3.2746E-2 2.849E-1 2.74679E-2 3.48152E-1 7.63964E-2 1.37809E-2 7.8058E-4 1.11834E-1 3.15781E-1 7.79741E-2 1.4797E-2 1.52372E-1 1.94953E-1 3.35672E-2 5.08056E-2 7.27191E-2 2.05855E-1 7.67379E-1 3.02652E-1 3.53343E-1 1.9115E-1 6.10743E-1 6.45537E-1 9.52127E-1 7.15011E-2 1.26539E-1 5.85735E-1 7.54815E-1 9.28542E-1 1.59744E-1 8.56784E-1 8.13463E-1 1.52255E-1 6.90748E-2 5.82844E-1 6.50684E-1 1.7448E-1 2.16029E-1 2.63984E-1
3.98335E-1 1.15324E-1 6.83139E-2 3.24273E-1 5.98242E-2 1.02779E-2 2.66304E-2 5.12892E-3 1.34562E-1 3.07966E-1 1.76856E-1 2.02862E-1 3.19667E-1 6.16507E-3 2.33903E-3 3.1808E-3 2.33806E-2 2.07286E-2 1.16484E-1 2.16431E-1 1.4099E-1 1.42137E-1 9.98149E-3 1.77997E-2 2.45427E-2 5.20854E-2 1.14746E-3 4.34898E-1 8.46807E-4 1.28956E-1 1.15551E-2 5.90541E-3 9.32469E-3 3.62564E-1 8.39579E-3 6.90522E-2 1.13836E-1 5.75713E-2 1.65428E-1 6.52952E-2 2.81848E-2 1.65601E-1 9.22197E-1 1.78028E-1 4.93164E-1 3.87289E-1 1.65004E-1 4.03399E-1 7.96809E-1 8.85091E-1 7.37363E-1 6.72959E-1 5.27608E-1 8.33936E-1 8.21719E-1 6.57919E-1 8.25034E-1 5.34332E-1
1.99166E-1 4.74804E-2 8.29779E-5 5.83065E-4 2.48124E-2 1.78295E-1 2.6315E-3 1.79532E-1 1.44726E-1 4.34769E-1 5.33888E-1 7.57477E-2 2.49346E-2 5.07369E-1 8.13296E-2 2.54003E-1 7.04156E-1 5.02345E-1 1.62574E-2 1.35596E-1 4.42513E-2 2.35595E-4 2.32876E-2 2.29081E-2 3.06866E-1 1.76692E-2 3.23671E-1 9.08672E-4 4.75164E-4 1.23944E-1 4.12958E-1 3.23985E-3 8.64869E-2 1.92082E-1 2.54158E-1 5.23611E-2 8.6108E-2 2.66821E-1 1.15276E-1 2.40593E-1 2.88637E-2 1.64222E-1 8.46768E-1 7.85223E-1 3.33877E-1 2.22199E-1 9.92755E-1 3.97919E-1 7.27217E-1 4.60444E-1 4.26822E-1 1.16815E-1 8.84009E-1 8.25131E-1 7.12658E-1 7.2475E-1 7.15534E-1 7.82642E-1
1.71788E-6 1.06868E-1 1.54933E-1 3.62003E-1 4.8591E-4 1.85755E-1 1.88388E-3 1.5071E-2 3.83888E-3 2.24563E-2 3.58766E-1 1.44335E-2 2.50294E-2 2.17392E-2 1.21017E-1 4.61854E-1 1.70946E-1 1.66398E-1 4.14968E-3 1.83408E-2 1.68764E-3 1.53756E-1 1.91849E-4 1.03065E-2 2.6552E-1 3.45943E-4 1.1975E-1 4.44186E-3 8.83687E-3 3.09071E-1 5.58862E-2 1.94255E-2 4.9237E-2 1.17859E-2 1.04044E-1 6.82021E-3 1.02689E-2 7.2612E-3 1.49044E-3 1.85391E-1 1.85041E-2 8.83124E-2 9.72776E-1 8.03412E-1 2.40895E-1 4.34266E-1 5.37346E-1 3.17466E-1 6.00669E-1 5.11005E-1 5.31866E-2 9.81492E-2 7.63257E-1 3.77702E-1 9.27561E-1 6.86131E-1 6.28506E-1 8.43083E-1
9.15397E-2 2.29974E-1 2.38619E-1 1.20954E-2 3.15468E-1 2.27689E-3 1.86617E-2 1.90184E-1 3.78979E-2 3.88059E-3 7.01413E-2 1.02482E-1 2.21869E-1 4.05655E-3 2.49583E-2 2.97888E-1 1.67864E-2 2.45902E-1 2.56898E-3 4.1798E-1 1.15542E-2 1.61662E-1 1.49991E-1 1.81391E-2 1.40504E-1 1.7396E-3 6.52266E-3 2.99335E-3 3.23413E-1 1.6976E-3 2.20242E-3 1.07709E-2 2.43876E-1 8.34005E-2 9.03688E-2 1.79964E-1 6.7391E-3 1.94169E-2 2.298E-2 1.98659E-1 1.74388E-1 7.13862E-1 4.70618E-1 2.42736E-1 7.13705E-1 8.44744E-1 8.14122E-1 8.26086E-1 2.53902E-1 1.26832E-1 1.63509E-1 6.32663E-1 8.30076E-1 8.05265E-1 3.93498E-1 4.84831E-1 5.10068E-1 5.24756E-1
2.36755E-1 1.2382E-1 9.17992E-3 2.42367E-1 1.53206E-2 1.85101E-3 1.86534E-1 4.14764E-2 1.45764E-2 5.08403E-2 2.28288E-2 7.28341E-3 1.56654E-1 2.19783E-1 3.53124E-1 2.47556E-1 5.64005E-1 2.93595E-2 3.09081E-1 1.16042E-2 1.37841E-2 5.482E-3 1.67761E-2 1.10932E-2 2.39732E-1 1.10424E-1 2.2847E-1 7.3489E-2 1.42011E-1 3.8164E-1 1.59057E-2 1.12877E-1 3.81587E-2 3.8107E-1 4.9353E-3 1.55301E-1 2.37197E-1 8.72126E-2 7.43949E-2 5.19307E-2 7.2936E-2 1.33784E-1 1.54934E-2 6.00937E-1 7.8459E-2 4.04536E-1 4.58429E-1 5.7746E-1 3.98685E-1 3.59433E-1 4.0779E-2 9.59003E-2 8.88177E-1 9.30676E-1 1.61248E-2 3.5423E-1 3.75558E-1 5.48855E-1
1.44592E-1 5.38321E-5 1.56431E-2 2.42196E-1 1.28711E-3 5.54404E-1 2.87692E-1 4.06057E-2 3.18546E-1 3.38576E-2 5.47382E-3 2.41936E-2 2.73992E-3 4.65677E-2 1.28818E-1 1.45557E-1 1.06746E-1 1.3945E-1 2.60061E-2 2.31188E-2 1.09784E-3 9.00437E-2 1.42836E-1 3.87241E-2 2.45372E-1 2.43184E-1 4.47359E-2 5.76758E-3 1.85503E-1 3.15599E-2 5.41982E-2 3.66377E-3 1.70244E-2 1.96076E-2 1.04894E-2 2.4647E-2 3.94943E-1 3.54057E-1 1.8768E-2 1.47691E-1 1.23997E-1 1.92985E-2 1.6108E-1 3.76571E-1 5.86318E-2 1.05008E-1 5.80273E-1 1.61065E-1 9.31356E-2 2.00399E-1 5.93737E-1 6.4965E-1 3.02857E-1 3.51876E-1 7.38827E-1 1.42163E-1 2.88379E-1 1.42541E-1
9.12836E-5 1.22756E-2 7.53836E-5 1.12025E-1 3.49257E-1 1.82779E-1 5.56634E-1 3.47999E-1 7.38915E-3 2.29154E-2 6.44732E-1 3.32761E-2 2.38541E-2 3.09967E-2 2.50536E-1 5.25209E-1 1.62339E-1 4.16601E-1 1.73754E-3 1.37183E-2 1.77972E-2 2.17771E-1 1.19085E-2 2.97156E-3 1.85654E-2 1.60668E-3 8.8931E-3 1.17429E-2 2.12573E-2 1.37217E-2 4.55044E-2 4.19976E-1 2.45294E-3 4.27186E-1 1.30258E-1 1.65857E-1 6.91917E-2 1.01877E-1 3.01877E-1 9.21431E-3 2.9006E-2 1.55292E-2 1.58574E-1 2.07984E-2 5.47644E-2 4.18017E-1 9.68508E-1 2.57752E-1 4.18636E-1 2.93715E-1 3.46222E-2 3.00943E-1 6.54669E-1 7.83547E-1 5.41917E-1 3.29894E-1 1.433E-1 4.50053E-1
2.81146E-1 2.11017E-1 1.43067E-2 1.52527E-4 2.70835E-2 4.89223E-1 2.35551E-1 7.36436E-4 1.80295E-1 1.90743E-1 3.70261E-1 3.16889E-2 2.88542E-1 1.79603E-1 1.32474E-1 6.76427E-1 1.90336E-3 2.35501E-1 1.93476E-1 3.67629E-3 6.78311E-2 3.9192E-3 9.23989E-2 4.95404E-1 2.29537E-1 1.18333E-2 1.24483E-2 4.79721E-1 1.17282E-2 8.66604E-3 1.94849E-2 7.38485E-2 1.40302E-1 1.82004E-1 1.52811E-2 2.07815E-2 7.52998E-3 4.03576E-4 1.61104E-1 8.02245E-2 1.91405E-2 1.03235E-2 5.48799E-2 1.01594E-2 3.9711E-1 4.32913E-1 6.30939E-2 4.32735E-2 3.45623E-1 3.98365E-1 4.0541E-1 3.5448E-1 9.04074E-1 4.26613E-1 7.84368E-1 4.83092E-1 2.15221E-1 5.0684E-1
7.18472E-3 2.57034E-1 3.11626E-1 2.25141E-1 2.68843E-4 5.23715E-2 3.22602E-1 6.42061E-1 2.36592E-2 2.07086E-2 2.54316E-2 5.61228E-1 5.4311E-1 7.24426E-1 9.1702E-2 2.43412E-1 4.6427E-3 8.18472E-4 9.20624E-4 5.12756E-1 2.06171E-2 5.01307E-1 4.37364E-1 8.86968E-3 2.46613E-1 6.39326E-2 1.42235E-1 1.32662E-2 1.75045E-2 3.25253E-1 3.05553E-3 6.15492E-2 5.82781E-2 3.06132E-1 3.24652E-1 1.72776E-2 2.67835E-1 5.77952E-2 3.21782E-2 3.93348E-2 3.40018E-1 3.73522E-1 5.39194E-1 3.02189E-2 8.78364E-3 1.48077E-2 8.69232E-2 9.94024E-4 2.0707E-1 6.67239E-1 6.84109E-1 3.01481E-1 1.50469E-2 1.12769E-1 9.53807E-1 8.64654E-1 9.39592E-1 7.60494E-1
3.03241E-1 1.63012E-1 6.00855E-1 2.35973E-1 4.93485E-2 3.45086E-1 1.7578E-2 6.78007E-2 1.36473E-1 2.36387E-1 6.03284E-2 1.9032E-1 3.93143E-1 2.61439E-3 2.57413E-2 4.72779E-3 1.88563E-2 4.62099E-2 4.78063E-2 5.41981E-3 1.68665E-1 1.17271E-2 5.30796E-1 1.90783E-2 1.24019E-1 3.59663E-2 8.76023E-2 5.20664E-1 3.0312E-3 4.71137E-1 7.29678E-2 1.02232E-2 3.85692E-2 1.19471E-2 1.50586E-1 1.72881E-1 5.70558E-2 4.1268E-1 6.66036E-2 7.94416E-2 1.18204E-3 1.06757E-2 5.13038E-1 1.18524E-2 4.46293E-2 9.01051E-2 2.15006E-1 2.4536E-1 2.71109E-2 8.31891E-2 3.00678E-2 4.31073E-1 1.81825E-1 6.06291E-1 2.19261E-1 3.74657E-1 1.40587E-1 3.69665E-2
2.48139E-1 3.99603E-1 3.85572E-1 4.62079E-3 1.63304E-1 2.9932E-1 1.57542E-1 1.18215E-1 3.74559E-1 1.47084E-1 2.76011E-1 3.16399E-2 1.2658E-1 2.2332E-2 8.62057E-1 1.08452E-2 6.58788E-2 1.23707E-1 6.91964E-3 1.15908E-1 3.22656E-1 1.12302E-3 2.39251E-2 1.29893E-1 1.74738E-2 1.68209E-2 4.96263E-1 6.33003E-2 1.27335E-2 8.79969E-2 1.97568E-2 2.03191E-1 1.91626E-1 8.06569E-3 8.68865E-3 2.25868E-2 4.91876E-3 6.65019E-3 2.05367E-1 4.08839E-4 1.73579E-1 1.07986E-2 1.13574E-2 4.4055E-4 5.49282E-1 1.21444E-2 7.39524E-2 6.96014E-2 4.73456E-2 2.21278E-2 3.17448E-2 2.66641E-1 4.55443E-1 2.20893E-2 3.21222E-1 4.69305E-1 5.87718E-1 9.0557E-1
5.76907E-2 4.69212E-3 2.09968E-1 2.04687E-1 7.68215E-2 1.31299E-1 2.16201E-2 1.56163E-2 2.01353E-2 2.31482E-1 1.99565E-1 3.52995E-1 3.54118E-1 2.31711E-1 1.38402E-1 2.71879E-5 4.53495E-1 1.16558E-1 6.86557E-3 1.26504E-2 3.95995E-1 2.00717E-1 3.40236E-1 5.33788E-2 5.19366E-2 2.6932E-1 3.62092E-1 2.10364E-2 1.66291E-2 2.428E-1 4.90329E-2 2.40171E-1 1.17352E-1 3.04731E-1 8.33803E-2 1.43425E-1 1.85865E-2 5.76021E-2 3.4957E-1 5.95734E-3 3.67994E-3 1.13418E-2 2.23955E-3 1.52817E-1 1.56338E-1 5.38994E-2 2.31591E-1 5.70871E-1 7.65262E-2 1.88081E-2 2.45727E-1 9.6931E-2 1.32658E-1 1.20435E-1 5.2891E-1 3.35077E-1 2.52286E-1 6.80467E-1
