outputs/pantheraTigris_median.asc
ncols         290
nrows         290
xllcorner     68.0
yllcorner     8.0
cellsize      0.1
NODATA_value  -9999
[rows 52 to 77 of 290, columns 58 to 115 of 290]
-9999 -9999 -9999 -9999 -9999 -9999 -9999 -9999 -9999 -9999 1.33418E-1 1.04518E-1 1.9429E-1 2.37254E-2 1.6756E-2 1.73261E-1 1.99016E-1 2.94582E-1 1.64026E-1 3.24261E-1 2.52612E-1 6.87281E-1 5.56974E-1 6.04693E-1 6.10943E-1 1.69411E-1 4.95907E-1 5.60207E-1 1.68554E-1 3.2296E-1 7.81085E-1 6.49144E-1 4.92503E-1 4.05187E-1 7.32912E-2 4.32077E-1 3.87361E-1 4.74661E-1 5.86171E-1 1.21535E-1 2.72581E-1 1.44274E-1 1.91313E-1 2.25873E-1 3.51998E-1 1.93904E-1 6.29823E-1 1.74011E-1 5.37722E-1 5.28616E-1 4.44206E-1 3.31557E-1 5.97085E-1 2.34218E-1 8.8604E-2 1.49609E-1 5.07882E-1 6.06462E-1
-9999 -9999 -9999 -9999 -9999 -9999 -9999 -9999 -9999 -9999 5.48439E-1 1.04219E-1 4.64484E-1 7.28049E-2 1.12516E-1 1.26797E-1 2.79374E-1 7.41282E-1 6.04317E-1 2.86726E-1 8.26814E-2 5.24396E-1 3.95467E-1 4.17475E-1 7.75791E-1 7.48707E-1 4.61689E-1 6.12246E-1 5.30687E-1 7.50874E-1 7.86123E-1 6.75437E-1 3.28385E-1 6.54261E-2 7.81045E-1 4.87897E-1 6.45139E-1 5.62959E-1 3.06465E-1 8.31932E-3 4.38878E-1 2.37093E-1 5.58353E-3 6.61546E-1 7.23519E-1 2.98757E-1 2.93438E-1 3.74747E-1 2.83974E-1 8.73153E-1 6.08407E-1 8.87538E-1 8.87106E-1 4.36191E-1 4.09303E-1 7.49081E-1 3.29138E-1 7.82336E-1
-9999 -9999 -9999 -9999 -9999 -9999 -9999 -9999 -9999 -9999 2.42371E-1 1.08678E-1 1.85509E-1 5.72382E-2 9.8326E-2 1.96437E-1 4.12579E-2 5.30117E-1 6.94162E-1 3.88767E-1 6.87048E-1 2.73387E-1 6.82235E-1 6.67757E-1 5.68938E-1 2.78517E-1 8.39174E-1 2.16049E-1 6.75784E-1 2.74891E-1 4.5168E-1 6.38828E-1 3.84343E-1 7.02633E-1 7.67838E-1 7.55598E-1 4.42202E-1 6.11018E-1 7.74324E-1 3.35588E-1 2.07655E-1 2.83303E-1 1.32293E-1 4.23995E-1 3.97774E-1 4.72918E-1 4.92976E-1 4.4275E-1 3.75062E-1 3.66839E-1 7.62748E-1 3.18206E-2 3.56358E-1 9.17075E-1 9.14051E-1 6.31244E-1 7.6319E-1 8.29658E-1
-9999 -9999 -9999 -9999 -9999 -9999 -9999 -9999 -9999 -9999 4.0905E-1 9.26813E-2 6.18739E-2 1.4107E-1 7.10204E-2 1.32672E-1 2.18913E-1 5.22279E-1 2.15532E-1 4.09628E-1 6.22944E-1 7.67238E-1 6.78081E-2 4.3295E-1 6.35981E-1 9.07917E-1 6.69642E-1 7.51301E-1 1.13706E-1 8.78513E-1 6.8861E-1 9.75347E-2 8.34255E-1 2.28167E-1 6.8509E-1 7.66392E-1 5.536E-1 1.30803E-1 8.99204E-1 7.37841E-1 7.3547E-1 5.89548E-1 7.5423E-1 2.99085E-1 1.14798E-1 4.77034E-1 6.58812E-1 5.27964E-1 3.7377E-1 4.34498E-1 7.15531E-1 8.40204E-1 4.38023E-1 6.78436E-1 8.44963E-1 5.57772E-1 9.98029E-1 6.05745E-1
-9999 -9999 -9999 -9999 -9999 -9999 -9999 -9999 -9999 5.29853E-1 1.00391E-1 4.07629E-1 1.2091E-1 8.1164E-2 1.88243E-1 2.25202E-1 3.81679E-1 7.18932E-1 6.52287E-1 4.30245E-1 2.91905E-1 6.03004E-1 6.82944E-1 4.28584E-1 4.93814E-2 2.99422E-1 3.41356E-1 3.8368E-1 1.04272E-1 3.83072E-1 3.73962E-1 3.21563E-1 3.34067E-1 2.32282E-1 3.62914E-1 6.27609E-1 4.53594E-1 2.7865E-1 7.67906E-1 5.44859E-2 5.33723E-1 6.55225E-1 3.84465E-1 6.20049E-1 6.27019E-1 5.01004E-1 7.77072E-1 6.53943E-1 5.13418E-1 4.73991E-1 5.12955E-1 2.85336E-1 8.33451E-1 7.3292E-1 5.54337E-1 6.34141E-1 6.9231E-1 8.80763E-1
-9999 -9999 -9999 -9999 -9999 -9999 -9999 -9999 -9999 2.62381E-2 4.95432E-1 7.13761E-2 8.68868E-2 1.46478E-1 5.10428E-1 8.71326E-1 3.87883E-1 5.84966E-1 5.64019E-1 3.06778E-1 8.05671E-1 8.48642E-1 3.97505E-1 1.96168E-1 8.01095E-1 3.1531E-1 6.21153E-1 2.43986E-1 3.69355E-1 1.80452E-1 2.87875E-1 1.15594E-1 9.36087E-1 6.26221E-2 6.93491E-2 3.41365E-1 2.45213E-1 8.75492E-1 3.46811E-1 8.65469E-1 4.17282E-1 8.44781E-1 2.76434E-1 2.79093E-1 1.42652E-2 8.38197E-1 5.20568E-1 3.93299E-1 1.09674E-1 3.03584E-1 2.09634E-1 1.61976E-1 7.18134E-1 9.66914E-1 4.17566E-1 7.39799E-1 4.56392E-1 3.92669E-1
-9999 -9999 -9999 -9999 -9999 -9999 -9999 -9999 -9999 8.46878E-3 1.33851E-1 1.67598E-1 5.14807E-1 3.387E-1 5.19963E-1 6.32243E-1 5.04474E-1 4.13059E-1 4.98724E-1 6.07627E-1 6.421E-1 8.34863E-1 6.33839E-1 1.70059E-1 8.2265E-1 2.84878E-1 5.94755E-1 5.38201E-1 4.124E-1 5.9438E-1 7.4181E-1 5.35193E-1 3.71313E-1 8.2513E-1 6.61066E-1 6.38434E-1 2.66069E-1 4.60628E-1 6.97003E-1 8.07115E-1 8.15926E-1 6.58047E-1 2.92144E-1 3.55292E-1 6.58719E-1 7.22521E-1 6.6754E-1 5.10643E-1 5.24708E-1 7.20545E-2 7.42797E-1 5.66491E-1 9.57534E-1 8.90219E-1 3.26867E-2 4.30314E-1 9.30347E-1 9.61733E-1
-9999 -9999 -9999 -9999 -9999 -9999 -9999 -9999 -9999 1.01123E-1 3.3589E-2 3.43376E-1 1.86459E-1 3.67448E-1 3.64572E-1 6.27577E-1 4.23253E-1 4.50491E-1 5.2636E-1 6.84238E-1 5.91811E-1 6.3933E-1 2.95769E-1 2.43024E-1 5.73778E-1 4.71234E-2 7.14724E-1 3.08307E-1 1.59165E-1 1.55529E-1 7.57658E-2 3.85813E-1 7.92761E-1 8.2169E-1 4.75913E-1 2.95125E-1 4.29036E-1 4.81933E-1 8.90163E-2 8.95129E-1 3.07402E-1 6.62908E-1 7.86148E-1 3.91363E-1 4.13479E-1 8.43177E-1 4.74638E-1 3.00545E-1 4.77114E-1 9.00177E-1 9.16278E-1 7.44079E-1 7.18132E-1 6.94512E-1 5.84931E-1 5.49032E-1 5.50518E-1 9.07934E-1
-9999 -9999 -9999 -9999 -9999 -9999 -9999 -9999 5.39028E-3 4.58758E-2 3.57118E-1 5.44447E-1 2.93823E-1 9.62496E-2 3.52115E-1 1.86807E-1 4.43263E-1 2.61966E-1 1.16672E-1 8.67186E-1 6.31822E-1 5.83479E-1 4.42138E-1 6.7057E-2 5.06785E-2 8.11283E-1 8.30267E-1 1.91857E-1 2.27973E-1 2.03593E-1 3.66612E-1 9.67737E-1 4.68057E-1 3.42272E-1 5.71715E-1 4.17559E-2 3.45085E-1 5.2405E-1 4.42391E-1 6.56341E-1 3.60949E-1 4.26102E-1 4.5252E-1 1.92404E-1 5.23762E-1 4.64169E-1 4.60456E-1 5.06995E-1 3.54876E-2 7.2452E-1 3.93222E-1 3.32171E-1 9.16731E-1 8.57016E-1 5.7128E-1 9.71229E-1 6.61092E-1 8.98664E-1
-9999 -9999 -9999 -9999 -9999 -9999 -9999 -9999 1.69721E-1 5.9926E-2 2.75077E-2 3.96549E-1 5.95347E-1 1.46877E-1 4.29611E-1 4.24946E-1 6.81347E-1 3.8511E-1 4.10727E-1 1.1395E-1 7.70853E-2 5.20134E-1 6.47251E-1 2.27032E-1 7.49904E-1 3.00088E-1 6.68697E-1 5.68953E-1 4.92802E-1 2.81209E-1 5.13081E-1 3.76055E-1 2.79792E-1 5.09376E-1 2.51905E-1 4.10839E-1 4.35151E-1 1.599E-1 7.74472E-1 8.55098E-1 8.34782E-1 7.27093E-1 3.50883E-1 9.20425E-1 3.89792E-1 8.76112E-1 1.03558E-1 7.74729E-1 3.13694E-2 7.70453E-1 6.19704E-1 8.04904E-1 8.38579E-1 3.28741E-1 8.57347E-1 8.81432E-1 4.11081E-1 2.89602E-1
-9999 -9999 -9999 -9999 -9999 -9999 -9999 1.07051E-1 4.49361E-2 4.12031E-1 3.25816E-1 3.20491E-1 7.74918E-1 8.08009E-1 4.0783E-1 2.20218E-1 4.40968E-1 6.46821E-1 5.97232E-1 2.49678E-1 4.97754E-1 5.9212E-1 7.27746E-1 9.35134E-2 8.12734E-2 1.16567E-1 4.76598E-1 4.90587E-1 1.55205E-1 5.79811E-1 6.63508E-1 6.72454E-1 3.3639E-1 7.88239E-1 8.12532E-1 8.32024E-1 3.93472E-1 3.71706E-2 1.59984E-1 6.84499E-1 4.96401E-1 5.57E-1 7.2323E-1 2.91529E-1 1.0618E-1 8.75564E-1 5.92944E-1 6.71341E-1 8.84622E-1 7.24782E-1 4.52977E-1 5.13148E-1 3.8541E-1 9.59825E-1 9.59365E-1 8.86425E-1 2.67741E-1 7.66576E-1
-9999 -9999 -9999 -9999 -9999 -9999 -9999 1.86121E-1 1.2161E-1 4.5667E-1 4.18137E-1 3.50375E-1 7.76923E-1 4.84568E-1 3.28998E-1 2.9776E-1 7.63256E-1 5.89308E-1 2.05238E-1 5.12891E-1 1.73158E-1 7.0427E-1 8.53632E-2 3.26603E-1 2.35394E-1 8.0265E-1 1.09382E-1 4.84936E-1 2.39723E-1 7.72865E-1 6.46388E-1 5.21614E-2 1.13361E-1 6.99074E-1 2.96109E-1 8.06979E-1 1.04941E-1 1.78937E-1 1.19718E-2 5.48738E-1 7.59236E-1 4.19091E-1 4.05936E-1 7.03021E-1 4.26197E-1 5.91021E-1 9.66567E-1 9.18331E-1 1.42235E-1 5.86959E-1 3.11841E-1 8.07258E-1 2.45985E-1 7.90844E-1 6.01372E-1 8.79532E-1 1.05939E-1 2.67206E-1
-9999 -9999 -9999 -9999 -9999 -9999 9.83782E-2 1.44411E-2 1.85554E-1 1.89889E-1 5.90436E-2 7.52443E-1 5.98064E-1 5.19958E-1 8.83847E-1 1.19386E-1 2.36949E-1 1.94761E-1 1.91574E-1 6.98992E-1 8.67934E-2 6.51324E-1 7.90525E-1 8.41084E-1 8.50566E-1 1.79748E-1 2.09912E-1 2.70905E-1 4.06397E-1 2.90611E-1 1.97573E-1 7.42726E-1 7.45552E-1 2.80403E-1 3.55313E-1 3.36236E-2 8.27253E-1 6.21379E-1 1.27416E-2 4.20702E-2 8.75058E-1 6.26708E-1 3.16331E-1 5.73993E-1 3.95644E-1 6.23938E-1 9.37112E-2 9.67289E-1 9.60023E-1 7.85668E-1 8.03877E-1 9.19258E-1 9.15588E-1 5.75572E-1 6.93572E-1 5.72706E-1 6.75709E-1 8.81695E-1
-9999 -9999 -9999 -9999 -9999 -9999 1.6037E-1 1.11279E-1 1.79928E-1 3.55387E-2 4.59572E-1 5.09556E-1 7.98175E-1 2.64144E-1 6.39703E-1 7.26258E-1 2.20504E-1 6.61643E-1 1.37996E-1 9.12121E-1 6.70805E-1 4.22575E-1 5.61527E-1 6.01136E-1 4.84714E-1 6.11708E-1 7.96416E-1 4.43942E-1 6.75787E-2 5.44293E-2 4.20409E-1 7.61952E-1 7.77768E-1 4.01416E-1 1.04978E-1 5.05058E-1 3.64778E-1 3.58006E-1 2.38969E-1 4.66839E-1 6.09479E-1 3.68674E-1 5.47415E-1 2.63454E-1 2.25064E-2 3.31718E-1 7.48999E-1 6.40139E-1 6.45366E-1 3.14122E-1 8.75275E-1 7.13776E-1 8.63527E-1 9.83679E-1 4.10511E-1 9.16781E-1 5.13962E-1 9.82272E-1
-9999 -9999 -9999 -9999 -9999 -9999 2.87947E-1 1.0296E-1 3.84382E-1 1.36617E-1 3.40644E-1 8.21195E-1 9.41553E-2 8.9135E-1 2.26245E-1 3.36708E-1 1.96996E-1 1.41965E-1 7.89905E-1 7.53615E-1 6.46443E-1 6.26675E-1 8.64198E-1 5.83065E-1 7.47237E-1 7.01182E-1 6.18575E-2 2.13588E-2 2.6094E-1 2.33958E-1 5.24667E-1 2.12153E-1 8.49457E-1 6.38188E-1 2.49201E-2 1.65929E-2 2.36618E-1 4.2596E-1 4.75678E-1 6.5709E-1 3.02628E-1 7.00665E-1 3.83059E-1 2.07087E-1 1.34804E-1 1.8658E-1 6.17186E-2 6.74862E-1 1.05054E-1 7.13427E-1 8.73867E-1 9.57965E-1 8.00677E-1 6.65767E-1 3.80895E-1 3.1315E-1 2.15863E-1 5.55919E-1
-9999 -9999 -9999 -9999 -9999 2.36247E-1 1.93604E-1 6.01756E-2 3.74906E-2 6.35653E-1 5.49061E-1 5.10005E-1 4.87314E-1 7.8261E-1 8.16869E-1 7.17773E-1 7.95975E-1 8.05235E-1 6.1795E-1 7.54581E-1 8.32048E-1 6.94461E-1 7.69865E-1 4.66761E-1 7.7158E-1 1.934E-1 6.36424E-1 8.22814E-2 2.43236E-2 3.28752E-2 8.44497E-2 9.49122E-1 8.9673E-1 3.9695E-1 4.57543E-2 3.28924E-1 4.86299E-1 1.52006E-1 5.58043E-1 1.63651E-1 8.23488E-1 4.41485E-1 5.41626E-1 6.64696E-1 2.26328E-1 2.57746E-1 6.7929E-2 6.53941E-1 8.49503E-1 9.78646E-1 7.42117E-1 9.62573E-1 6.77529E-1 3.61216E-1 5.70726E-1 8.50714E-1 7.32424E-1 1.90855E-1
-9999 -9999 -9999 -9999 3.1464E-1 7.59708E-2 2.72662E-2 4.54493E-1 5.87342E-1 2.5658E-1 2.23433E-1 4.10988E-1 1.68407E-1 2.11312E-1 7.55394E-1 8.72205E-1 6.09935E-1 1.29587E-1 5.89663E-2 1.47766E-1 7.75882E-2 4.08354E-1 6.8968E-3 1.81563E-1 1.91539E-1 2.68498E-1 4.35138E-2 9.76996E-2 2.71818E-2 1.47483E-1 3.54449E-1 7.88478E-1 7.52219E-1 6.70885E-1 1.81288E-1 8.14678E-2 6.2364E-1 6.36633E-2 6.69923E-1 6.13688E-1 3.67637E-1 9.81239E-2 4.24359E-1 6.81499E-1 1.93589E-1 5.52241E-1 7.83336E-1 5.07782E-1 9.28873E-1 4.36804E-1 8.53741E-1 9.15566E-1 5.83908E-1 9.61219E-1 5.61949E-1 9.44693E-1 4.09038E-1 5.54563E-1
-9999 -9999 -9999 -9999 1.00422E-2 1.74803E-1 2.43329E-1 5.56543E-1 1.3666E-1 3.29498E-1 3.35515E-1 2.80177E-1 5.62449E-1 2.60687E-1 1.81656E-1 6.53591E-1 3.75007E-1 4.63325E-1 1.01332E-1 2.26629E-1 4.6068E-1 3.41922E-1 4.08751E-1 6.17668E-2 3.08813E-1 6.91006E-1 7.46037E-1 9.42281E-2 8.7848E-1 8.58692E-1 3.25333E-1 8.23147E-1 9.41015E-1 2.76837E-1 7.99682E-1 3.58593E-1 9.61995E-2 4.7601E-1 5.65672E-1 2.77145E-1 5.46689E-1 5.74403E-1 5.78506E-1 2.30809E-1 8.2283E-1 3.45728E-2 6.95514E-1 7.53325E-1 5.07398E-1 1.80433E-1 5.46462E-1 4.33516E-1 1.83792E-1 5.0981E-1 9.61443E-1 9.33343E-1 5.19996E-1 1.18731E-1
-9999 -9999 1.75743E-1 1.72111E-2 3.13086E-1 4.99601E-2 1.7373E-1 7.42205E-1 1.88812E-1 3.56785E-1 1.8254E-1 1.89442E-1 6.61689E-1 5.45602E-1 6.60161E-1 1.55996E-1 1.14469E-1 4.35361E-1 2.6432E-1 1.48298E-2 6.58381E-1 4.65362E-1 2.66056E-1 3.3856E-1 1.99916E-1 9.14405E-1 1.01448E-1 2.08069E-1 3.20469E-1 8.44339E-2 3.58433E-1 5.55873E-1 1.84828E-1 7.42411E-1 2.20004E-1 3.67929E-1 3.88181E-1 7.9879E-1 4.37475E-1 2.01631E-1 2.74462E-1 5.72588E-1 6.89968E-1 3.41786E-1 1.71115E-1 6.99498E-1 8.34602E-1 9.16404E-1 7.08567E-1 4.69806E-2 4.61162E-1 2.43975E-1 4.91164E-1 9.30467E-1 8.81434E-1 4.85823E-1 6.13027E-1 5.263E-1
-9999 -9999 1.1805E-1 9.04832E-2 4.34061E-1 8.61297E-2 2.84772E-1 6.56425E-1 1.1287E-1 3.67906E-1 2.76404E-1 6.72622E-1 7.85311E-1 7.20423E-1 4.11429E-1 7.4929E-1 4.89621E-1 1.9809E-1 1.28451E-1 2.3912E-1 2.48098E-1 4.60289E-2 1.2935E-1 6.3463E-1 2.84398E-1 6.04792E-1 5.7264E-1 8.77937E-1 8.61796E-1 6.75378E-1 5.74059E-1 3.33321E-1 7.41422E-1 2.27212E-1 1.56513E-1 4.34297E-2 3.38E-1 2.33617E-2 2.83017E-1 4.93194E-1 5.24629E-1 4.12091E-1 9.19974E-2 2.9031E-1 4.93491E-1 6.81149E-1 9.20276E-1 7.97088E-1 6.83491E-1 7.71435E-1 8.38462E-1 9.51366E-1 9.53636E-1 3.12888E-1 9.32834E-1 1.93144E-1 5.08048E-1 4.31754E-2
-9999 -9999 3.23025E-1 3.22215E-1 3.49446E-2 3.79717E-1 3.4452E-1 9.2702E-2 4.69895E-1 2.33931E-1 3.94752E-1 9.19362E-1 7.27442E-2 2.5561E-1 2.12891E-1 7.96916E-1 7.43096E-1 4.18776E-1 2.41344E-2 3.08935E-1 1.0346E-1 3.46033E-1 4.48533E-2 4.65816E-1 1.32599E-1 8.14752E-1 6.70067E-1 6.76189E-1 2.99222E-1 4.97032E-1 3.54017E-1 9.6266E-1 7.5713E-1 1.77187E-1 4.42051E-1 4.52759E-1 3.58763E-1 4.09246E-1 2.92756E-1 5.31601E-1 6.53975E-1 8.69964E-1 5.34082E-1 5.84068E-1 3.52887E-1 6.9477E-1 9.33382E-1 8.75818E-1 5.6619E-1 6.0067E-1 8.33086E-1 9.15157E-1 9.44153E-1 8.75407E-1 9.62091E-1 9.40921E-1 2.78977E-1 5.03203E-1
-9999 -9999 6.59461E-1 6.14884E-2 5.47063E-2 2.24066E-1 2.80489E-2 6.53382E-1 3.40592E-1 7.16761E-1 7.63044E-1 7.76126E-1 3.04073E-1 7.59016E-1 5.56047E-1 3.86625E-2 2.77727E-2 3.81228E-1 3.37803E-2 2.98203E-2 3.70391E-1 2.00008E-1 1.70718E-1 4.26998E-1 4.64508E-1 3.57355E-1 3.2145E-1 9.29929E-2 5.23804E-2 6.12247E-2 4.55918E-1 4.64322E-2 9.55838E-1 4.43513E-1 4.06314E-1 1.83359E-1 4.38924E-1 2.50237E-1 4.49583E-1 4.38255E-1 3.84861E-1 3.77554E-1 5.2899E-1 6.21049E-1 4.7569E-1 8.75044E-1 8.23353E-1 9.37831E-1 8.6778E-1 7.56081E-1 6.96039E-1 9.36318E-1 8.58648E-1 8.93326E-1 9.53097E-1 9.01055E-1 7.60891E-1 5.41705E-1
-9999 -9999 5.97923E-2 1.57897E-1 3.31502E-1 2.33465E-1 6.00894E-1 1.35645E-1 6.15243E-1 7.61463E-1 4.79687E-1 1.85273E-1 2.53457E-1 2.35438E-1 1.81193E-1 5.03065E-1 7.36661E-2 5.48292E-1 2.04624E-2 2.62759E-1 1.02526E-1 1.22971E-1 2.04805E-1 5.22287E-1 3.64898E-2 9.18672E-1 4.43303E-1 2.38247E-1 8.79176E-1 1.79017E-1 4.41757E-1 9.59082E-2 1.14915E-1 3.56724E-1 1.26566E-1 3.70811E-1 2.66513E-1 2.38798E-1 6.00887E-1 4.10512E-1 6.20634E-1 2.99179E-1 8.56287E-1 5.12699E-1 3.33146E-1 8.51054E-1 9.01397E-1 9.42294E-1 9.04788E-1 8.79908E-1 5.09533E-1 9.27674E-1 9.66269E-1 5.4348E-1 6.97883E-1 9.12812E-1 6.37397E-1 5.65832E-1
-9999 1.52934E-1 3.03893E-1 1.30904E-1 3.79939E-1 3.6135E-1 6.26941E-2 1.55022E-1 5.41041E-2 2.87633E-1 3.8173E-1 7.02068E-2 3.05466E-1 6.79622E-1 5.63933E-3 2.30889E-1 2.99456E-1 3.40686E-2 1.57963E-2 3.41261E-1 2.36978E-2 6.73082E-1 3.55233E-1 6.25298E-1 2.11442E-2 7.87661E-1 6.13975E-1 4.47785E-2 5.38414E-1 9.62472E-1 9.28627E-2 5.33837E-1 5.45254E-2 5.30449E-1 2.26984E-1 3.57667E-1 6.01556E-1 1.05886E-2 3.20545E-1 8.48529E-2 2.17609E-1 6.028E-1 8.15818E-1 8.70555E-1 9.75268E-1 9.1355E-1 8.25317E-1 9.27067E-1 8.38996E-1 7.8307E-1 5.27611E-1 6.60008E-1 9.02664E-1 3.811E-1 2.1353E-1 6.55715E-1 2.98109E-1 5.37715E-1
1.22399E-2 5.13216E-2 1.49698E-1 2.88576E-1 1.64009E-1 2.45833E-1 3.77443E-1 4.32697E-1 7.57585E-1 3.49377E-1 6.72876E-1 4.68212E-1 1.16466E-1 5.67848E-2 4.71932E-1 2.67851E-1 4.16101E-2 2.121E-1 1.05842E-1 1.75463E-2 1.89969E-1 8.63195E-1 6.83059E-1 9.92749E-2 1.05798E-1 3.84756E-1 1.54785E-1 1.86157E-1 4.04372E-2 5.48162E-1 6.42623E-1 4.07651E-1 5.5891E-1 3.30124E-1 7.12535E-1 3.3306E-1 2.61475E-1 2.71063E-2 8.86854E-2 4.75336E-1 5.90798E-1 1.92726E-1 2.50608E-1 3.98701E-1 9.19582E-1 1.2797E-1 8.83868E-1 8.909E-1 9.47325E-1 7.77548E-1 6.38136E-1 9.68192E-2 9.32581E-1 5.37301E-2 8.60357E-1 6.74781E-1 2.82081E-1 8.16888E-2
1.9429E-2 3.99947E-2 6.08785E-2 5.44232E-2 4.63114E-1 3.91152E-1 7.24665E-1 6.33002E-2 5.70789E-1 2.80063E-1 5.31659E-1 3.30788E-1 1.62752E-1 7.12741E-1 8.11033E-1 6.26959E-1 3.21686E-1 2.59081E-1 1.24544E-1 3.33862E-1 3.78024E-1 8.82432E-1 1.52223E-1 6.60563E-1 4.39748E-1 2.69252E-1 2.83351E-2 2.14243E-1 3.00068E-1 3.88914E-1 4.47516E-1 5.58141E-1 1.47768E-1 2.48951E-1 3.63661E-1 2.83158E-1 3.4323E-1 1.99673E-1 2.34001E-2 5.92776E-1 2.59327E-1 4.22212E-1 4.27573E-1 3.15238E-1 3.19148E-1 8.04232E-1 9.93646E-1 8.16814E-1 6.9987E-1 6.81661E-1 4.24366E-1 7.02592E-1 5.63288E-1 8.89959E-1 6.86762E-1 5.70767E-1 4.65062E-1 3.07737E-1
