outputs/pantheraTigris_4.asc
ncols         290
nrows         290
xllcorner     68.0
yllcorner     8.0
cellsize      0.1
NODATA_value  -9999
[rows 182 to 207 of 290, columns 174 to 231 of 290]
3.03203E-1 3.25397E-1 2.65533E-1 2.78793E-1 3.73575E-1 5.18633E-1 5.3982E-1 7.80805E-2 2.14035E-1 7.38578E-1 6.63043E-1 3.90146E-1 3.18453E-1 3.67928E-1 5.68186E-1 1.95572E-1 2.42753E-1 2.72585E-1 5.46879E-1 2.67177E-1 5.58784E-1 4.93576E-1 5.15706E-1 7.52214E-1 3.17999E-1 6.87423E-1 4.15181E-1 5.08045E-1 3.5862E-1 7.74682E-1 7.80058E-1 3.33257E-1 3.834E-1 5.70631E-1 3.11129E-1 8.91471E-1 5.81275E-1 4.38798E-1 1.09987E-1 2.15383E-1 3.7209E-1 3.05766E-1 4.38217E-1 5.44847E-1 3.96207E-1 6.84768E-1 2.79662E-1 6.31674E-1 4.69268E-1 3.46344E-1 4.55896E-1 3.68469E-1 3.70631E-1 3.0912E-1 3.17248E-1 4.04259E-1 1.31149E-1 4.68714E-1
3.4854E-1 3.24537E-1 3.61149E-1 4.22724E-1 2.17979E-1 4.075E-1 4.89267E-1 3.22522E-1 4.23896E-1 5.24884E-1 4.06379E-1 3.48516E-1 4.07031E-1 3.59841E-1 6.39228E-1 3.69454E-1 3.26632E-1 3.78155E-1 4.41512E-1 4.23863E-1 3.15386E-1 5.22421E-1 4.89484E-1 4.33565E-1 5.32956E-1 7.28147E-1 3.6227E-1 6.27339E-1 4.46193E-1 5.80202E-1 7.66315E-1 7.97932E-1 4.64302E-1 3.64154E-1 6.97538E-1 7.13721E-1 3.54253E-1 2.96788E-1 4.59684E-1 4.03859E-1 4.13631E-1 1.29168E-1 4.14126E-1 5.65109E-1 5.20683E-1 3.50105E-1 4.33367E-1 4.5795E-1 3.98676E-1 5.46676E-1 5.41298E-1 2.92312E-1 5.79984E-1 4.33052E-1 6.58552E-1 3.16823E-1 2.82257E-1 4.71032E-1
5.11948E-1 1.95938E-1 3.1603E-1 2.97401E-1 6.13347E-1 4.09754E-1 4.94426E-1 2.53978E-1 1.1168E-1 6.56846E-1 6.88577E-1 7.07426E-1 6.32798E-1 2.50414E-1 3.63546E-1 7.99844E-1 5.69683E-1 4.75532E-1 7.93433E-1 5.05726E-1 6.01041E-1 5.51669E-1 5.85689E-1 4.48622E-1 4.79002E-1 5.60921E-1 7.86573E-1 7.20922E-1 7.09855E-1 2.07708E-1 3.90202E-1 6.71904E-1 5.83267E-1 5.85084E-1 2.33269E-1 4.80876E-1 4.33125E-1 1.84417E-1 4.8123E-1 3.74811E-1 5.63689E-1 2.04052E-1 3.18019E-1 1.23347E-1 4.94138E-1 5.85559E-1 5.96277E-1 2.33126E-1 7.33015E-1 6.21976E-1 5.89113E-1 5.27672E-1 5.78734E-1 4.37619E-2 3.92927E-1 6.13947E-1 4.11381E-1 5.24423E-1
4.58685E-1 1.11668E-1 1.69927E-1 6.96979E-1 5.37622E-1 5.33916E-1 4.75995E-1 2.87615E-2 3.30803E-1 5.84904E-1 6.15632E-1 5.34124E-1 6.9717E-1 9.05333E-2 7.79711E-1 4.14047E-1 7.05941E-1 7.61616E-1 4.66094E-1 8.86646E-1 5.90295E-1 4.14046E-1 5.25578E-1 7.47396E-1 5.45835E-1 2.95645E-1 5.93459E-1 7.84965E-1 5.0728E-1 2.73427E-1 2.24988E-1 5.13517E-1 4.92365E-1 5.87309E-1 3.45792E-1 3.21791E-1 5.01838E-1 6.46996E-1 4.11264E-1 3.1382E-1 6.26627E-1 4.08942E-1 3.26438E-1 3.27298E-1 6.68914E-1 5.75821E-1 6.76807E-1 2.16622E-1 3.51906E-1 2.83437E-1 6.21444E-1 5.9652E-1 2.51439E-1 8.87072E-2 3.28446E-1 3.77536E-1 4.11473E-1 5.60836E-1
8.18882E-1 5.47094E-1 4.53714E-1 7.14564E-1 6.14759E-1 5.70094E-1 1.35538E-1 4.90007E-1 3.39468E-1 2.94034E-1 2.50731E-1 5.36387E-1 4.95816E-1 4.7892E-1 5.12352E-1 5.8468E-1 4.61171E-1 1.058E-1 1.33818E-1 5.24556E-1 5.63239E-1 3.70779E-1 6.93112E-1 5.62503E-1 3.50246E-1 3.6163E-1 4.65905E-1 4.02761E-1 2.99228E-1 3.18135E-1 6.51298E-1 3.93278E-1 6.30973E-1 6.61542E-1 2.92102E-1 4.15939E-1 1.43266E-1 5.14734E-1 4.10215E-1 4.62056E-1 3.38431E-1 5.58006E-1 4.09697E-1 3.05229E-1 2.18526E-1 4.44859E-1 4.47903E-1 2.99913E-1 4.07093E-1 3.1078E-1 7.81869E-2 3.98949E-1 3.773E-1 3.89172E-1 5.07135E-2 1.32287E-1 4.96458E-1 6.47183E-1
7.03098E-1 5.40236E-1 7.59708E-1 6.96283E-1 5.21196E-1 5.40208E-1 4.59576E-1 6.3196E-1 1.48544E-1 2.64774E-1 5.19521E-1 7.19306E-1 5.59507E-1 4.77727E-1 6.67249E-1 4.82228E-1 4.02938E-1 5.28715E-1 2.76502E-1 4.57369E-1 5.12063E-1 3.00783E-1 5.87703E-1 5.74898E-1 4.43747E-1 2.98763E-1 5.0139E-1 5.96769E-1 5.02768E-1 7.95142E-1 4.08864E-1 3.5656E-1 9.52234E-2 7.00112E-1 3.32193E-1 2.43443E-1 1.07108E-1 2.87804E-1 3.74049E-1 4.81783E-1 1.90332E-1 2.49552E-1 2.24096E-1 2.47031E-1 1.01351E-1 2.95046E-1 4.04945E-1 3.2153E-1 1.60099E-1 1.83383E-1 2.68217E-1 2.17636E-1 2.94083E-1 3.29046E-1 4.55577E-1 4.45118E-1 3.34187E-1 3.22297E-1
2.38565E-1 6.07376E-1 7.04864E-1 6.07386E-1 4.78576E-1 7.88789E-1 5.66956E-1 2.62633E-1 6.06327E-1 4.71859E-1 4.32921E-1 3.16873E-1 4.15119E-1 7.10832E-1 3.20084E-1 2.81021E-1 3.52564E-1 4.18211E-1 4.06924E-1 5.30973E-1 4.11157E-1 4.65532E-1 3.95558E-1 1.04103E-1 2.23684E-1 2.03673E-1 2.48139E-1 1.78158E-1 1.72739E-1 2.86458E-1 4.05855E-1 2.61475E-1 3.76789E-1 4.29569E-1 5.32082E-1 4.39561E-1 5.67132E-1 3.79211E-1 2.78226E-1 2.02962E-1 2.69876E-1 3.02111E-1 1.30986E-1 1.51159E-1 1.41271E-1 1.99309E-1 3.20618E-1 2.81782E-1 1.18292E-1 3.34984E-2 2.75328E-1 3.14153E-3 2.74654E-1 1.39451E-1 2.99534E-1 6.01283E-2 2.66749E-1 2.76222E-1
6.02042E-1 6.97833E-1 2.71606E-1 6.04623E-1 2.21463E-1 4.0256E-1 4.53297E-1 3.73201E-1 6.64812E-1 6.52204E-1 6.482E-1 5.96838E-1 6.23191E-1 5.95384E-1 2.86072E-1 6.21516E-1 2.8012E-1 4.60243E-1 4.69062E-1 4.12259E-1 3.73461E-1 4.74393E-1 3.63133E-1 1.48009E-1 1.59112E-1 1.77018E-1 1.71763E-1 2.77172E-1 2.01382E-1 2.43839E-1 2.04247E-1 7.72499E-2 8.46551E-2 5.47065E-1 3.21222E-1 2.39299E-1 6.57483E-2 4.89988E-1 3.21575E-1 1.78516E-1 2.31014E-1 2.58394E-1 2.59358E-1 1.02559E-1 2.51028E-1 1.58476E-1 1.89102E-1 1.03258E-1 1.68529E-1 1.49618E-1 1.47903E-1 1.90329E-1 9.93821E-2 2.01191E-1 2.18764E-1 2.11553E-1 2.77275E-1 2.49511E-1
2.50967E-1 3.63414E-1 5.50851E-1 1.6658E-1 4.54195E-1 3.39029E-1 3.08212E-1 3.83683E-1 5.87653E-1 3.72559E-1 2.77113E-1 4.31491E-1 4.57782E-1 3.80359E-1 5.31141E-1 2.03535E-1 1.32879E-1 1.35159E-1 4.66123E-1 2.51999E-1 1.67413E-1 2.40234E-1 4.43691E-1 2.56814E-1 1.58083E-1 1.73793E-1 2.79853E-1 4.45855E-2 1.57555E-1 9.1791E-2 2.539E-1 1.41459E-1 2.23625E-1 1.12753E-1 1.4357E-1 1.28192E-1 2.25647E-1 2.19303E-1 3.83566E-1 1.84819E-1 1.19979E-1 2.54544E-1 8.35579E-2 1.48243E-1 8.19494E-3 3.86757E-1 5.89228E-2 1.26561E-1 1.82238E-1 2.45107E-1 2.00547E-1 1.60419E-1 5.43512E-2 7.44011E-3 3.50103E-1 1.2984E-1 1.46678E-1 2.02541E-1
2.69125E-1 1.6965E-1 2.44827E-1 3.9392E-1 4.46849E-1 6.58404E-1 5.66582E-1 4.58195E-1 3.91045E-1 6.59265E-1 5.94926E-1 4.095E-1 3.38806E-1 3.2085E-1 3.19738E-1 2.19378E-1 4.97856E-2 2.72935E-1 1.77693E-1 1.83614E-1 6.68988E-2 1.43964E-1 2.41971E-1 2.39067E-1 3.5415E-1 2.20363E-1 3.60315E-1 3.32408E-1 1.68831E-1 2.87126E-1 3.05053E-1 1.36654E-1 1.47028E-1 1.55375E-1 7.22256E-2 1.01191E-1 2.56293E-1 2.54911E-1 2.6511E-1 2.07086E-1 2.7421E-1 2.62105E-1 3.41135E-1 3.68529E-1 3.87709E-2 2.47269E-1 2.243E-1 2.15859E-1 1.7E-1 1.82332E-1 3.15085E-1 1.89136E-1 1.90873E-1 1.59703E-1 1.46177E-1 1.55309E-1 1.69813E-1 3.52178E-2
9.20304E-2 1.88483E-1 1.50171E-1 4.43926E-1 6.03032E-1 5.61621E-1 6.20253E-1 4.02398E-1 4.25052E-1 4.9627E-1 2.49053E-1 5.31076E-1 3.75371E-1 2.91226E-1 1.72885E-1 6.74068E-2 1.0953E-1 6.38327E-2 3.34508E-1 1.37074E-1 1.81967E-1 3.56964E-1 2.47731E-1 1.2024E-2 3.59292E-1 2.62325E-1 6.18367E-2 3.79034E-2 1.37464E-1 1.54841E-1 4.65124E-1 5.26454E-2 3.21131E-1 2.59858E-2 1.98063E-1 2.59902E-1 9.93875E-2 3.50306E-1 1.5375E-1 3.86065E-1 1.89084E-1 3.91341E-1 3.99437E-1 3.31774E-1 3.74836E-1 6.44456E-2 1.19441E-1 2.19911E-1 2.8401E-1 1.62573E-1 3.2681E-1 1.72489E-1 1.12694E-1 1.90549E-1 2.35913E-1 1.91386E-1 1.56183E-1 2.23062E-1
2.70941E-1 3.84452E-1 3.09862E-1 1.43027E-1 3.9589E-1 2.89319E-1 4.23364E-1 4.08724E-1 4.13892E-1 3.83434E-1 1.45031E-1 3.55693E-1 1.35962E-1 3.33156E-1 8.78337E-2 4.06227E-2 9.28651E-2 2.66532E-2 2.97217E-1 2.61558E-1 6.68083E-2 2.48896E-1 1.68244E-1 3.87728E-1 2.46122E-1 1.63429E-1 2.07716E-1 3.19955E-1 2.92999E-1 1.13366E-1 1.3164E-2 8.89176E-2 5.10393E-1 1.54957E-1 1.41312E-1 8.08821E-2 1.01272E-1 3.20996E-1 1.36704E-1 3.3732E-1 2.22664E-1 4.81482E-1 5.61917E-1 2.64574E-1 3.91443E-1 3.41436E-1 4.58317E-1 2.82149E-1 2.57724E-1 2.29963E-1 2.10288E-1 2.89245E-1 2.03498E-1 1.15211E-1 2.15655E-1 2.27848E-1 4.2264E-1 3.62422E-1
3.64628E-1 3.62511E-1 4.72239E-1 3.19248E-1 4.17467E-1 5.34337E-1 4.36439E-1 3.13851E-1 3.60895E-1 2.02376E-1 4.19203E-1 1.99103E-2 2.51113E-1 5.67522E-2 1.30886E-1 2.68835E-1 1.73578E-1 1.25755E-1 2.33986E-1 1.39514E-2 1.86837E-1 2.5583E-1 1.27255E-1 3.20213E-1 8.04603E-2 1.15406E-1 1.61074E-1 2.1845E-1 2.12076E-1 3.78613E-1 1.22307E-1 2.75735E-1 7.5988E-1 1.8562E-1 4.01307E-1 1.91478E-1 1.66625E-1 4.66191E-1 4.89799E-1 2.51427E-1 3.66557E-1 4.36936E-1 6.96932E-1 5.45947E-1 5.67209E-1 2.55706E-1 6.29474E-1 3.38787E-1 3.17433E-1 3.49138E-1 4.74526E-1 3.24924E-1 2.31433E-1 1.49884E-1 2.6666E-1 4.47575E-1 3.75343E-1 2.38302E-1
4.53091E-1 3.13287E-1 2.65709E-1 5.36616E-1 1.27406E-1 4.72287E-1 2.86416E-1 2.72795E-1 3.09423E-1 3.71606E-1 6.03385E-1 4.25602E-1 1.25242E-1 7.55819E-2 1.62314E-2 2.48674E-1 3.03783E-1 1.22921E-1 2.44723E-2 2.94336E-1 1.58803E-1 3.12755E-1 2.8625E-2 1.34201E-1 1.09263E-1 2.3628E-1 3.65222E-1 6.08719E-1 5.71422E-1 2.61408E-1 4.80623E-1 7.45629E-1 5.6335E-1 4.57573E-1 3.94486E-1 2.38187E-1 4.25086E-1 2.35094E-1 5.63054E-1 4.59334E-1 5.76118E-1 4.17976E-1 3.91172E-1 3.3219E-1 2.42564E-1 2.82778E-1 4.40145E-1 4.93491E-1 3.98062E-1 5.18896E-1 2.3481E-1 4.87173E-1 4.82153E-1 4.22117E-1 4.6017E-1 6.1142E-1 4.22261E-1 1.98595E-1
1.17109E-1 3.338E-1 3.76351E-1 7.61289E-2 1.07941E-1 2.37021E-1 2.83494E-1 4.01684E-1 3.98494E-1 3.07129E-1 3.44791E-1 2.9808E-1 3.69799E-1 1.0341E-1 1.1075E-1 2.10959E-1 2.83205E-1 1.28839E-1 3.49752E-1 3.42998E-2 9.6791E-2 4.07941E-2 4.44416E-1 1.9952E-1 9.96236E-2 4.21048E-2 4.35828E-1 1.14085E-1 3.60845E-1 2.02406E-1 7.42535E-1 4.55576E-1 3.41584E-1 2.19038E-1 3.05053E-1 3.37716E-1 5.66302E-1 5.74447E-1 2.04095E-1 3.09719E-1 1.84351E-1 2.80999E-1 4.07228E-1 4.71244E-1 4.28383E-1 4.06772E-1 3.29941E-1 4.68719E-1 4.85162E-1 4.75475E-1 3.14352E-1 4.60571E-1 3.40836E-1 3.49627E-1 6.1879E-1 6.21903E-1 4.41472E-1 2.80308E-1
5.58339E-1 4.58192E-1 3.32319E-1 4.03115E-1 3.67938E-1 4.11868E-1 3.41424E-1 2.39468E-1 1.08483E-1 4.26078E-1 1.91455E-1 3.28639E-1 4.34376E-1 1.9141E-1 5.18105E-1 8.4445E-2 3.287E-1 4.94136E-1 6.83306E-1 1.17655E-1 6.50076E-1 1.37358E-1 2.66187E-1 3.61423E-1 3.28423E-1 3.53299E-1 3.74681E-1 2.79275E-1 1.57427E-1 2.95969E-1 6.61604E-1 4.96482E-1 5.03399E-1 4.96224E-1 3.10957E-1 3.00069E-1 3.15985E-1 3.43081E-1 1.63371E-1 4.40435E-1 5.19825E-1 4.70737E-1 1.82807E-1 3.72032E-1 3.56068E-1 3.53084E-1 3.70368E-1 3.80367E-1 1.6416E-1 1.95082E-1 2.48563E-1 3.94904E-1 5.24947E-1 6.24784E-1 5.97558E-1 3.94837E-1 3.02599E-1 3.44104E-1
3.80255E-1 4.28908E-1 3.6739E-1 3.53702E-1 2.27855E-1 5.51986E-1 3.11825E-1 1.69003E-1 3.51373E-1 2.43117E-1 5.03076E-1 4.12578E-1 2.13291E-1 2.42104E-1 2.58454E-1 2.20141E-1 3.94687E-1 9.88354E-1 8.72242E-1 9.93715E-1 2.26193E-1 9.96058E-1 2.6946E-1 4.64016E-1 5.60643E-1 1.08586E-1 1.1249E-1 4.71237E-1 9.00323E-1 3.77129E-1 8.48525E-1 8.28495E-1 6.10532E-1 7.61224E-1 6.54674E-1 9.6383E-1 4.56136E-1 3.25479E-1 5.42092E-1 5.00853E-1 5.30472E-1 5.70639E-1 9.28431E-1 7.24768E-1 1.15453E-1 4.42843E-1 4.3449E-1 2.49479E-1 2.24506E-1 1.16704E-1 2.79566E-1 1.47845E-1 1.17017E-1 4.63708E-1 5.84708E-1 2.20089E-1 3.14562E-1 8.89113E-1
3.51546E-1 1.90898E-1 4.36851E-2 2.47607E-1 4.1736E-1 3.40333E-1 2.95722E-1 1.51932E-1 1.50116E-1 2.02103E-1 5.6216E-1 9.89252E-2 4.98019E-2 2.35573E-1 8.36384E-2 3.1041E-1 6.86625E-1 7.66772E-1 4.13466E-1 8.10415E-1 4.22697E-1 9.97319E-1 7.73473E-1 2.67515E-1 1.69488E-1 1.44361E-1 4.84726E-1 1.13154E-1 3.66603E-1 1.6233E-1 5.02188E-1 8.68032E-1 6.86226E-1 4.25962E-1 2.26832E-1 4.53945E-1 2.08827E-1 9.50308E-2 2.07675E-1 1.53675E-1 6.42291E-1 1.65765E-1 5.58947E-1 7.06745E-1 4.46073E-1 2.47437E-1 2.2889E-1 2.51543E-1 4.12975E-1 5.99068E-1 3.94831E-1 6.46173E-1 6.4857E-1 4.7333E-1 5.62335E-1 6.39938E-1 4.66507E-1 5.44292E-1
4.45015E-1 3.78048E-1 6.34085E-1 1.11509E-1 3.58132E-1 3.05246E-2 3.58152E-1 2.69634E-1 1.78009E-1 1.92497E-1 1.78749E-1 1.19945E-1 1.72239E-1 3.27656E-1 4.90631E-1 2.87925E-1 2.19842E-1 9.58986E-1 6.77176E-1 6.17142E-1 2.01354E-1 1.94357E-1 1.04633E-1 1.39539E-1 7.0452E-2 1.13466E-1 6.96169E-2 8.30523E-2 9.12308E-2 2.9904E-1 3.27099E-1 3.42753E-1 6.82516E-1 2.49269E-1 1.78778E-1 8.19657E-2 1.0378E-1 1.87568E-2 7.54334E-2 2.47601E-1 2.68538E-1 5.30344E-1 3.70769E-1 4.38056E-1 1.37654E-1 1.70711E-1 2.42371E-1 1.40061E-1 4.79365E-1 8.63129E-1 7.91759E-1 7.73744E-1 6.41184E-1 8.61778E-1 9.99037E-1 9.01458E-1 3.51901E-1 4.54624E-1
3.16225E-1 1.80182E-1 6.73637E-2 1.7897E-1 4.4667E-1 1.00838E-1 3.01122E-1 7.0089E-1 3.64105E-1 2.33708E-1 2.41304E-1 4.93644E-1 1.03222E-1 3.52765E-1 2.01815E-1 4.01256E-1 4.9761E-1 7.94026E-1 9.96519E-1 4.85412E-1 2.50288E-1 9.69025E-1 1.94795E-1 3.49518E-1 7.78137E-2 1.06035E-1 1.79939E-2 1.06351E-2 8.66367E-2 7.81854E-2 1.41208E-1 2.75269E-1 1.1149E-1 1.652E-1 1.76018E-1 4.23138E-3 1.35391E-2 1.07352E-1 1.92509E-2 3.62907E-2 2.10599E-1 8.87039E-2 9.0499E-1 5.62298E-1 9.92271E-1 9.99081E-1 5.31274E-1 3.49381E-1 3.25852E-1 2.76542E-1 2.81739E-1 6.47092E-1 1.07843E-1 2.29302E-1 3.76624E-1 4.15071E-1 2.57968E-1 2.07318E-1
3.1535E-1 4.34022E-1 9.3945E-1 2.37969E-1 2.26337E-1 3.07363E-1 4.12883E-1 8.69397E-1 8.80687E-2 3.68271E-1 2.98548E-1 3.24531E-1 9.60386E-2 5.80882E-2 6.41724E-2 4.61115E-2 5.14626E-2 1.6878E-1 9.4521E-2 3.52616E-1 1.85783E-1 2.48872E-1 1.48565E-1 2.93849E-2 9.00391E-2 1.15275E-1 1.16032E-2 5.85459E-2 1.01005E-2 7.92312E-2 1.00897E-1 8.16623E-2 1.12355E-1 5.00188E-2 2.24501E-2 9.73351E-2 8.27054E-2 5.68838E-2 1.09993E-1 7.54289E-2 1.18482E-1 1.48857E-1 1.31322E-1 7.83449E-1 7.71529E-1 2.7059E-1 1.56259E-1 4.87465E-1 3.14562E-1 2.50283E-1 1.11202E-1 2.56291E-1 1.60948E-1 1.1043E-1 8.04469E-1 5.12694E-1 4.26814E-1 5.10288E-1
1.62795E-1 2.68895E-1 1.5321E-1 1.34072E-1 4.57404E-1 2.44697E-1 6.92784E-1 3.2546E-1 1.94562E-1 8.14587E-1 2.3895E-1 1.94659E-1 8.36172E-2 1.84761E-2 3.65634E-3 1.23699E-2 8.22672E-2 4.09273E-2 9.40746E-2 5.68536E-1 1.88027E-2 6.24628E-2 6.07348E-2 9.6175E-2 5.98807E-2 2.53445E-2 6.37961E-2 3.2549E-3 6.3117E-2 1.83001E-1 2.93215E-3 1.49951E-2 6.99122E-3 3.05831E-3 9.12482E-2 4.45623E-3 1.53936E-3 3.95914E-2 6.834E-2 8.59296E-4 6.80891E-2 2.00013E-2 6.43946E-2 2.96648E-1 5.56046E-1 1.66177E-1 1.89762E-1 1.33375E-1 4.44412E-2 9.02099E-2 2.70302E-2 1.14526E-1 1.56555E-1 1.08668E-1 3.30169E-1 8.44414E-1 6.45639E-1 4.04045E-1
7.18904E-1 1.10654E-1 9.30867E-1 3.50048E-1 3.88095E-1 4.37294E-1 5.38485E-2 7.97295E-2 1.11199E-1 7.02791E-2 7.2825E-2 1.5874E-2 6.39575E-2 2.43325E-2 4.36107E-2 2.89395E-2 2.1742E-2 6.14675E-2 2.27971E-2 3.33367E-1 2.30572E-2 1.66384E-1 3.86241E-2 5.74226E-2 2.3166E-2 2.97292E-2 2.61144E-2 2.99818E-3 1.29273E-1 5.18708E-2 1.7618E-3 8.98448E-2 9.07516E-2 9.07537E-2 5.84725E-2 1.37308E-2 1.9871E-3 2.99995E-3 2.89448E-2 4.5201E-2 3.67799E-2 5.74934E-2 2.68738E-2 6.61626E-2 1.41638E-2 9.67231E-2 9.05204E-3 7.95268E-2 7.9592E-2 8.08502E-2 6.9736E-2 2.97563E-2 3.59899E-2 8.77922E-2 2.96993E-1 1.96292E-1 5.23012E-1 3.92498E-1
5.19578E-1 1.60046E-1 1.82023E-1 4.74682E-1 7.04922E-2 8.75516E-2 1.47674E-2 1.73857E-2 7.46141E-4 1.12558E-1 5.34887E-3 9.87289E-2 8.31045E-2 7.90976E-2 2.41628E-2 1.74823E-2 3.30667E-2 2.12417E-2 2.02896E-2 3.04976E-2 3.19536E-2 7.35287E-2 2.24099E-2 8.68683E-2 2.69017E-2 7.6656E-2 3.54818E-2 3.3758E-2 1.24399E-2 4.80077E-3 5.20913E-6 8.74787E-3 4.10324E-4 1.01355E-2 3.30912E-2 1.98545E-2 1.64477E-2 6.66319E-3 1.63698E-4 1.77825E-2 2.30123E-2 8.84389E-3 3.05078E-2 2.43279E-2 7.5427E-2 1.21535E-1 6.69412E-2 2.28672E-2 2.39243E-2 4.15856E-3 5.88555E-2 7.97073E-2 4.92775E-2 6.59441E-2 8.37273E-2 6.69135E-2 3.00903E-1 2.51292E-1
7.38515E-1 2.61281E-1 2.11387E-1 9.68939E-2 1.6319E-2 3.35591E-2 1.29513E-1 6.0149E-2 2.87417E-3 3.40971E-2 2.00386E-2 6.00687E-2 8.71112E-2 4.1146E-2 3.4635E-2 8.47178E-2 8.24114E-2 4.85476E-2 8.35211E-2 1.84035E-2 4.52964E-2 4.3972E-2 4.09587E-2 8.46148E-3 2.65165E-2 9.17983E-3 2.89945E-3 4.31304E-2 2.35851E-2 4.19787E-2 7.87964E-3 6.42277E-2 6.9647E-3 3.28075E-2 1.52004E-3 2.69339E-2 9.12956E-2 3.03629E-2 4.53234E-3 8.54933E-2 2.24639E-2 1.07203E-2 2.54782E-2 2.43077E-2 1.02703E-2 1.4888E-2 4.93046E-3 3.57617E-2 1.85546E-2 1.74697E-2 8.6823E-2 4.5355E-2 5.91601E-2 2.33217E-2 7.96691E-2 1.42323E-1 7.88134E-2 2.29688E-1
4.50149E-1 6.22905E-2 6.14808E-2 1.15046E-1 8.60812E-2 5.99756E-2 4.36387E-2 2.48834E-2 5.34931E-3 6.3621E-2 7.09166E-2 4.90982E-2 1.9068E-2 2.24773E-3 2.46946E-2 8.07372E-2 1.65585E-1 6.87013E-4 4.07886E-3 1.62231E-2 4.41459E-2 6.95956E-2 4.99523E-3 2.634E-2 2.21603E-2 4.06751E-2 9.434E-2 2.77135E-2 3.21258E-4 6.38459E-2 4.16028E-2 1.9625E-3 1.05851E-2 3.09149E-2 3.66315E-2 6.13553E-2 8.58702E-3 3.01716E-2 4.68282E-4 3.52009E-2 8.61679E-2 5.20363E-2 3.75601E-2 7.02066E-2 1.75023E-2 6.45541E-2 2.85783E-2 1.91746E-2 6.21401E-2 1.01485E-2 1.14139E-1 2.54993E-2 2.29386E-2 5.90869E-2 5.1265E-2 3.42171E-4 7.5456E-3 9.12566E-2
