outputs/pantheraTigris_2.asc
ncols         290
nrows         290
xllcorner     68.0
yllcorner     8.0
cellsize      0.1
NODATA_value  -9999
[rows 208 to 233 of 290, columns 116 to 173 of 290]
2.82422E-1 1.5188E-1 9.70752E-2 3.02799E-1 3.13694E-1 1.18983E-1 7.09471E-1 1.9476E-1 1.65505E-1 3.9282E-1 2.15738E-1 1.92059E-1 2.62292E-2 4.19527E-1 1.64488E-1 1.41863E-1 2.24031E-1 1.91952E-1 2.59075E-1 4.04066E-1 4.66028E-1 4.97904E-1 1.39064E-1 2.41168E-1 5.91454E-1 3.15999E-1 1.77633E-1 3.00402E-1 4.03093E-1 3.15013E-1 4.34084E-1 5.35774E-1 1.939E-1 1.86488E-1 3.07194E-1 3.38439E-1 4.34326E-1 3.76185E-1 8.33766E-1 6.45445E-1 5.55489E-1 3.56372E-1 1.38039E-1 3.18389E-1 1.67518E-1 1.64691E-1 1.55402E-1 1.09428E-1 6.61336E-1 3.58141E-1 1.53212E-1 2.83655E-2 1.64287E-1 1.17185E-1 2.94834E-1 2.84435E-1 3.24623E-2 1.26861E-1
2.23943E-1 3.54068E-1 9.99589E-2 5.61103E-1 1.53991E-1 8.90393E-2 1.14753E-1 5.49193E-1 1.20403E-1 2.79486E-1 4.19324E-1 1.54352E-1 1.99534E-1 1.17198E-1 1.95717E-1 2.93973E-1 4.16847E-1 3.77609E-1 2.2883E-1 2.79751E-1 2.67402E-1 6.52165E-1 3.0467E-1 2.52204E-1 4.30011E-1 1.26655E-1 3.61359E-1 3.72304E-1 5.09643E-1 4.50073E-1 4.60388E-1 3.13501E-1 7.73215E-2 3.20744E-1 3.70327E-1 3.23275E-1 2.69138E-1 1.41445E-1 2.6995E-1 2.80515E-1 3.10198E-1 1.13682E-1 6.12169E-1 9.32416E-2 2.88724E-2 1.9556E-1 2.25843E-1 2.7987E-1 1.33366E-1 8.69724E-1 1.0371E-1 5.89694E-2 8.55371E-2 5.76939E-1 4.54105E-1 4.33171E-2 5.91766E-1 1.2327E-1
3.05152E-1 8.55881E-2 5.89481E-2 1.57989E-1 1.31703E-1 1.148E-1 9.94688E-2 9.29924E-2 3.30545E-1 2.81736E-1 3.36357E-1 2.40235E-1 1.94852E-1 2.06217E-1 2.39804E-1 2.91999E-1 2.14277E-1 3.46756E-1 2.3611E-1 2.87488E-1 1.49899E-1 1.82825E-1 6.31906E-1 4.45066E-1 5.73716E-1 7.67088E-2 1.64219E-1 3.83905E-1 3.38747E-1 2.94392E-1 4.79461E-1 6.13516E-1 4.74905E-1 1.44032E-1 2.75907E-1 2.22897E-1 1.723E-1 2.24039E-1 2.02194E-1 2.65731E-1 2.18234E-1 7.37986E-2 1.20672E-1 9.30568E-2 6.13151E-2 7.16331E-2 7.2434E-2 6.08971E-2 5.86089E-2 4.29193E-1 3.60251E-2 4.29398E-2 5.12661E-1 4.81851E-1 6.82253E-2 5.87845E-1 5.00763E-1 6.98927E-2
2.0359E-1 2.24369E-1 1.6358E-1 3.58638E-1 1.81472E-1 3.31775E-1 1.70162E-1 1.40527E-1 2.36171E-1 3.10467E-1 3.10933E-1 3.02225E-1 2.18328E-1 1.66596E-1 1.8638E-1 1.52768E-1 1.55946E-1 3.14802E-1 3.17232E-1 2.51691E-1 3.36395E-1 1.05043E-1 4.66278E-1 4.22712E-1 6.95891E-1 4.15637E-1 7.27857E-2 3.18731E-1 4.58383E-1 1.35371E-1 3.35659E-1 1.61192E-2 3.18722E-1 2.41906E-2 1.59317E-1 8.45337E-1 3.46731E-1 1.21535E-1 1.1999E-1 8.94991E-2 9.74703E-2 1.53074E-1 1.40669E-1 2.4834E-1 1.13061E-1 2.42876E-2 8.02915E-2 4.74201E-2 4.50901E-2 4.68884E-3 6.78556E-2 9.02804E-2 3.81648E-2 5.87755E-2 1.88356E-1 1.26345E-2 6.32558E-2 1.17555E-1
4.40114E-1 2.17002E-1 1.43564E-1 1.01435E-1 3.184E-1 3.10199E-1 2.55618E-1 2.91173E-1 2.67176E-1 3.6303E-1 1.88444E-1 2.75234E-1 1.73521E-1 2.88315E-1 1.49704E-1 5.40614E-1 4.52158E-1 3.6849E-1 2.41788E-1 2.7889E-1 3.18496E-1 3.39316E-1 1.16614E-1 1.56959E-1 5.71102E-1 1.43453E-1 3.16389E-1 4.24885E-1 4.22024E-1 8.29665E-1 5.22392E-1 4.80254E-1 6.93546E-1 5.82224E-1 4.49466E-1 2.19113E-1 4.0263E-2 2.44471E-1 8.6161E-2 7.9299E-2 1.12672E-1 9.15167E-2 6.81638E-2 5.46084E-3 6.76127E-2 3.01112E-2 7.83509E-3 4.48065E-2 2.4588E-1 1.57092E-1 6.77417E-2 7.91658E-2 9.09731E-3 5.17636E-2 7.6619E-2 3.21229E-2 9.49367E-2 3.19287E-2
2.22029E-1 4.17434E-1 4.10063E-2 2.56894E-1 2.52814E-1 3.38439E-2 1.4588E-1 1.45471E-1 6.45181E-1 1.25189E-1 5.02103E-1 2.34009E-1 3.52335E-1 4.77705E-1 1.00875E-1 2.76799E-1 2.53296E-1 3.57899E-1 3.98799E-1 4.3561E-1 2.02105E-1 2.60382E-1 3.36275E-1 2.51608E-1 3.25193E-1 5.03394E-1 6.88508E-1 6.55803E-1 8.45241E-1 2.82063E-1 8.36851E-1 4.29296E-1 3.96536E-1 3.91706E-1 1.39802E-1 2.91096E-1 1.83763E-1 2.41577E-1 4.82653E-2 9.55387E-2 8.66161E-2 7.30746E-2 9.72E-2 7.878E-2 1.06675E-1 4.38767E-2 1.98776E-1 5.90666E-2 7.17484E-2 8.00679E-3 8.11556E-2 3.34233E-1 5.40111E-2 3.34044E-2 7.29497E-3 9.05237E-2 2.31906E-2 2.02365E-1
3.93671E-1 1.22357E-1 1.75137E-1 1.59464E-1 2.65976E-1 1.0951E-1 1.35777E-1 1.89374E-1 3.51215E-1 1.8825E-1 2.39234E-1 1.81674E-1 2.14996E-1 3.25112E-1 7.20473E-2 4.43227E-1 3.91156E-1 4.47716E-1 4.14749E-1 5.21953E-1 4.49769E-1 6.87549E-2 4.0046E-1 6.54993E-1 4.62109E-1 7.40998E-1 3.06708E-1 6.78359E-1 2.15964E-1 4.81216E-1 9.90783E-1 2.18193E-1 2.19711E-1 1.58165E-1 7.9568E-2 9.5651E-2 3.68617E-2 2.43809E-1 5.69871E-3 7.07762E-3 6.41504E-3 1.18714E-1 3.44066E-1 3.87789E-2 4.02706E-2 3.03311E-2 3.23369E-3 3.43424E-2 4.86746E-3 2.38141E-2 4.37186E-3 4.16421E-2 8.88927E-2 5.62826E-3 5.53702E-2 1.12261E-1 1.1136E-1 8.48867E-2
3.82207E-1 1.36334E-1 1.77897E-2 1.47217E-1 3.37366E-1 1.09009E-2 5.1069E-2 7.95728E-2 5.0194E-2 3.60061E-1 4.02705E-1 4.7237E-1 5.23202E-1 2.04487E-1 2.45835E-1 2.57719E-1 3.11584E-1 6.41132E-1 4.28282E-1 1.37553E-1 6.69656E-2 2.35977E-1 2.24975E-1 5.73526E-1 3.94796E-1 3.72801E-1 1.46224E-1 2.21134E-1 2.5034E-1 6.17497E-1 2.8327E-1 8.0998E-1 4.2122E-1 2.86616E-1 1.31315E-1 5.29393E-2 8.16276E-2 2.58355E-2 2.67722E-1 9.50716E-2 1.39632E-2 5.53178E-2 2.19889E-2 1.24429E-1 3.67183E-2 6.45537E-2 1.27479E-2 2.14819E-1 4.56226E-2 7.05744E-2 4.29558E-2 1.39323E-2 9.4482E-3 9.20222E-3 2.69002E-2 3.89765E-3 5.42713E-2 2.29044E-2
4.54241E-1 2.15792E-1 1.56072E-1 3.52914E-2 2.42315E-1 9.73177E-2 1.08929E-1 7.74633E-2 1.48576E-1 1.64173E-1 1.38295E-1 2.39082E-1 4.21739E-1 5.51709E-1 3.46057E-1 4.71964E-1 5.10963E-1 6.55131E-1 7.24368E-1 1.96471E-1 3.75975E-2 5.49049E-1 5.62315E-1 3.73847E-1 4.38312E-1 3.88554E-1 4.64735E-1 5.22255E-1 3.34414E-1 1.6974E-1 1.83502E-2 1.10616E-1 5.23984E-1 7.26658E-2 9.07256E-3 4.50794E-2 1.04959E-1 2.23657E-2 4.14596E-2 1.39317E-1 8.27948E-2 7.33938E-3 5.34003E-3 3.55661E-2 7.11997E-2 9.806E-3 7.26724E-2 7.30535E-2 2.04335E-2 4.66675E-2 3.86312E-2 1.7898E-3 6.48755E-3 4.37776E-3 1.80145E-1 9.40729E-2 1.56098E-2 3.35012E-2
3.84501E-1 4.21605E-1 3.18053E-1 2.38184E-1 2.31527E-1 1.80551E-1 2.2091E-1 1.43293E-1 1.20716E-1 1.44583E-1 3.41477E-1 3.15281E-1 4.32556E-1 5.59396E-1 1.68379E-1 3.0729E-1 2.91312E-1 4.40534E-1 3.40237E-1 3.66857E-1 2.3079E-1 3.61147E-1 7.54984E-1 6.51611E-1 1.81612E-1 2.77149E-1 3.78758E-1 2.42703E-1 4.78399E-1 3.97366E-1 2.84401E-1 3.93568E-1 1.29375E-1 2.08786E-1 5.15827E-3 3.06123E-1 3.03639E-1 1.11224E-1 9.48782E-2 7.66655E-3 7.84948E-2 6.51348E-2 4.57461E-2 1.31371E-2 2.16948E-2 1.15087E-1 5.31278E-3 5.69894E-2 1.49166E-1 1.05826E-1 3.30363E-2 2.62177E-2 1.48151E-3 7.20748E-2 3.12422E-2 2.29915E-2 1.03249E-2 3.99762E-1
2.8709E-1 4.71093E-1 3.76619E-1 4.39009E-1 5.74134E-2 1.35392E-1 2.45618E-1 9.80653E-2 3.05755E-1 4.46984E-1 3.72528E-1 4.66947E-1 5.67001E-1 1.81897E-1 1.79545E-1 6.13785E-1 1.41048E-1 2.82431E-2 4.57889E-1 8.36891E-1 2.41192E-1 5.88695E-1 5.73284E-1 4.92653E-1 6.9932E-1 4.31853E-1 4.33135E-1 1.6E-1 2.87069E-1 2.20482E-1 4.69153E-1 2.19521E-1 2.22289E-1 7.18655E-2 1.45532E-2 7.74366E-3 5.81216E-2 4.6943E-2 7.56821E-2 3.0554E-2 3.06701E-3 4.25609E-2 2.51951E-2 1.42577E-1 9.24128E-2 2.19439E-3 1.47077E-2 8.71904E-2 2.19336E-1 1.0466E-2 2.3158E-2 3.67514E-1 3.34403E-2 2.33035E-1 1.95822E-2 1.64984E-2 3.5466E-3 4.97818E-3
1.27069E-1 3.59866E-1 8.38665E-1 5.6773E-1 1.35867E-1 1.62949E-1 1.65116E-1 1.01246E-1 2.05095E-1 3.98676E-1 1.99805E-1 4.23017E-1 2.03518E-1 3.81629E-1 1.62776E-1 1.1654E-1 8.42358E-1 9.02662E-1 6.53356E-1 7.88473E-1 2.75428E-1 5.43164E-1 9.99769E-1 1.7429E-1 1.87912E-1 1.08117E-1 5.35382E-1 2.99618E-1 9.83226E-1 6.59553E-1 1.02139E-1 1.47732E-1 2.62862E-1 3.09605E-2 2.40949E-2 2.69778E-2 7.55576E-3 1.99415E-1 4.5093E-2 2.25947E-1 5.89167E-3 3.20791E-2 6.14527E-2 9.02417E-2 5.20046E-2 1.69635E-1 1.1199E-3 6.08464E-2 4.01206E-2 3.5529E-1 1.72361E-2 4.26847E-2 4.77488E-2 2.5619E-1 6.11691E-4 1.70326E-1 2.34043E-2 7.92698E-4
3.56736E-1 3.77997E-1 3.8008E-1 4.274E-1 5.70356E-1 4.41968E-1 4.26264E-1 2.71423E-1 7.49502E-2 1.98733E-1 7.68742E-2 5.0925E-1 3.51711E-2 3.15923E-1 1.83371E-1 4.81136E-1 5.73856E-1 2.61002E-1 2.98278E-1 1.98722E-1 3.86252E-1 8.17157E-1 6.88784E-1 3.1271E-1 7.2813E-1 6.66612E-1 6.10824E-1 2.33718E-1 2.80859E-1 4.45229E-2 1.8931E-1 1.49447E-1 3.35685E-2 3.04041E-2 1.01347E-1 7.15337E-2 4.93268E-2 5.54904E-2 1.77282E-3 4.44766E-2 1.31373E-1 5.92084E-4 2.42104E-1 4.93884E-2 4.23774E-3 1.19286E-2 1.21319E-1 2.11295E-1 6.63128E-2 1.38674E-1 2.76558E-3 1.23725E-2 3.39455E-3 1.76019E-3 1.79192E-1 2.80044E-1 1.00838E-2 4.81233E-3
2.04761E-1 6.5611E-1 4.93E-1 6.6206E-1 5.7652E-1 1.00529E-1 3.44813E-1 7.07669E-1 5.863E-1 8.19478E-1 3.37619E-1 1.71144E-2 6.47719E-2 4.56955E-1 6.44103E-1 1.29904E-1 1.27968E-1 8.06027E-2 5.00511E-1 5.40741E-1 3.892E-1 5.38718E-1 1.63306E-1 1.31393E-1 4.5967E-1 1.17067E-1 3.43859E-1 2.43395E-1 2.46948E-1 2.05144E-1 1.22095E-2 2.26424E-1 8.89925E-3 6.95114E-2 4.80595E-3 3.06301E-3 2.89998E-1 2.84859E-1 2.09397E-4 8.39251E-2 3.15483E-4 3.03739E-4 2.46689E-2 5.46995E-5 1.48505E-2 6.81505E-2 2.72784E-4 9.9144E-2 4.02368E-3 4.88557E-3 7.46871E-2 1.12135E-2 2.14561E-1 6.98806E-3 6.74627E-2 4.24492E-3 1.38291E-2 1.41614E-3
2.98384E-1 4.54779E-1 3.58039E-1 6.20289E-1 4.08323E-1 1.12769E-1 4.36943E-1 6.04772E-1 5.01917E-1 6.46623E-1 7.35293E-1 5.43704E-1 5.84772E-1 7.91445E-2 1.65008E-1 3.22248E-1 1.37674E-1 2.01949E-1 5.33881E-1 1.40952E-1 4.65163E-1 1.58838E-1 2.66563E-1 2.30485E-1 3.07308E-1 8.38475E-1 4.18876E-1 1.17925E-1 2.38454E-1 1.52102E-2 2.1081E-2 2.05492E-1 5.90471E-2 6.11168E-2 4.58425E-1 1.3335E-4 7.18378E-4 6.01095E-2 1.87021E-3 1.48668E-1 4.08297E-2 4.81196E-2 2.86433E-2 4.54124E-3 2.99727E-1 2.93501E-2 6.27706E-2 6.97187E-2 4.60749E-3 7.9261E-3 5.95573E-2 9.54574E-3 3.26989E-2 9.13398E-2 6.69712E-3 4.98404E-2 5.02205E-3 2.3176E-4
4.20623E-2 2.39986E-1 1.60088E-1 5.87973E-1 4.76436E-1 1.24112E-1 4.53025E-1 7.01494E-1 4.36182E-1 2.35423E-1 4.2531E-1 3.05173E-1 6.92895E-1 1.03573E-1 3.46365E-1 5.1292E-1 1.67826E-2 2.71153E-1 6.38103E-1 1.75996E-1 5.67676E-1 1.53737E-1 4.05697E-1 2.8849E-1 5.7688E-1 6.81178E-1 8.07696E-2 1.08269E-1 1.8322E-1 3.4993E-2 5.8277E-1 4.02072E-2 7.09132E-3 1.27813E-1 2.14909E-2 2.00234E-1 2.38643E-2 3.68875E-1 6.10681E-1 3.31951E-2 4.52332E-3 2.15812E-4 1.09238E-2 4.67872E-5 4.28309E-2 1.20429E-4 2.37265E-2 2.85852E-2 6.26505E-3 4.5999E-2 3.42117E-2 2.50041E-4 1.9868E-3 6.51413E-4 2.93238E-3 5.18167E-2 3.02544E-4 1.20359E-2
3.07045E-1 4.08103E-1 5.99531E-1 1.27364E-1 5.82927E-1 5.3872E-1 2.64386E-1 1.52954E-1 2.48142E-1 1.14251E-1 1.2757E-1 6.12034E-1 5.61783E-2 6.07941E-2 1.04813E-1 1.04066E-1 5.01493E-2 6.79622E-2 3.07469E-1 3.13965E-1 3.30889E-1 2.99549E-1 1.32666E-1 3.61867E-1 2.90456E-1 1.28127E-1 4.13226E-1 3.94491E-2 3.75935E-1 9.65162E-3 1.11936E-1 7.68487E-2 1.53373E-3 9.48245E-2 1.07862E-1 9.03576E-3 4.82901E-2 5.93263E-2 2.59067E-2 2.47003E-1 4.13233E-4 2.22395E-2 1.68183E-2 1.39819E-4 1.87821E-2 2.08568E-3 1.97426E-2 1.59638E-3 3.17867E-2 4.77075E-2 4.51267E-2 5.63868E-4 4.50375E-3 1.80968E-2 2.98353E-3 1.19429E-2 1.01453E-2 2.78744E-3
1.36036E-1 4.88583E-1 4.63311E-1 6.33106E-1 4.13856E-1 6.30015E-1 1.56095E-1 4.75308E-1 2.20224E-1 4.23774E-1 3.34642E-1 8.33132E-2 3.22252E-1 2.51265E-1 3.27236E-1 8.10952E-3 7.41499E-2 5.57259E-2 4.61084E-1 4.18064E-2 6.69128E-2 2.40031E-1 1.97845E-1 2.27557E-1 1.81477E-1 5.30313E-2 3.68124E-1 5.05166E-1 2.85267E-2 5.45625E-2 1.17171E-3 6.34402E-4 1.50152E-1 4.43482E-2 8.49897E-2 1.31651E-2 2.14189E-3 8.85551E-2 1.90659E-2 6.45818E-3 3.85207E-2 1.53107E-2 3.45872E-2 2.44906E-4 1.84221E-2 1.11206E-2 4.11713E-3 2.86769E-3 4.5292E-3 1.42357E-4 5.32256E-4 5.21776E-4 2.04991E-4 2.26132E-3 1.93711E-3 6.51851E-3 7.32273E-3 8.60321E-5
5.42084E-1 1.066E-1 9.10884E-1 7.08205E-1 8.13692E-1 6.5557E-1 5.11106E-1 4.51761E-1 4.5802E-1 6.71814E-2 1.02123E-1 6.49548E-2 3.05589E-1 3.51337E-1 1.09852E-1 1.89833E-1 9.93626E-2 1.10239E-1 1.4583E-1 4.45939E-1 2.0879E-2 3.41787E-1 2.74638E-1 1.81683E-1 3.25214E-1 2.89087E-2 2.23962E-1 1.93156E-2 6.01938E-1 4.74725E-1 4.74881E-1 2.36211E-2 3.09495E-1 3.39743E-3 1.15678E-2 4.43595E-2 6.40046E-1 3.64164E-2 2.74238E-2 2.21663E-2 3.52854E-2 1.534E-2 1.75956E-4 5.75844E-3 7.15622E-4 9.53681E-3 8.17856E-4 1.99448E-2 2.73323E-2 1.44569E-3 1.06434E-4 1.89596E-2 1.13113E-3 1.0859E-2 1.80771E-4 1.27847E-2 1.16107E-2 1.59702E-2
6.46908E-1 6.21385E-1 8.41432E-1 4.99198E-2 9.12161E-2 4.79227E-1 4.01147E-1 5.6444E-2 1.19092E-1 3.14608E-1 6.82924E-3 2.80595E-1 1.5818E-1 4.1175E-2 8.72455E-3 6.31801E-3 2.72556E-2 1.14668E-1 3.24674E-2 1.89602E-1 2.11478E-1 1.38875E-3 3.87755E-2 4.62635E-2 1.73692E-3 2.67759E-2 1.04417E-1 4.3189E-1 3.24913E-1 2.41336E-1 1.98842E-3 1.39813E-2 3.67717E-2 5.12306E-1 9.17072E-4 5.85215E-2 2.21883E-2 1.49259E-2 1.91563E-2 2.79623E-1 1.29751E-3 1.27308E-2 7.87526E-3 4.78237E-3 2.72233E-2 2.35768E-2 3.57419E-2 2.56596E-3 1.47003E-2 5.02572E-4 5.40608E-5 1.78716E-3 9.3079E-4 3.4151E-4 1.89718E-3 3.96272E-3 4.98166E-3 8.99574E-3
1.22033E-1 6.42265E-1 1.68348E-1 1.72938E-1 2.52259E-1 4.66376E-3 3.03254E-1 6.20093E-2 1.41722E-2 1.94095E-1 4.89546E-2 2.20958E-1 1.05708E-2 2.49583E-1 3.64794E-2 1.10365E-1 5.73883E-2 1.33277E-1 2.2886E-1 2.5038E-1 8.69127E-3 2.34309E-1 3.4286E-1 3.49578E-2 4.75307E-2 1.56583E-1 2.1454E-1 4.70143E-3 2.56547E-2 6.6103E-1 4.66427E-3 1.58103E-1 1.53071E-3 3.55328E-2 1.79055E-2 4.37583E-2 8.11989E-2 1.94527E-2 1.26626E-2 1.09843E-1 9.89059E-3 8.77454E-4 1.06061E-3 4.95088E-3 7.06511E-3 5.89002E-3 9.91409E-3 9.74691E-3 1.55818E-3 9.64188E-4 1.21485E-4 7.52035E-3 4.13601E-3 1.5588E-2 6.72031E-4 2.8883E-2 7.03402E-3 7.51382E-4
4.23345E-1 5.00461E-1 5.12887E-1 1.64497E-1 1.18515E-2 2.45498E-1 2.3232E-1 2.02232E-2 1.98874E-1 2.13797E-1 3.21031E-2 3.46296E-2 4.85253E-3 1.15071E-1 5.43687E-2 2.09713E-1 1.76029E-2 4.51525E-1 1.98008E-2 2.68872E-1 6.73226E-3 1.85426E-1 1.39646E-2 1.76683E-2 4.7197E-2 2.60577E-1 7.89034E-2 4.16897E-2 3.81249E-3 4.19096E-1 1.13814E-2 2.14124E-3 1.30886E-1 1.18586E-2 6.45968E-2 6.92394E-4 6.91346E-2 1.98628E-2 1.26227E-2 2.15325E-3 4.46492E-2 2.04017E-2 4.10012E-4 1.72088E-2 5.10246E-3 5.94412E-3 5.62293E-3 3.43419E-4 4.13958E-2 2.70279E-4 2.88695E-2 6.86095E-3 3.11555E-3 3.87978E-2 9.15578E-3 4.55705E-3 2.82462E-2 1.13673E-2
2.9615E-1 4.25464E-1 5.40942E-3 4.44755E-2 7.62845E-2 3.7156E-2 3.2136E-1 5.37405E-3 1.45214E-1 7.42812E-2 1.29947E-3 1.82754E-1 4.64626E-2 1.45159E-2 2.45952E-1 2.62912E-1 2.06506E-2 1.35849E-1 5.45482E-3 2.75853E-2 2.57647E-1 9.48283E-3 1.12396E-2 2.24936E-1 2.29552E-2 1.02872E-2 6.15997E-2 3.29617E-2 1.96657E-3 1.31534E-2 1.28556E-3 7.77469E-3 1.44335E-2 1.14464E-2 3.73341E-3 3.57993E-2 5.43712E-2 5.15978E-3 2.09405E-2 1.44541E-3 1.23464E-2 3.04628E-2 2.89782E-2 7.06402E-3 1.47656E-2 6.41971E-2 3.67609E-2 4.60161E-4 4.69994E-3 7.85487E-3 7.07543E-3 1.61925E-3 1.61167E-3 6.84646E-4 3.86535E-2 4.88951E-4 3.46247E-2 6.27937E-3
4.80307E-2 4.92551E-1 6.81735E-2 5.42935E-2 4.03368E-2 1.44316E-1 3.43967E-2 3.63816E-2 4.36983E-2 1.44011E-2 1.75461E-3 7.52208E-4 2.53792E-1 1.6772E-3 3.16508E-2 5.37369E-2 1.2043E-1 2.78314E-1 2.63444E-1 1.48215E-2 6.08796E-2 5.65333E-3 3.51748E-3 1.21097E-2 2.44202E-1 9.59675E-3 1.46439E-2 1.74251E-3 2.16048E-3 1.07689E-2 1.51703E-2 2.36233E-2 3.25355E-2 3.37197E-2 3.14802E-3 4.39727E-3 5.53789E-2 5.51098E-2 2.63862E-2 8.89399E-2 1.33741E-2 6.4009E-3 6.60896E-3 1.18204E-2 6.15912E-2 4.0232E-3 1.58778E-2 1.23404E-2 6.72729E-3 1.13485E-2 1.38745E-2 2.45238E-2 3.26165E-3 3.83594E-2 3.99791E-3 8.1918E-3 1.10394E-2 2.2329E-4
9.11725E-2 4.75583E-1 4.88996E-1 2.47662E-1 8.94223E-3 9.16105E-2 1.4222E-1 3.28592E-2 2.29364E-2 3.88988E-1 7.02508E-3 3.43794E-1 1.48171E-3 2.59747E-2 2.56111E-2 2.01645E-1 4.24364E-2 1.2467E-2 5.55309E-1 1.15637E-1 8.8017E-3 1.95106E-4 1.26729E-3 2.99411E-2 4.96322E-4 5.62674E-2 1.93852E-3 8.6244E-3 4.40659E-2 3.11728E-3 2.24222E-2 1.44752E-2 1.10922E-2 3.22074E-4 3.01488E-2 4.10298E-2 2.25939E-2 9.59821E-3 1.49605E-3 3.85005E-2 5.07688E-3 8.41443E-3 1.83365E-2 2.9766E-2 2.30212E-2 4.26492E-3 1.02465E-2 8.32946E-4 9.3689E-4 3.50648E-2 4.64867E-3 6.78566E-3 2.9288E-2 3.55537E-2 7.57392E-3 3.48341E-3 4.03888E-4 3.24822E-4
1.13974E-1 4.05448E-1 4.77746E-2 6.40097E-2 2.44509E-3 6.71163E-2 3.2432E-1 6.47583E-2 6.01445E-2 2.10464E-1 1.20681E-1 2.33097E-1 2.98873E-3 7.4014E-2 1.49945E-1 4.32797E-1 5.14804E-2 1.77722E-1 2.87574E-2 3.51336E-2 9.30525E-3 4.09738E-2 5.78555E-4 4.36067E-3 4.60155E-3 1.55375E-4 2.57149E-2 2.26689E-3 3.38683E-3 3.99346E-4 3.02838E-3 8.25727E-3 4.20347E-3 4.34998E-3 1.7687E-3 2.57483E-3 1.06379E-3 3.15088E-2 3.39565E-3 1.18924E-2 6.31846E-2 4.69175E-2 4.3327E-2 1.91704E-2 5.19614E-2 5.72902E-2 3.28253E-2 3.93835E-3 1.48142E-2 9.42398E-3 4.99096E-3 2.83128E-4 1.7008E-2 1.40357E-3 4.20171E-3 6.89094E-3 4.24627E-3 7.01504E-2
