outputs/pantheraTigris_0.asc
ncols         290
nrows         290
xllcorner     68.0
yllcorner     8.0
cellsize      0.1
NODATA_value  -9999
[rows 234 to 259 of 290, columns 174 to 231 of 290]
1.34906E-3 7.77123E-3 3.5158E-4 2.30156E-3 2.80406E-3 3.00761E-2 3.17456E-2 7.99497E-2 1.23833E-3 4.52309E-2 2.56994E-2 1.92505E-3 5.54289E-2 3.88238E-2 6.28294E-3 2.60733E-2 2.17994E-2 8.57976E-2 1.76758E-3 1.27759E-2 3.38642E-2 3.17573E-3 8.48382E-2 8.54415E-2 3.47403E-2 1.78829E-2 1.20218E-2 3.46636E-3 1.45084E-2 1.17205E-1 3.6075E-3 1.43718E-2 1.95973E-3 8.03382E-2 5.15839E-2 8.03593E-2 2.61695E-2 7.73429E-3 4.35852E-2 4.7388E-2 1.02991E-1 6.82281E-3 9.53247E-2 1.72469E-2 2.75827E-2 4.37584E-2 3.79514E-2 7.19108E-2 1.27697E-2 8.74476E-2 1.47459E-1 8.43747E-2 2.1068E-2 2.74463E-2 1.25204E-1 1.20838E-1 2.25668E-2 4.02714E-2
1.19036E-2 2.07755E-3 5.33569E-3 5.91172E-3 2.76207E-2 1.80738E-2 6.26317E-2 3.5312E-2 1.9912E-2 1.43657E-4 5.71105E-3 4.69377E-3 6.70128E-3 5.496E-2 5.76321E-4 7.332E-3 4.48042E-2 6.56239E-2 1.92448E-2 8.31062E-2 4.08962E-3 3.17073E-2 3.58359E-2 3.13842E-3 3.88703E-2 2.16169E-3 7.94078E-2 1.66799E-3 6.00058E-3 5.28458E-2 2.95425E-3 2.11199E-2 8.60515E-3 7.31935E-2 4.10057E-3 3.8063E-2 6.28976E-2 8.23733E-3 3.16238E-2 7.98623E-3 1.82272E-2 1.2073E-1 2.84129E-2 5.19359E-2 2.70273E-2 1.01274E-2 9.37366E-2 5.3233E-2 9.23472E-2 6.03777E-2 1.23377E-1 1.17896E-1 2.56463E-2 2.74179E-2 4.21392E-2 5.24808E-2 1.43457E-1 2.51386E-2
3.03409E-2 1.22371E-2 7.1236E-2 4.97941E-3 8.42965E-2 3.43859E-2 6.45366E-2 2.76048E-2 3.41042E-3 3.83321E-3 9.60614E-3 2.84701E-2 1.5046E-2 5.81784E-3 4.71946E-2 2.71476E-2 2.76497E-2 1.17988E-1 1.80647E-2 1.56335E-3 9.494E-3 4.38048E-2 1.01033E-2 8.3139E-3 4.60324E-3 6.8661E-2 1.68558E-2 2.44364E-2 7.59821E-2 8.79444E-2 5.03188E-2 8.53715E-2 1.78822E-3 5.01219E-3 9.6707E-2 5.05502E-2 8.64358E-2 6.02459E-2 3.45896E-2 7.16996E-3 9.9002E-2 4.45939E-2 8.48803E-3 9.07846E-3 4.52675E-2 8.21573E-3 2.5543E-2 4.16234E-2 6.97393E-3 9.81356E-2 1.23607E-2 7.58513E-2 3.4469E-2 1.49231E-1 4.07922E-3 8.30456E-2 9.39144E-2 8.61864E-3
4.03196E-2 3.2937E-4 9.90932E-4 6.97551E-2 6.76666E-2 9.50989E-3 2.77592E-2 3.0994E-2 8.66475E-4 1.95701E-3 1.45231E-2 3.78952E-3 2.72591E-2 1.08647E-1 3.667E-3 2.35337E-3 8.39924E-2 4.35182E-2 8.04574E-2 4.0811E-3 1.58395E-3 4.26102E-4 4.3315E-2 9.52552E-4 2.458E-2 8.1434E-3 1.30086E-2 6.30357E-3 7.8473E-4 2.08741E-2 1.39855E-2 3.33285E-2 2.55019E-2 9.45313E-3 3.29685E-2 9.74537E-3 2.32711E-2 1.34695E-1 1.01191E-3 1.37677E-1 5.9425E-2 4.47142E-2 6.41185E-3 2.0811E-5 4.95627E-4 7.7881E-2 4.03238E-2 4.09718E-2 1.7528E-2 4.79423E-3 1.0099E-2 4.47393E-2 7.66172E-2 3.0998E-2 5.30321E-2 1.18151E-1 1.94249E-2 4.34142E-2
1.67733E-3 1.04464E-2 1.51201E-4 3.78289E-4 9.96874E-4 1.03515E-3 2.78201E-2 3.68017E-3 1.59087E-4 2.45274E-3 1.08132E-2 1.64252E-3 8.26731E-3 3.17862E-3 7.16976E-2 6.08038E-3 4.18297E-2 2.91201E-2 1.10229E-2 6.14803E-2 1.26535E-3 3.05533E-3 9.21611E-3 8.77556E-3 2.15982E-2 3.30753E-2 1.06674E-2 7.37375E-3 2.04268E-4 9.10052E-2 2.63139E-3 9.34556E-2 9.17617E-2 4.55343E-3 4.16364E-4 5.889E-2 2.66184E-2 1.35605E-1 1.76216E-1 1.89543E-4 7.58642E-2 1.84401E-5 3.20537E-2 3.8989E-2 3.37412E-2 2.58037E-2 5.78747E-6 1.92393E-2 6.78983E-3 1.7214E-1 4.8734E-2 1.09291E-2 5.3442E-2 4.71739E-2 4.25995E-2 1.38697E-1 1.12119E-1 3.63627E-2
2.74753E-4 1.5664E-2 1.37525E-3 1.81993E-2 4.92356E-3 5.88956E-5 9.31618E-3 1.40136E-2 4.5072E-2 4.029E-3 8.15941E-3 1.6074E-2 8.15385E-4 1.69295E-3 9.92979E-3 3.98679E-3 8.6711E-3 9.76657E-2 3.20006E-4 4.66366E-2 1.38457E-4 4.17698E-6 4.35467E-3 4.74678E-2 9.85749E-2 6.14346E-3 7.36202E-4 1.03757E-2 1.28016E-5 1.78392E-5 9.5789E-3 4.16321E-3 2.58342E-2 1.65921E-3 9.95375E-4 3.24196E-4 1.48126E-2 9.51619E-2 4.26564E-2 1.8018E-4 1.30993E-3 1.22563E-1 4.25299E-4 3.64404E-2 3.07743E-2 5.64271E-3 3.03837E-2 1.74154E-4 4.9974E-5 7.53864E-3 1.80126E-2 1.11438E-1 8.4369E-2 7.2699E-3 8.85876E-2 3.0926E-3 9.72085E-3 1.04559E-1
2.826E-2 3.09404E-2 1.14963E-3 8.37119E-5 3.59106E-5 6.42927E-4 6.29234E-3 1.08695E-3 6.7904E-5 2.78112E-3 6.47404E-4 9.55909E-3 3.59828E-2 2.00742E-3 2.09943E-3 2.67654E-2 1.82883E-4 6.61647E-3 5.52655E-5 6.30798E-3 1.16873E-2 4.88277E-2 3.75863E-2 9.60119E-5 8.47527E-5 3.54519E-2 3.02083E-5 1.53868E-2 2.80791E-5 1.36207E-2 2.07765E-3 7.09147E-5 7.98217E-3 1.41759E-2 3.17294E-2 1.47146E-2 4.04854E-4 6.1223E-5 1.42492E-2 1.05558E-1 5.03511E-4 3.40379E-2 3.324E-2 3.19766E-3 2.39998E-2 4.26199E-3 3.31081E-2 4.52955E-3 3.46208E-2 2.94504E-2 1.18092E-1 4.32999E-3 9.20096E-2 2.57852E-2 3.77871E-2 5.48017E-2 4.87682E-3 1.52548E-1
4.96729E-2 1.5624E-4 1.04954E-2 2.50261E-3 8.25851E-5 1.5109E-4 8.61419E-3 2.49066E-2 1.22607E-2 3.95566E-5 4.71728E-3 2.16676E-3 1.09429E-2 9.28412E-2 4.83043E-5 3.47931E-2 9.17357E-2 1.63869E-4 1.89218E-3 9.41989E-2 4.48904E-4 9.51146E-2 2.72976E-3 4.0866E-2 1.69339E-2 7.15974E-4 4.01085E-3 1.02048E-1 4.63099E-3 8.23123E-4 1.00739E-2 7.58678E-3 5.35552E-3 2.07673E-2 4.51368E-2 3.40114E-3 1.0015E-2 8.16128E-2 9.24684E-4 1.38268E-4 5.27853E-2 5.03953E-2 1.24549E-4 1.85709E-4 3.36311E-4 3.91721E-4 3.87884E-4 1.70239E-2 1.44391E-2 3.06709E-2 9.84854E-2 1.633E-2 3.09206E-2 4.83569E-3 1.04493E-2 9.16487E-2 2.85339E-2 1.1479E-2
1.39624E-2 2.41576E-3 1.49287E-3 6.71185E-2 1.24817E-2 1.16023E-2 1.54965E-2 1.24768E-2 4.00264E-2 3.15115E-2 3.52913E-5 2.07498E-3 1.04396E-1 1.909E-3 8.18134E-3 1.48329E-3 2.20634E-2 1.65316E-3 3.13088E-2 1.01525E-2 4.65437E-2 1.07207E-1 3.31927E-2 7.94191E-3 4.10363E-2 8.49901E-3 6.51451E-2 5.7582E-2 2.06857E-2 7.64915E-2 1.31017E-3 1.56137E-2 1.09551E-1 1.31585E-2 8.58989E-4 3.33445E-2 4.01635E-2 9.68118E-3 1.2091E-2 1.20742E-2 8.78419E-2 8.13481E-2 2.70051E-3 1.01134E-2 7.65088E-2 1.09153E-4 1.66907E-3 9.08109E-3 1.03365E-1 2.75156E-2 1.67041E-1 1.91794E-2 1.26268E-1 9.52518E-4 2.05515E-2 3.7495E-2 3.41584E-2 3.41948E-2
3.15382E-3 2.2173E-3 2.86844E-3 8.7364E-3 2.58592E-3 1.80712E-4 3.23724E-2 1.86943E-2 1.98252E-2 2.87347E-2 4.5359E-5 1.49507E-2 3.20264E-2 9.99799E-2 6.25542E-3 1.26106E-2 7.04078E-2 8.26599E-4 1.44221E-2 1.08446E-1 2.0527E-2 3.29829E-2 9.21644E-2 1.47834E-2 1.15013E-1 3.76664E-2 2.64288E-2 4.02156E-2 8.2555E-2 7.93023E-2 8.9631E-3 1.19824E-2 1.871E-2 9.88343E-5 1.21155E-4 1.09479E-2 1.80079E-2 1.15278E-2 3.91485E-2 2.84659E-2 9.06802E-3 1.43725E-4 3.36722E-2 3.17024E-4 3.0849E-2 1.04047E-2 1.18918E-1 4.22429E-3 6.36337E-2 5.75555E-3 1.99409E-2 3.57838E-2 1.31945E-2 5.29419E-2 2.76372E-3 2.98458E-3 5.12644E-2 5.45656E-2
8.8633E-3 1.97927E-2 2.24416E-2 1.38178E-2 4.56307E-2 5.61055E-2 2.0252E-3 6.05529E-5 2.09215E-3 2.67791E-3 1.68608E-4 5.0671E-2 1.71329E-2 3.28436E-2 6.51346E-2 8.87015E-3 3.60432E-2 5.75798E-3 1.44418E-4 2.66438E-2 8.73163E-2 8.41211E-3 2.11354E-2 1.9525E-2 9.46656E-4 2.46856E-2 1.99202E-2 4.66884E-2 3.08855E-2 1.28774E-2 2.58442E-3 4.49342E-3 8.36803E-2 3.38563E-2 5.26887E-2 7.95527E-4 7.0852E-2 3.26835E-3 7.75281E-2 7.66891E-3 4.18991E-3 1.78369E-2 1.71844E-4 4.21537E-2 1.21038E-2 3.51071E-2 3.10648E-2 3.19036E-2 5.8264E-3 5.14979E-2 4.74269E-2 3.12871E-2 2.97113E-2 4.29162E-2 4.10433E-2 9.77948E-2 1.30098E-2 3.12501E-2
1.78287E-4 4.76798E-2 1.58673E-4 1.13853E-1 1.09471E-1 2.74085E-2 1.4496E-2 3.11882E-2 3.73606E-4 2.69941E-2 4.05256E-2 4.12139E-4 1.30215E-2 9.7218E-3 2.74387E-2 5.58258E-2 1.81082E-2 7.85557E-3 8.17145E-2 2.65229E-4 7.93051E-3 8.77336E-4 8.52295E-3 1.83846E-4 4.56825E-2 3.82593E-2 2.38172E-2 1.36691E-2 2.05312E-2 9.41831E-3 3.68539E-3 1.13423E-2 3.87625E-2 4.42028E-2 1.18216E-2 1.85972E-2 8.72937E-4 2.05822E-2 3.16423E-2 9.31718E-3 2.53405E-4 9.03434E-2 3.39612E-4 9.37717E-2 2.97586E-3 6.52663E-3 1.88772E-3 2.58941E-2 1.3009E-3 9.32701E-2 1.29809E-2 6.1472E-2 2.49355E-2 6.09885E-4 5.03054E-2 4.73636E-2 7.43902E-2 4.59218E-2
8.51327E-3 1.01614E-2 1.17886E-2 1.90556E-4 5.15853E-3 2.56633E-3 1.7162E-3 3.1758E-4 1.83801E-3 4.70385E-2 3.50063E-2 1.20798E-1 1.25881E-1 3.63134E-4 2.97689E-3 8.35828E-2 4.89711E-5 3.23419E-2 2.43922E-2 3.95507E-2 1.70092E-5 7.22193E-3 2.42202E-2 1.00352E-2 3.34542E-3 1.15597E-2 2.36118E-2 5.77538E-2 4.7977E-2 3.38308E-2 1.00211E-1 3.41763E-2 1.54561E-2 4.28168E-2 7.1068E-2 2.00043E-2 8.21243E-4 7.9033E-2 1.34849E-2 3.92231E-2 6.55099E-2 1.8596E-3 5.63466E-3 2.02178E-3 3.81387E-3 9.24595E-2 3.10005E-2 9.8398E-3 4.91166E-3 1.0231E-1 5.48046E-3 5.11666E-3 7.13417E-4 1.6426E-3 9.1327E-2 1.2692E-1 1.21249E-1 5.25884E-2
8.75064E-4 7.0881E-2 7.76262E-2 9.84832E-3 2.04697E-3 3.82324E-3 2.01159E-3 2.99963E-2 9.47349E-2 1.46693E-2 6.67359E-2 3.48119E-2 3.18277E-4 2.14982E-2 4.40925E-4 6.4146E-3 7.11357E-3 5.26183E-2 2.54246E-4 9.32082E-3 4.65082E-3 2.72595E-2 2.45555E-4 2.15804E-3 2.60436E-3 5.62764E-2 5.77851E-2 3.55787E-2 1.89676E-2 5.30189E-2 2.24473E-2 2.23675E-4 1.16441E-3 3.05344E-2 2.14661E-2 4.72604E-3 6.23402E-2 8.86381E-5 4.77439E-2 2.79235E-3 5.2542E-2 4.22461E-3 7.02985E-2 4.477E-2 1.14711E-1 6.83626E-3 1.10287E-1 9.36055E-2 1.03141E-1 3.08343E-2 4.87537E-2 9.46135E-2 1.39265E-1 3.43581E-2 1.69831E-3 3.66528E-2 6.32123E-3 2.38668E-2
4.80811E-2 4.95051E-2 1.54051E-2 3.59507E-2 5.93073E-2 5.37955E-3 3.77429E-2 1.18305E-1 1.35934E-2 4.40013E-2 8.21272E-2 9.67619E-3 7.5985E-2 1.7981E-2 1.53999E-3 4.52656E-4 1.22197E-2 3.63255E-3 1.65567E-4 6.49103E-2 5.91802E-3 5.49371E-3 3.6653E-2 9.29971E-5 7.53731E-2 7.40511E-3 1.01857E-1 1.12386E-2 9.22E-3 1.49895E-2 3.48799E-2 1.44479E-2 1.12493E-1 1.20311E-3 8.47916E-4 5.38099E-2 1.00223E-1 3.61872E-2 2.99438E-2 5.08286E-3 4.74171E-4 2.19033E-2 1.05896E-3 7.01502E-2 3.13478E-3 1.28893E-3 9.17021E-3 9.05369E-2 1.05603E-1 7.40132E-2 3.81522E-2 9.98382E-2 6.87373E-3 4.97054E-2 5.42983E-2 1.03612E-1 9.4931E-3 1.272E-1
1.80113E-3 4.11676E-3 6.58708E-3 2.79682E-2 1.64837E-3 3.50423E-2 5.88606E-2 1.96592E-3 4.43324E-2 2.5337E-2 2.60226E-2 3.1478E-2 4.22556E-2 1.87692E-2 7.73072E-2 3.46217E-4 4.23133E-2 6.02221E-2 4.98347E-3 6.29278E-2 3.73557E-2 1.05838E-4 8.19492E-2 6.50779E-4 9.43484E-2 2.90298E-2 3.65945E-2 3.07619E-2 6.85828E-5 6.44726E-2 3.53442E-2 8.24747E-2 2.08391E-2 1.56835E-2 1.54684E-3 3.78917E-2 4.19944E-3 1.09719E-2 2.52412E-2 6.42785E-2 1.21239E-3 3.0399E-3 4.81667E-4 3.58677E-2 7.22476E-2 4.03545E-2 1.19564E-3 1.82487E-1 7.01791E-3 6.63085E-2 1.92292E-3 1.65043E-1 1.65219E-1 3.50648E-4 2.75683E-2 1.52771E-4 5.23973E-2 1.87035E-3
7.04603E-3 6.38294E-2 5.63508E-2 2.74662E-5 6.29303E-2 1.13445E-2 1.62306E-2 4.7749E-4 6.23383E-3 1.47407E-4 1.15417E-4 5.30575E-2 2.03306E-2 1.7929E-3 3.37787E-2 1.58913E-2 4.07449E-3 4.55941E-2 6.6749E-3 2.82946E-4 9.20905E-4 3.13161E-4 9.48424E-3 7.01243E-2 5.36573E-3 2.54753E-2 5.85382E-3 7.92907E-4 2.58918E-2 2.43488E-2 5.44558E-4 9.54356E-4 8.69036E-3 2.06379E-3 3.37324E-2 9.04829E-2 5.87063E-2 1.71911E-2 2.27311E-3 6.69601E-2 4.93762E-4 3.73721E-3 2.75917E-3 3.89098E-3 6.59141E-2 1.58422E-3 8.52248E-2 7.20389E-2 6.22116E-2 6.76233E-2 9.03427E-2 1.48671E-2 1.18582E-1 1.74231E-1 3.53205E-2 1.56683E-1 1.93629E-2 8.35231E-2
7.28298E-2 4.286E-5 4.25987E-2 1.81931E-4 3.27187E-2 7.48024E-2 1.47664E-2 2.19868E-4 2.13148E-2 3.17886E-4 8.64214E-3 4.3606E-4 2.85086E-4 2.58072E-3 1.63787E-2 9.03407E-2 2.43796E-2 7.0318E-4 1.5566E-3 1.75266E-3 9.04308E-5 5.70082E-3 1.48334E-2 3.16716E-3 1.78709E-2 3.05418E-4 8.86803E-4 8.25722E-2 4.95693E-2 3.71842E-5 1.31131E-3 3.96205E-2 1.3941E-3 1.61344E-3 2.87798E-2 1.92604E-3 5.59309E-4 4.12655E-4 1.71846E-2 2.81467E-4 7.2874E-2 4.90219E-2 5.92918E-2 1.22125E-3 7.9277E-2 9.13166E-3 4.06719E-2 1.39806E-2 2.58645E-3 3.26073E-2 4.2245E-2 3.98768E-2 4.32593E-2 7.82363E-3 1.10034E-2 2.25575E-1 5.90292E-1 1.23114E-1
2.15208E-3 4.32872E-3 3.10732E-2 6.9842E-2 4.35086E-4 2.43698E-2 1.31808E-2 7.67268E-2 8.61092E-2 8.21188E-2 4.32349E-2 9.69714E-3 2.56263E-2 9.00745E-2 2.87362E-2 1.7527E-2 1.71881E-2 5.53933E-2 4.0519E-2 2.84871E-2 5.12644E-3 4.10119E-4 1.95258E-2 6.43627E-2 1.59656E-2 1.50949E-5 1.29963E-2 3.4598E-2 3.22124E-2 3.70877E-2 6.1287E-2 3.7023E-2 8.05248E-2 5.69199E-3 3.22034E-2 9.46657E-2 2.6969E-2 6.21817E-2 5.40235E-3 2.06443E-2 2.0725E-2 3.2715E-2 2.04892E-4 2.19181E-4 4.63744E-5 2.5789E-2 2.01687E-4 6.61101E-2 9.17277E-4 1.62298E-2 2.3584E-2 4.22882E-3 5.70016E-2 1.1394E-1 3.31231E-1 5.25858E-1 2.38574E-1 1.66563E-2
4.9054E-2 2.96517E-3 2.59589E-2 2.40403E-2 9.20146E-3 5.79932E-2 1.19237E-1 5.40352E-2 5.04491E-4 1.39995E-1 1.6504E-2 2.42189E-4 7.69838E-2 3.29198E-3 3.92318E-3 1.79494E-2 9.47424E-3 3.36056E-3 7.75427E-3 2.24933E-3 1.96186E-2 1.64468E-2 2.45149E-3 3.6184E-4 1.50075E-3 3.03287E-2 7.09083E-4 4.89424E-2 1.96679E-3 6.13035E-3 1.58667E-2 3.96567E-4 2.83752E-2 1.89091E-2 1.01739E-2 2.49345E-2 8.97958E-2 7.48003E-2 4.2676E-2 4.19701E-3 2.71379E-2 1.27945E-1 4.24198E-3 4.10072E-3 1.24703E-1 7.30873E-4 6.18402E-3 8.06643E-3 8.17822E-2 3.54606E-2 4.50967E-2 6.11064E-2 3.56033E-2 1.79825E-1 9.77058E-2 4.77724E-1 4.22216E-3 2.08158E-2
3.27668E-2 2.88305E-2 4.34893E-4 5.61005E-2 4.30873E-2 5.49806E-5 2.01458E-2 2.14116E-2 4.46847E-2 6.21173E-2 2.57757E-4 5.7479E-3 3.33447E-2 1.60906E-2 2.13885E-2 4.07877E-4 2.00629E-2 3.30012E-2 2.83768E-2 1.2581E-2 1.05532E-3 6.08587E-4 4.64744E-2 1.69459E-2 4.34533E-2 6.33858E-5 8.44422E-3 7.18281E-4 3.4547E-2 5.18161E-3 4.15182E-2 2.87032E-2 1.08016E-2 1.10045E-2 3.25929E-2 1.14998E-3 1.78705E-2 1.04678E-3 2.34566E-2 4.94802E-5 4.21986E-2 1.79435E-2 4.73415E-3 4.27893E-4 4.40393E-2 1.07677E-1 7.99604E-2 2.00398E-2 4.63172E-2 1.54999E-1 4.85159E-2 1.55382E-1 2.07215E-2 3.25367E-2 4.50941E-2 1.30421E-3 3.94893E-2 1.2721E-1
9.45342E-3 1.11771E-1 1.62832E-3 2.00706E-2 8.88247E-2 3.02834E-2 7.76666E-2 1.98295E-2 4.8962E-3 1.00988E-1 2.34367E-2 6.40583E-3 6.43751E-3 3.75123E-2 1.23792E-2 2.56672E-3 1.97117E-2 4.82138E-3 1.74307E-2 1.51036E-3 2.50197E-3 1.69591E-2 4.73914E-2 8.04088E-4 2.15365E-2 4.23521E-2 1.28642E-2 7.29426E-3 8.29853E-3 3.01738E-2 1.83331E-2 5.54289E-2 4.21837E-2 1.24872E-3 1.98886E-2 2.36186E-2 4.08492E-3 2.836E-2 6.75441E-2 1.74783E-3 6.7623E-3 2.07953E-2 4.85855E-2 1.60609E-2 5.64155E-5 3.9959E-2 4.80834E-2 6.34714E-3 1.0278E-1 4.96086E-2 1.3091E-2 9.01311E-2 9.24443E-2 1.10142E-3 7.24064E-2 6.12606E-3 3.41711E-1 1.17607E-1
8.95137E-3 1.61119E-3 3.24868E-2 8.16791E-3 6.77988E-4 1.12953E-3 8.88448E-2 4.70647E-2 1.06831E-1 1.55832E-4 2.58803E-3 1.50362E-3 1.00533E-3 4.96029E-2 3.68318E-3 2.75225E-2 1.72556E-2 5.60088E-2 2.53735E-2 8.18701E-2 3.66005E-2 1.44093E-2 5.55974E-3 1.02466E-1 8.28175E-2 2.26814E-4 1.33716E-4 4.74402E-2 5.7982E-3 2.28973E-2 3.98786E-2 9.63951E-4 1.82577E-2 6.0093E-3 3.15385E-2 1.34205E-2 7.21617E-4 2.19583E-2 3.68478E-6 1.12988E-2 6.27312E-4 5.08925E-3 6.53246E-4 4.19094E-2 1.33127E-3 7.49184E-3 1.61833E-3 7.85438E-2 6.561E-2 2.8662E-1 1.2329E-1 4.89764E-2 2.30274E-1 4.87365E-2 9.73366E-2 3.97734E-3 1.2448E-1 1.40598E-1
4.63279E-2 2.95745E-4 6.38988E-2 3.18677E-5 1.28903E-3 1.1929E-1 2.70239E-5 1.56849E-2 1.16468E-3 6.21752E-2 1.6656E-2 6.81231E-4 2.17021E-2 7.09101E-4 6.69609E-3 3.50079E-3 5.99525E-3 7.0377E-3 1.05402E-2 8.98127E-3 4.79027E-2 7.14905E-6 7.15884E-3 5.43447E-3 2.46738E-2 3.23389E-4 1.57918E-2 1.01126E-2 2.13566E-2 6.63458E-3 1.09446E-1 1.30013E-2 1.13397E-2 6.03097E-2 9.58104E-2 6.2197E-2 3.71695E-2 1.11554E-2 4.28058E-4 6.5612E-2 1.2251E-3 4.0765E-2 3.23603E-2 2.58143E-3 4.13272E-2 6.11824E-2 2.09772E-3 5.78187E-2 9.11002E-2 1.98015E-2 8.96028E-2 5.90929E-2 1.42576E-2 2.65688E-2 5.30784E-2 2.6895E-2 2.10794E-2 2.3513E-2
5.96763E-3 1.19573E-3 6.7882E-3 4.43281E-2 2.33756E-3 2.35332E-3 7.70223E-5 2.11415E-4 3.02104E-2 7.87613E-3 1.38047E-2 3.17394E-2 1.09035E-1 4.35766E-2 5.20956E-4 5.5578E-3 5.59843E-2 1.41848E-3 2.97348E-2 6.6799E-2 9.28962E-3 1.18409E-1 2.39208E-2 4.53614E-3 4.01909E-3 2.51081E-5 3.32365E-3 5.65317E-4 3.91608E-2 2.78793E-2 9.37906E-3 5.5508E-2 4.93382E-2 1.03651E-2 2.70794E-2 1.10621E-2 3.9168E-2 8.50781E-3 2.95728E-5 6.22744E-4 8.25036E-2 1.94848E-2 1.68711E-2 4.21807E-2 6.73907E-3 1.04711E-1 3.1231E-2 1.54284E-2 3.14334E-2 1.42368E-1 8.6298E-2 3.87831E-2 5.34808E-2 5.4503E-2 1.9116E-2 7.49713E-2 3.00639E-2 8.25765E-2
1.4404E-3 7.59083E-3 1.49258E-5 6.70474E-2 3.72465E-5 9.3847E-3 1.90072E-2 2.6895E-2 2.31096E-3 1.53617E-2 2.09714E-2 8.30909E-2 1.41747E-3 1.13198E-2 5.64202E-2 6.86493E-3 6.43903E-4 4.73316E-4 5.75187E-3 1.77439E-2 6.70933E-2 8.44665E-3 3.96368E-2 1.22552E-1 6.35814E-3 1.50341E-3 1.44103E-2 3.38178E-3 5.88414E-3 4.46344E-2 4.68652E-3 4.90358E-3 4.17768E-2 6.56942E-4 3.02139E-2 3.34274E-2 9.77849E-4 1.87719E-2 2.06957E-2 2.53755E-1 3.92049E-2 5.84308E-2 7.60724E-2 6.22451E-3 4.28483E-2 7.67639E-4 4.7521E-3 1.57681E-1 9.49912E-2 1.25064E-1 2.18612E-2 3.19834E-4 2.56271E-2 1.32427E-1 2.08276E-2 9.32568E-2 1.20935E-1 4.40979E-2
