outputs/pantheraTigris_1.asc
ncols         290
nrows         290
xllcorner     68.0
yllcorner     8.0
cellsize      0.1
NODATA_value  -9999
[rows 234 to 259 of 290, columns 58 to 115 of 290]
5.44799E-1 5.7838E-1 2.80456E-1 3.49813E-1 6.08113E-1 2.45824E-1 3.72584E-1 3.28607E-1 2.01715E-1 4.43731E-1 3.04512E-1 2.09336E-1 3.98868E-1 3.96278E-1 2.13949E-1 2.47101E-1 5.187E-1 3.91804E-1 3.97225E-1 2.48608E-1 2.51507E-1 1.16854E-1 3.75882E-1 7.04152E-1 1.46077E-1 8.06251E-1 3.67071E-1 2.97921E-1 4.40987E-1 4.04328E-1 4.23386E-1 2.77882E-1 4.53276E-1 4.30958E-1 3.83892E-1 1.35066E-1 3.18433E-1 5.71149E-1 8.29453E-1 7.70277E-2 1.84189E-1 1.14339E-1 8.94544E-2 1.80343E-1 3.26117E-1 2.33107E-1 1.66748E-1 4.57573E-1 8.18957E-1 2.05528E-1 6.64826E-1 9.82353E-2 3.51032E-2 6.3655E-2 4.43909E-1 3.15696E-2 4.93839E-2 1.45995E-1
2.25167E-1 2.57979E-1 6.09906E-1 3.22651E-1 3.80533E-1 2.77231E-1 4.64111E-1 2.85637E-1 2.3551E-1 3.87762E-1 3.58869E-1 3.95742E-1 2.53586E-1 5.18029E-1 3.67828E-1 4.62546E-1 1.55423E-1 1.70323E-1 5.35294E-1 4.5728E-1 3.41339E-1 2.90568E-1 2.17849E-1 3.2019E-1 1.9635E-1 2.7521E-1 3.78721E-1 1.48829E-1 2.64606E-1 1.29921E-1 2.01587E-1 4.52251E-1 6.08044E-1 4.37864E-1 5.58889E-2 4.22884E-1 3.52503E-1 3.93675E-1 9.69815E-2 4.74483E-1 2.1396E-1 3.33193E-1 4.3849E-1 4.8965E-1 3.42526E-1 4.24646E-1 6.49744E-1 2.67831E-1 7.15589E-1 1.46573E-1 5.52756E-2 1.43342E-1 4.52572E-2 4.39159E-1 1.04573E-1 8.19764E-2 1.61842E-1 1.20132E-1
2.0538E-1 2.55823E-1 4.57515E-1 3.62051E-1 3.9952E-1 3.97302E-1 4.9671E-1 2.45194E-1 4.54684E-1 4.56968E-1 4.70469E-1 3.56173E-1 5.14615E-1 6.78418E-1 1.76183E-1 8.37552E-2 4.65639E-1 4.56209E-1 4.58931E-1 2.83788E-1 6.81416E-1 1.46982E-1 3.71672E-1 5.63095E-1 7.65586E-1 6.08158E-1 7.33778E-2 1.85521E-1 2.32253E-1 4.6083E-1 6.15361E-2 4.37885E-1 1.49649E-1 4.13847E-1 4.07243E-1 3.88629E-1 3.63316E-1 3.06082E-1 2.19524E-1 2.93019E-1 4.92171E-1 4.67835E-1 3.80695E-1 4.4656E-1 1.3654E-1 4.37555E-1 3.23458E-1 2.43751E-1 6.43276E-2 2.52336E-2 9.41939E-2 7.90914E-1 6.45684E-1 9.1615E-2 1.3492E-1 1.7623E-1 6.40471E-2 3.50753E-1
2.99717E-1 2.56488E-1 4.08935E-1 4.97833E-1 6.25249E-1 1.89701E-1 6.68202E-1 3.11189E-1 1.96412E-1 7.62752E-2 3.88761E-1 6.78317E-1 3.19587E-1 6.26532E-1 2.43096E-1 2.51553E-1 3.77853E-1 2.57875E-1 2.26196E-1 3.12222E-1 4.68687E-1 7.70475E-1 6.46802E-1 2.7294E-1 1.48778E-1 3.44826E-1 1.49051E-1 2.24273E-1 2.85743E-1 1.62938E-1 5.60739E-1 1.6515E-1 2.08393E-1 3.88442E-1 2.66758E-1 2.99973E-1 5.77834E-2 9.07953E-2 2.17037E-1 5.65895E-1 4.60527E-1 2.62439E-1 3.95563E-1 3.22265E-1 2.89395E-1 1.37326E-1 7.23835E-1 1.62486E-1 1.43965E-1 5.06015E-2 6.6824E-1 3.4552E-1 9.30625E-2 5.91442E-2 4.95024E-2 1.08631E-1 3.01225E-2 1.46677E-2
2.07226E-1 2.43422E-1 4.27536E-1 2.04223E-1 3.23262E-1 2.63969E-1 3.04139E-1 3.12158E-1 2.02055E-1 5.07903E-1 3.04478E-1 5.60367E-1 4.29322E-2 2.22177E-1 3.04012E-1 2.13413E-1 4.00166E-2 5.85848E-2 1.40306E-1 1.72758E-1 3.85939E-1 2.40202E-1 3.37092E-1 2.30644E-1 1.26562E-1 2.37809E-1 2.10029E-1 5.80624E-1 2.14888E-1 1.32392E-1 1.09709E-1 7.35935E-1 1.28069E-1 1.53213E-1 7.66561E-2 4.09814E-1 2.02806E-1 1.9191E-1 2.6844E-1 3.80285E-1 7.5691E-2 5.47097E-1 4.22175E-1 7.79939E-1 6.11934E-1 9.34035E-2 3.16328E-1 5.60976E-2 6.2158E-1 2.60686E-1 1.98968E-1 6.87179E-2 1.1043E-1 2.86525E-1 3.68276E-1 1.11401E-1 1.61897E-1 9.85605E-2
4.75747E-1 5.59249E-1 2.26049E-1 3.26912E-1 2.53996E-1 6.84391E-1 3.43813E-1 2.68787E-1 5.38303E-1 1.14577E-1 2.22433E-1 2.52733E-1 4.41039E-1 2.97557E-1 2.63206E-1 1.91601E-1 3.28165E-1 1.91062E-1 6.49841E-2 2.29861E-1 2.07688E-1 4.67934E-1 4.65249E-1 3.45378E-1 2.09876E-1 1.76427E-1 3.68325E-1 5.96068E-1 2.46657E-1 3.38452E-1 2.55262E-1 4.00956E-1 1.83051E-1 1.14029E-1 5.9908E-1 5.92079E-1 9.04127E-2 4.99172E-1 4.395E-1 9.7346E-1 7.81851E-1 7.05565E-1 7.02503E-1 3.79989E-1 7.61778E-1 5.81885E-2 1.08611E-1 6.03337E-1 5.50549E-2 9.12168E-1 1.24317E-1 2.48329E-1 2.7613E-2 1.15348E-1 1.31728E-1 5.97424E-2 6.57844E-3 2.91101E-2
2.04158E-1 1.29693E-1 4.61499E-1 9.98451E-2 2.88741E-1 1.86852E-1 3.40654E-1 3.255E-1 3.65209E-1 3.27903E-1 3.66493E-1 2.36169E-1 3.05848E-1 2.09487E-1 3.00326E-1 3.11694E-1 2.58383E-1 2.24141E-1 1.51386E-1 2.07286E-1 3.54738E-1 1.49538E-1 2.39986E-1 3.38647E-1 2.77918E-1 4.15161E-1 6.41391E-1 2.02621E-1 1.66926E-1 5.26365E-2 2.91945E-1 1.54286E-1 1.30875E-1 1.51544E-1 1.13068E-1 2.98723E-1 3.1102E-1 6.97464E-1 7.56351E-1 3.65589E-1 9.12652E-1 6.3238E-1 5.35486E-1 3.36127E-1 1.01514E-1 1.07012E-1 8.69367E-2 9.79523E-2 1.07146E-1 9.31089E-1 7.78971E-1 1.11733E-1 1.21967E-1 4.97844E-1 4.81254E-1 6.03003E-2 4.24406E-1 6.22704E-2
2.68141E-1 5.69232E-1 3.04096E-1 4.88037E-1 9.00454E-1 6.63463E-1 4.99317E-1 2.11308E-1 1.18634E-1 4.31832E-1 1.63657E-1 1.99162E-1 1.789E-1 1.07046E-1 2.94793E-1 4.39865E-1 2.06272E-1 2.72098E-1 3.16966E-1 2.87684E-1 1.68847E-1 3.22149E-1 5.10312E-1 2.75835E-1 2.1477E-1 2.39842E-1 4.88018E-1 1.59362E-1 8.92151E-2 3.60707E-1 2.58457E-1 1.51205E-1 2.00281E-1 1.84248E-1 5.4362E-2 9.72458E-2 2.77347E-1 1.42074E-1 5.94357E-1 6.7728E-1 7.94674E-1 7.94792E-1 6.73652E-1 5.50101E-1 1.19884E-1 8.99587E-1 8.02374E-1 5.58676E-2 5.33258E-1 2.16902E-2 6.30374E-2 3.53364E-2 6.40224E-2 5.13779E-2 1.923E-1 2.32209E-2 1.12426E-2 8.60827E-2
3.96305E-1 1.90016E-1 6.43914E-1 8.57618E-1 6.67556E-1 4.7339E-1 1.97817E-1 4.69312E-1 2.96757E-1 1.60079E-1 5.63741E-2 2.53995E-1 2.35173E-1 2.39443E-1 1.90785E-1 2.96874E-1 2.10197E-1 2.52512E-1 2.86429E-1 1.84306E-1 1.113E-1 1.93889E-1 5.96716E-1 7.76631E-1 3.40287E-1 4.82636E-1 3.1154E-1 5.95076E-1 3.43019E-1 1.5735E-1 2.00325E-1 3.91093E-1 3.04186E-1 4.33286E-1 5.98245E-1 6.00478E-1 2.44365E-1 1.07239E-1 5.10384E-1 2.71468E-1 3.00744E-1 5.57512E-1 4.40108E-1 6.95967E-1 1.01881E-1 8.15643E-2 7.38672E-1 8.79218E-2 5.33746E-1 6.61445E-1 8.59216E-2 5.75027E-2 4.46882E-1 6.49721E-2 3.07941E-1 1.34205E-2 3.84477E-1 8.48083E-2
2.69311E-1 5.30261E-1 2.43858E-1 2.69294E-1 7.562E-1 2.65945E-1 2.03728E-1 3.27766E-1 4.42274E-1 3.96801E-1 2.18581E-1 2.61685E-1 2.87224E-1 3.08525E-1 2.94811E-1 2.62097E-1 3.64007E-1 1.64451E-1 2.76304E-1 4.03541E-1 1.11497E-1 5.50857E-1 4.78843E-1 5.98738E-1 1.83535E-1 3.10296E-1 4.19363E-1 2.43583E-1 9.06911E-2 1.8789E-1 5.79836E-1 7.55982E-1 4.06301E-1 7.03602E-1 7.19035E-1 8.47276E-1 8.42112E-1 1.14127E-1 1.57367E-1 4.19685E-1 6.02803E-1 4.88865E-1 8.23218E-1 1.41522E-1 7.3753E-1 8.24219E-1 9.03863E-1 2.29013E-1 8.88213E-2 6.72536E-1 5.22757E-2 8.46218E-1 2.75298E-2 7.96638E-1 4.79197E-2 7.95324E-1 4.80412E-2 1.71645E-2
2.15678E-1 2.44192E-1 4.8003E-1 1.98739E-1 2.18635E-1 5.47364E-1 3.06631E-1 1.92393E-1 4.29049E-1 1.84635E-1 2.70325E-1 1.85301E-1 2.49838E-1 1.94491E-1 2.5658E-1 2.22753E-1 4.33618E-1 6.02424E-1 6.7278E-1 3.79129E-1 4.2406E-1 6.10677E-1 4.75825E-1 2.00921E-1 2.46955E-1 2.93864E-2 5.71068E-2 5.21578E-1 5.68279E-1 3.74127E-1 1.73394E-1 6.08209E-1 7.41118E-1 5.85223E-1 5.71096E-1 3.52706E-1 8.5962E-1 8.15902E-1 8.85206E-2 8.78575E-1 8.70725E-1 7.01563E-1 6.89668E-1 8.63802E-1 4.24821E-2 6.99952E-1 3.48158E-1 6.58827E-2 7.50028E-2 7.34852E-2 2.32763E-2 4.80127E-1 2.56863E-2 7.12207E-2 1.11658E-2 4.17797E-2 7.51421E-2 1.68398E-1
2.94463E-1 3.02711E-1 4.13286E-1 3.71303E-1 1.87798E-1 6.06309E-1 3.06858E-1 5.7017E-1 3.43499E-1 1.06884E-1 2.59693E-1 2.41498E-1 2.11717E-1 4.17032E-1 3.26891E-1 4.97542E-1 6.87218E-1 5.31759E-1 3.93452E-1 1.53694E-1 6.34546E-1 7.28561E-1 1.55586E-1 3.30551E-1 2.9136E-1 3.17944E-2 2.62672E-1 5.61227E-1 1.80706E-1 7.89068E-1 8.08461E-1 9.99214E-1 8.70258E-1 8.81389E-1 2.71003E-1 9.48284E-1 9.44329E-1 8.14486E-1 5.39179E-2 8.29977E-1 6.18211E-1 6.73499E-1 5.73228E-1 3.45606E-1 7.26542E-1 5.42883E-2 7.844E-1 7.87713E-1 6.38803E-1 6.87548E-2 1.02606E-2 1.85909E-2 3.22351E-2 3.60229E-1 5.40825E-1 4.7969E-2 2.8813E-2 3.20013E-2
1.80654E-1 5.08019E-1 2.76213E-1 6.69239E-1 4.08693E-1 5.38911E-1 4.66695E-1 1.70235E-1 3.10806E-1 2.12237E-1 5.01392E-1 5.78194E-1 6.14816E-1 3.61091E-1 2.97877E-1 3.82298E-1 3.50957E-1 7.67251E-1 3.29497E-1 7.11361E-1 5.06488E-1 5.06268E-1 2.84873E-1 2.43898E-1 1.85453E-1 1.67209E-1 1.47488E-1 2.99048E-1 1.88165E-1 3.28877E-1 9.05643E-1 4.87261E-1 4.74897E-1 8.71826E-1 8.41978E-1 1.22026E-1 8.49727E-1 8.88759E-1 1.81235E-1 8.73035E-1 1.65509E-1 6.2386E-1 7.64518E-1 7.30525E-1 1.4466E-2 7.77287E-1 2.17537E-1 8.28396E-1 7.47511E-1 9.1363E-2 4.26197E-1 2.52221E-1 7.1022E-2 4.2268E-2 4.45156E-2 2.53402E-1 7.1392E-2 3.7809E-2
5.34846E-1 1.90362E-1 3.65851E-1 3.76374E-1 3.72364E-1 2.34977E-1 2.50225E-1 3.39486E-1 3.39076E-1 3.5739E-1 5.62891E-1 3.21983E-1 3.06366E-1 7.73412E-1 5.65479E-1 4.15432E-1 4.80839E-1 5.41962E-1 3.73148E-1 1.49276E-1 1.64975E-1 4.36188E-1 9.41005E-2 6.72953E-1 2.24944E-1 2.19278E-1 3.93389E-1 3.32447E-1 9.13172E-1 2.13809E-1 2.91627E-1 9.59583E-1 9.83105E-1 3.33019E-1 8.16999E-2 2.84287E-1 4.81148E-2 8.26779E-1 9.54961E-1 8.76493E-1 8.02138E-1 6.88751E-2 6.42354E-2 6.31021E-1 7.49256E-1 2.75639E-2 7.97083E-2 1.96144E-1 1.51753E-1 2.77296E-1 6.06765E-1 6.08109E-1 1.41714E-1 3.44686E-2 5.9718E-2 2.46165E-2 2.49409E-2 3.94649E-2
3.06149E-1 2.72772E-1 2.41098E-1 5.9179E-1 3.39452E-1 2.59592E-1 1.74564E-1 3.83008E-1 4.30549E-1 3.04173E-1 1.47264E-1 1.78244E-1 3.13097E-1 3.42981E-1 4.51339E-1 5.45748E-1 5.49342E-1 2.51113E-1 4.84889E-1 2.20978E-1 1.84617E-1 1.58746E-1 2.73308E-2 8.21941E-1 4.29195E-1 2.98026E-1 5.04842E-1 1.32951E-1 3.15161E-1 4.38262E-1 3.00281E-1 2.7597E-1 9.01694E-1 6.30199E-1 7.12045E-1 1.20628E-1 1.08135E-1 1.02199E-1 4.11316E-1 5.28063E-1 5.18149E-2 2.47339E-2 6.50691E-1 2.25292E-1 7.65924E-2 2.98727E-1 7.87427E-2 2.45381E-1 2.47855E-1 3.2744E-1 2.41738E-2 1.11372E-1 5.34954E-1 3.92332E-2 3.98015E-2 3.03719E-2 5.70314E-2 8.7029E-3
1.9783E-1 1.91636E-1 2.71272E-1 1.50062E-1 2.00997E-1 3.88292E-1 3.39562E-1 5.84489E-1 1.40596E-1 2.12263E-1 3.01575E-1 3.96097E-1 2.1948E-1 3.93303E-1 4.62566E-1 5.58881E-1 3.33563E-1 3.87402E-1 1.54026E-1 1.78116E-1 2.2768E-1 4.60228E-1 1.64241E-1 5.91054E-1 2.93926E-1 3.64017E-1 3.29284E-1 4.473E-1 6.13125E-1 9.98516E-1 1.94693E-1 1.76744E-1 3.9708E-1 2.13983E-1 5.521E-1 6.96929E-1 7.82315E-1 7.12983E-1 4.56335E-2 1.0101E-1 4.85554E-2 2.5736E-1 7.29913E-1 2.1898E-1 3.52978E-1 1.18552E-1 2.39578E-1 1.99053E-2 7.82583E-1 1.34366E-2 5.11018E-2 1.23946E-1 3.91184E-1 2.8654E-2 5.42896E-2 6.75481E-2 4.09056E-2 1.10978E-1
4.17751E-1 1.81348E-1 3.05949E-1 2.79306E-1 2.57225E-1 2.14405E-1 4.27701E-1 2.3275E-1 7.0117E-1 1.42823E-1 1.33443E-1 5.10352E-1 4.03854E-1 1.91884E-1 8.28135E-1 1.03998E-1 5.28354E-1 7.10384E-1 9.12675E-2 3.25227E-2 3.0119E-1 4.21182E-1 3.4063E-1 1.68492E-1 2.6584E-1 3.3681E-1 2.19859E-1 4.01451E-1 3.01734E-1 6.96908E-1 3.64819E-1 4.41032E-1 3.41957E-1 2.42563E-1 4.62174E-2 8.55418E-1 6.73901E-1 2.98555E-2 6.49501E-1 2.91878E-1 3.20443E-1 7.70113E-1 3.55235E-2 3.01274E-2 4.0221E-2 7.47315E-1 1.23949E-1 3.40726E-1 5.66293E-1 1.05216E-1 1.06858E-1 7.59935E-2 3.412E-2 6.17016E-2 3.48563E-2 1.80779E-1 9.1039E-2 1.14512E-1
1.12835E-1 6.18958E-1 5.06632E-1 6.74138E-1 2.68839E-1 5.82393E-1 1.90418E-1 2.29587E-1 1.23964E-1 4.71967E-1 6.35848E-1 4.46915E-1 1.38335E-1 4.11902E-1 1.65357E-1 5.76438E-1 7.49981E-2 3.70659E-2 1.50966E-1 8.11301E-1 2.57153E-1 7.23383E-1 2.20751E-1 1.12656E-1 3.44115E-1 5.47614E-1 9.99264E-1 9.46785E-1 7.56156E-1 9.85716E-1 9.99657E-1 7.37283E-1 1.69973E-1 8.76062E-1 8.65447E-1 7.78327E-1 8.61125E-1 4.71816E-2 5.14587E-1 3.55573E-2 7.3112E-1 3.66603E-1 4.92183E-2 4.91642E-2 7.18914E-2 2.88398E-2 3.25101E-1 3.26304E-1 1.01633E-1 4.74875E-1 1.36824E-1 1.46274E-1 9.08085E-2 7.57937E-2 7.26823E-3 5.26243E-2 1.1846E-1 5.67021E-1
2.03379E-1 3.44154E-1 5.89133E-1 4.91657E-1 4.26422E-1 1.81038E-1 1.61509E-1 2.22284E-1 4.63231E-1 3.80487E-1 2.70513E-1 1.85419E-1 1.40627E-1 4.1502E-1 4.23301E-1 3.59945E-1 6.24633E-1 1.49326E-1 1.39352E-1 2.736E-1 2.84838E-1 2.63455E-1 3.15368E-1 3.55606E-1 2.50868E-1 8.45305E-1 7.16147E-1 7.91602E-1 9.9004E-1 1.41074E-1 8.89092E-1 8.52251E-1 7.8489E-1 8.02082E-1 1.39675E-1 1.05498E-1 3.80622E-1 6.95502E-1 7.76015E-1 7.93955E-2 6.92204E-1 6.28645E-1 7.90689E-1 8.49332E-1 4.89681E-2 4.72044E-2 4.11888E-1 2.7801E-2 2.30105E-1 3.56915E-1 4.81456E-1 6.82107E-2 7.10724E-1 5.51035E-2 4.60139E-1 3.54006E-2 7.48597E-2 1.46137E-2
3.36945E-1 5.39903E-1 3.89551E-1 4.90395E-1 2.22553E-1 2.56374E-1 2.86774E-1 4.42933E-1 4.27541E-1 5.21933E-1 2.73631E-1 2.29343E-1 2.00251E-1 3.93171E-1 1.52763E-1 4.08007E-1 2.46898E-1 2.76179E-1 1.60866E-1 9.14951E-1 3.85725E-1 2.56902E-1 2.11423E-1 6.83903E-2 3.1418E-1 2.00611E-1 8.3077E-1 8.9523E-1 1.20951E-1 9.42066E-1 4.27498E-1 7.61617E-1 5.36087E-2 1.62844E-1 1.15397E-1 4.24647E-1 3.57608E-1 6.18439E-2 4.4389E-1 1.21971E-1 3.49909E-2 3.26554E-2 4.62378E-1 2.51484E-1 2.65646E-1 2.40107E-2 7.05919E-1 3.20142E-2 5.44811E-2 2.61296E-1 3.19237E-2 5.53343E-2 6.58044E-2 3.42298E-2 6.63363E-2 3.87167E-2 9.32897E-3 4.26244E-1
6.38011E-1 3.28941E-1 5.37061E-1 3.21361E-1 4.09182E-1 2.64357E-1 3.54366E-1 2.56857E-1 1.9547E-1 1.68221E-1 1.5847E-1 4.73695E-1 1.15861E-1 5.82158E-1 2.84652E-1 3.12219E-1 7.26431E-1 2.5247E-1 6.573E-1 3.54867E-1 2.5189E-1 1.52764E-1 3.47885E-1 4.41657E-1 7.49384E-1 2.72667E-1 9.68965E-1 9.45073E-1 1.44258E-1 5.40565E-1 2.12824E-1 6.74492E-1 5.38957E-1 6.81283E-1 6.18779E-1 3.23609E-2 5.29738E-1 1.40985E-1 7.06801E-2 1.33418E-2 6.99728E-2 7.61993E-1 7.64019E-2 2.9232E-1 5.14059E-2 1.78703E-1 5.92702E-2 8.85234E-2 2.33244E-1 5.2216E-2 8.69419E-2 6.30243E-2 4.15721E-2 4.83281E-2 8.46344E-2 1.46596E-2 1.15155E-2 3.92033E-2
1.59586E-1 4.72683E-1 5.24592E-1 1.88822E-1 3.15431E-1 3.38624E-1 3.53542E-1 1.41373E-1 4.71144E-1 1.22429E-1 2.32956E-1 1.44163E-1 4.33667E-1 1.73721E-1 2.91705E-2 2.9071E-1 2.94349E-1 3.82638E-2 1.4138E-1 5.20255E-1 6.3691E-1 5.78029E-2 6.68055E-1 3.64613E-1 3.19817E-1 4.13182E-1 8.23539E-2 1.99653E-1 8.95978E-1 5.14183E-2 4.70944E-2 5.43971E-1 1.04432E-1 8.61846E-2 8.10842E-1 5.6996E-2 5.87263E-2 8.4207E-1 5.8956E-1 2.65037E-2 7.06105E-1 2.13385E-1 1.59313E-2 4.66611E-1 3.02536E-2 7.13911E-1 2.24293E-1 5.26372E-2 6.87236E-2 5.90536E-1 2.24916E-1 5.95901E-2 8.88807E-2 6.17845E-2 1.24786E-1 2.46316E-2 1.81667E-2 3.55385E-1
4.51658E-1 1.42565E-1 3.95674E-1 1.04139E-1 2.37053E-1 1.57659E-1 2.30418E-1 1.68987E-1 2.69167E-2 9.59853E-1 4.38127E-2 2.91359E-1 5.75417E-1 1.92684E-1 3.82605E-1 3.79107E-1 2.87173E-1 2.80854E-1 2.03673E-1 2.08344E-1 9.49896E-1 2.77096E-1 1.37852E-1 8.30719E-1 6.35563E-1 3.09061E-1 6.23057E-1 5.77014E-1 9.45365E-2 2.59263E-1 7.05229E-1 8.71487E-2 3.41599E-1 3.7635E-1 7.0216E-1 1.23787E-1 3.54095E-2 4.12912E-2 2.09092E-1 2.9795E-1 2.58507E-1 3.58927E-2 4.59454E-2 5.32201E-1 1.09334E-1 2.05553E-2 3.09375E-1 1.04199E-1 1.48011E-1 4.16301E-1 9.63122E-2 5.97358E-2 5.25958E-2 6.17281E-2 7.75985E-2 7.03609E-2 4.72545E-2 2.70816E-2
2.22341E-1 1.57394E-1 1.12663E-1 3.11481E-1 2.64987E-1 6.41409E-1 2.41628E-1 4.13005E-2 4.16267E-1 2.05766E-1 8.68566E-1 4.53781E-1 1.67631E-1 3.74996E-1 3.95819E-1 3.41944E-1 9.14028E-1 5.49109E-1 7.78393E-1 1.04422E-1 4.18287E-1 1.26842E-1 3.04205E-1 2.6664E-1 7.92053E-1 4.82297E-1 1.6934E-1 7.61555E-1 6.54981E-2 4.68133E-1 7.72319E-1 5.12385E-1 1.11604E-1 6.88885E-1 4.39704E-1 9.22725E-2 5.70062E-1 9.70481E-2 1.87511E-1 3.77233E-2 2.58247E-2 1.08091E-1 4.80736E-1 3.13328E-2 4.30491E-1 5.73927E-1 3.2066E-2 4.41641E-2 4.41814E-1 6.35218E-1 2.91426E-1 4.97626E-2 2.96517E-2 6.973E-2 1.32322E-1 8.57551E-2 1.5535E-2 9.21458E-2
2.63855E-1 2.62475E-1 3.09492E-1 1.05448E-1 5.22764E-1 2.5198E-1 3.0977E-1 3.49668E-1 2.74562E-1 4.12101E-1 8.28391E-1 8.3887E-1 3.30362E-1 2.42694E-1 3.53182E-1 1.98984E-1 6.2637E-1 2.91739E-1 9.56622E-1 8.54545E-1 3.25077E-1 7.75304E-1 7.00744E-1 3.86998E-1 5.71031E-1 2.19804E-1 1.874E-1 4.05745E-1 1.64452E-1 2.97097E-2 1.1895E-1 3.83545E-1 6.01116E-1 3.72868E-1 1.23932E-1 7.92041E-2 5.21288E-2 2.40672E-2 4.69466E-1 2.80525E-2 1.25643E-1 1.43937E-1 3.18001E-2 4.52509E-1 3.99492E-1 8.06299E-1 5.16401E-2 5.42818E-2 7.43171E-2 5.09679E-1 7.18079E-1 4.79043E-1 1.56343E-2 3.19095E-2 2.81465E-2 6.26453E-2 2.80624E-2 6.02299E-2
4.97415E-1 5.37656E-2 9.16615E-2 2.0374E-1 4.23295E-1 6.40981E-2 2.0227E-1 7.45576E-2 3.63117E-1 4.17017E-1 4.39607E-1 2.47863E-1 3.80477E-1 6.1936E-1 3.34412E-1 6.47723E-2 4.42696E-1 2.99738E-1 2.64023E-1 4.10486E-1 2.93617E-1 9.13263E-2 4.57939E-1 1.84469E-1 3.43346E-1 8.81799E-2 6.8163E-1 3.1295E-1 1.5585E-1 1.619E-1 1.02214E-1 5.35042E-2 1.98948E-1 4.25765E-2 7.84549E-2 8.47512E-2 3.38349E-1 4.75388E-2 3.11913E-2 2.91428E-1 7.96277E-2 1.07919E-1 3.09947E-2 2.84868E-2 8.46492E-1 6.89284E-2 6.94431E-1 7.51441E-1 3.67052E-2 7.55277E-2 4.42304E-2 1.77151E-1 7.48211E-1 8.37629E-2 3.00733E-2 4.57947E-2 9.47692E-2 1.62149E-1
